Structure Index	PDB Index	Sequence Index
0	21	29
1	22	30
2	23	31
3	24	32
4	25	33
5	26	34
6	27	35
7	28	36
8	29	37
9	30	38
10	31	39
11	32	40
12	33	41
13	34	42
14	35	43
15	36	44
16	37	45
17	38	46
18	39	47
19	40	48
20	41	49
21	42	50
22	43	51
23	44	52
24	45	53
25	46	54
26	47	55
27	48	56
28	49	57
29	50	58
30	51	59
31	52	60
32	53	61
33	54	62
34	55	63
35	56	64
36	57	65
37	58	66
38	59	67
39	60	68
40	61	69
41	62	70
42	63	71
43	64	72
44	65	73
45	66	74
46	67	75
47	68	76
48	69	77
49	70	78
50	71	79
51	72	80
52	73	81
53	74	82
54	75	83
55	76	84
56	77	85
57	78	86
58	79	87
59	80	88
60	81	89
61	82	90
62	83	91
63	84	92
64	85	93
65	86	94
66	87	95
67	88	96
68	89	97
69	90	98
70	91	99
71	92	100
72	93	101
73	94	102
74	95	103
75	96	104
76	97	105
77	98	106
78	99	107
79	100	108
80	101	109
81	102	110
82	103	111
83	104	112
84	105	113
85	106	114
86	107	115
87	108	116
88	109	117
89	110	118
90	111	119
91	112	120
92	113	121
93	114	122
94	115	123
95	116	124
96	117	125
97	118	126
98	119	127
99	120	128
100	121	129
101	122	130
102	123	131
103	124	132
104	125	133
105	126	134
106	127	135
107	128	136
108	129	137
109	130	138
110	131	139
111	132	140
112	133	141
113	134	142
114	135	143
115	136	144
116	137	145
117	138	146
118	139	147
119	140	148
120	141	149
121	142	150
122	143	151
123	144	152
124	145	153
125	146	154
126	147	155
127	148	156
128	149	157
129	150	158
130	151	159
131	152	160
132	153	161
133	154	162
134	155	163
135	156	164
136	157	165
137	158	166
138	159	167
139	160	168
140	161	169
141	162	170
142	163	171
143	164	172
144	165	173
145	166	174
146	167	175
147	168	176
148	169	177
149	170	178
150	171	179
151	172	180
152	173	181
153	174	182
154	175	183
155	176	184
156	177	185
157	178	186
158	179	187
159	180	188
160	181	189
161	182	190
162	183	191
163	184	192
164	185	193
165	186	194
166	187	195
167	188	196
168	189	197
169	190	198
170	191	199
171	192	200
172	193	201
173	194	202
174	195	203
175	196	204
176	197	205
177	198	206
178	199	207
179	200	208
180	201	209
181	202	210
182	203	211
183	204	212
184	205	213
185	206	214
186	207	215
187	208	216
188	209	217
189	210	218
190	211	219
191	212	220
192	213	221
193	214	222
194	215	223
195	216	224
196	217	225
197	218	226
198	219	227
199	220	228
200	221	229
201	222	230
202	223	231
203	224	232
204	225	233
205	226	234
206	227	235
207	228	236
208	229	237
209	230	238
210	231	239
211	232	240
212	233	241
213	234	242
214	235	243
215	236	244
216	237	245
217	238	246
218	239	247
219	240	248
220	241	249
221	242	250
222	243	251
223	244	252
224	245	253
225	246	254
226	247	255
227	248	256
228	249	257
229	250	258
230	251	259
231	252	260
232	253	261
233	254	262
234	255	263
235	256	264
236	257	265
237	258	266
238	259	267
239	260	268
240	261	269
241	262	270
242	263	271
243	264	272
244	265	273
245	266	274
246	267	275
247	268	276
248	269	277
249	270	278
250	271	279
251	272	280
252	273	281
253	274	282
254	275	283
255	276	284
256	277	285
257	278	286
258	279	287
259	280	288
260	281	289
261	282	290
262	283	291
263	284	292
264	285	293
265	286	294
266	287	295
267	288	296
268	289	297
269	290	298
270	291	299
271	292	300
272	293	301
273	294	302
274	295	303
275	296	304
276	297	305
277	298	306
278	299	307
279	300	308
280	301	309
281	302	310
282	303	311
283	304	312
284	305	313
285	306	314
286	307	315
287	308	316
288	309	317
289	310	318
290	311	319
291	312	320
292	313	321
293	314	322
294	315	323
295	316	324
296	317	325
297	318	326
298	319	327
299	320	328
300	321	329
301	322	330
302	323	331
303	324	332
304	325	333
305	326	334
306	327	335
307	328	336
308	329	337
309	330	338
310	331	339
311	332	340
312	333	341
313	334	342
314	335	343
315	336	344
316	337	345
317	338	346
318	339	347
319	340	348
320	341	349
321	342	350
322	343	351
323	344	352
324	345	353
325	346	354
326	347	355
327	348	356
328	349	357
329	350	358
330	351	359
331	352	360
332	353	361
333	354	362
334	355	363
335	356	364
336	357	365
337	358	366
338	359	367
339	360	368
340	361	369
341	362	370
342	363	371
343	364	372
344	365	373
345	366	374
346	367	375
347	368	376
348	369	377
349	370	378
350	371	379
351	372	380
352	373	381
353	374	382
354	375	383
355	376	384
356	377	385
357	378	386
358	379	387
359	380	388
360	381	389
361	382	390
362	383	391
363	384	392
364	385	393
365	386	394
366	387	395
367	388	396
368	389	397
369	390	398
370	391	399
371	392	400
372	393	401
373	394	402
374	395	403
375	396	404
376	397	405
377	398	406
378	399	407
379	400	408
380	401	409
381	402	410
382	403	411
383	404	412
384	405	413
385	406	414
386	407	415
387	408	416
388	409	417
389	410	418
390	411	419
391	412	420
392	413	421
393	414	422
394	415	423
395	416	424
396	417	425
397	418	426
398	419	427
399	420	428
400	421	429
401	422	430
402	423	431
403	424	432
404	425	433
405	426	434
406	427	435
407	428	436
408	429	437
409	430	438
410	431	439
411	432	440
412	433	441
413	434	442
414	435	443
415	436	444
416	437	445
417	438	446
418	439	447
419	440	448
420	441	449
421	442	450
422	443	451
423	444	452
424	445	453
425	446	454
426	447	455
427	448	456
428	449	457
429	450	458
430	451	459
431	452	460
432	453	461
433	454	462
434	455	463
435	456	464
436	457	465
437	458	466
438	459	467
439	460	468
440	461	469
441	462	470
442	463	471
443	464	472
444	465	473
445	466	474
446	467	475
447	468	476
448	469	477
449	470	478
450	471	479
451	472	480
452	473	481
453	474	482
454	475	483
455	476	484
456	477	485
457	478	486
458	479	487
459	480	488
460	481	489
461	482	490
462	483	491
463	484	492
464	485	493
465	486	494
466	487	495
467	488	496
468	489	497
469	490	498
470	491	499
471	492	500
472	493	501
473	494	502
474	495	503
475	496	504
476	497	505
477	498	506
478	499	507
479	500	508
480	501	509
481	502	510
482	503	511
483	504	512
484	505	513
485	506	514
486	507	515
487	508	516
488	509	517
489	510	518
490	511	519
491	512	520
492	513	521
493	514	522
494	515	523
495	516	524
496	517	525
497	518	526
498	519	527
499	520	528
500	521	529
501	522	530
502	523	531
503	524	532
504	525	533
505	526	534
506	527	535
507	528	536
508	529	537
509	530	538
510	531	539
511	532	540
512	533	541
513	534	542
514	535	543
515	536	544
516	537	545
517	538	546
518	539	547
519	540	548
520	541	549
521	542	550
522	543	551
523	544	552
524	545	553
525	546	554
526	547	555
527	548	556
528	549	557
529	550	558
530	551	559
531	552	560
532	553	561
533	554	562
534	555	563
535	556	564
536	557	565
537	558	566
538	559	567
539	560	568
540	561	569
541	562	570
542	563	571
543	564	572
544	565	573
545	566	574
546	567	575
547	568	576
548	569	577
549	570	578
550	571	579
551	572	580
552	573	581
553	574	582
554	575	583
555	576	584
556	577	585
557	578	586
558	579	587
559	580	588
560	581	589
561	582	590
562	583	591
563	584	592
564	585	593
565	586	594
566	587	595
567	588	596
568	589	597
569	590	598
570	591	599
571	592	600
572	593	601
573	594	602
574	595	603
575	596	604
576	597	605
577	598	606
578	599	607
579	600	608
580	601	609
581	602	610
582	603	611
583	604	612
584	605	613
585	606	614
586	607	615
587	608	616
588	609	617
589	610	618
590	611	619
591	612	620
592	613	621
593	614	622
594	615	623
595	616	624
596	617	625
597	618	626
598	619	627
599	620	628
600	621	629
601	622	630
602	623	631
603	624	632
604	625	633
605	626	634
606	627	635
607	628	636
608	629	637
609	630	638
610	631	639
611	632	640
612	633	641
613	634	642
614	635	643
615	636	644
616	637	645
617	638	646
618	639	647
619	640	648
620	641	649
621	642	650
622	643	651
623	644	652
624	645	653
625	646	654
626	647	655
627	648	656
628	649	657
629	650	658
630	651	659
631	652	660
632	653	661
633	654	662
634	655	663
635	656	664
636	657	665
637	658	666
638	659	667
639	660	668
640	661	669
641	662	670
642	663	671
643	664	672
644	665	673
645	666	674
646	667	675
647	668	676
648	669	677
649	670	678
650	671	679
651	672	680
652	673	681
653	674	682
654	675	683
655	676	684
656	677	685
657	678	686
658	679	687
659	680	688
660	681	689
661	682	690
662	683	691
663	684	692
664	685	693
665	686	694
666	687	695
667	688	696
668	689	697
669	690	698
670	691	699
671	692	700
672	693	701
673	694	702
674	695	703
675	696	704
676	697	705
677	698	706
678	699	707
679	700	708
680	701	709
681	702	710
682	703	711
683	704	712
684	705	713
685	706	714
686	707	715
687	708	716
688	709	717
689	710	718
690	711	719
691	712	720
692	713	721
693	714	722
694	715	723
695	716	724
696	717	725
697	718	726
698	719	727
699	720	728
700	721	729
701	722	730
702	723	731
703	724	732
704	725	733
705	726	734
706	727	735
707	728	736
708	729	737
709	730	738
710	731	739
711	732	740
712	733	741
713	734	742
714	735	743
715	736	744
716	737	745
717	738	746
718	739	747
719	740	748
720	741	749
721	742	750
722	743	751
723	744	752
724	745	753
725	746	754
726	747	755
727	748	756
728	749	757
729	750	758
730	751	759
731	752	760
732	753	761
733	754	762
734	755	763
735	756	764
736	757	765
737	758	766
738	759	767
739	760	768
740	761	769
741	762	770
742	763	771
743	764	772
744	765	773
745	766	774
746	767	775
747	768	776
