Structure Index	PDB Index	Sequence Index
0	336	17
1	337	18
2	338	19
3	339	20
4	340	21
5	341	22
6	342	23
7	343	24
8	344	25
9	345	26
10	346	27
11	347	28
12	348	29
13	349	30
14	350	31
15	351	32
16	352	33
17	353	34
18	354	35
19	355	36
20	356	37
21	357	38
22	358	39
23	359	40
24	360	41
25	361	42
26	362	43
27	363	44
28	364	45
29	365	46
30	366	47
31	367	48
32	368	49
33	369	50
34	370	51
35	371	52
36	372	53
37	373	54
38	374	55
39	375	56
40	376	57
41	377	58
42	378	59
43	379	60
44	380	61
45	381	62
46	382	63
47	383	64
48	384	65
49	385	66
50	386	67
51	387	68
52	388	69
53	389	70
54	390	71
55	391	72
56	392	73
57	393	74
58	394	75
59	395	76
60	396	77
61	397	78
62	398	79
63	399	80
64	400	81
65	401	82
66	402	83
67	403	84
68	404	85
69	405	86
70	406	87
71	407	88
72	408	89
73	409	90
74	410	91
75	411	92
76	412	93
77	413	94
78	414	95
79	415	96
80	416	97
81	417	98
82	418	99
83	419	100
84	420	101
85	421	102
86	422	103
87	423	104
88	424	105
89	425	106
90	426	107
91	427	108
92	428	109
93	429	110
94	430	111
95	431	112
96	432	113
97	433	114
98	434	115
99	435	116
100	436	117
101	437	118
102	438	119
103	439	120
104	440	121
105	441	122
106	442	123
107	443	124
108	444	125
109	445	126
110	446	127
111	447	128
112	448	129
113	449	130
114	450	131
115	451	132
116	452	133
117	453	134
118	454	135
119	455	136
120	456	137
121	457	138
122	458	139
123	459	140
124	460	141
125	461	142
126	462	143
127	463	144
128	464	145
129	465	146
130	466	147
131	467	148
132	468	149
133	469	150
134	470	151
135	471	152
136	472	153
137	473	154
138	474	155
139	475	156
140	476	157
141	477	158
142	478	159
143	479	160
144	480	161
145	481	162
146	482	163
147	483	164
148	484	165
149	485	166
150	486	167
151	487	168
152	488	169
153	489	170
154	490	171
155	491	172
156	492	173
157	493	174
158	494	175
159	495	176
160	496	177
161	497	178
162	498	179
163	499	180
164	500	181
165	501	182
166	502	183
167	503	184
168	504	185
169	505	186
170	506	187
171	507	188
172	508	189
173	509	190
174	510	191
175	511	192
176	512	193
177	513	194
178	514	195
179	515	196
180	516	197
181	517	198
182	518	199
