Structure Index	PDB Index	Sequence Index
0	49	9
1	50	10
2	51	11
3	52	12
4	53	13
5	54	14
6	55	15
7	56	16
8	57	17
9	58	18
10	59	19
11	60	20
12	61	21
13	62	22
14	63	23
15	64	24
16	65	25
17	66	26
18	67	27
19	68	28
20	69	29
21	70	30
22	71	31
23	72	32
24	73	33
25	74	34
26	75	35
27	76	36
28	77	37
29	78	38
30	79	39
31	80	40
32	81	41
33	82	42
34	83	43
35	84	44
36	85	45
37	86	46
38	87	47
39	88	48
40	89	49
41	90	50
42	91	51
43	92	52
44	93	53
45	94	54
46	95	55
47	96	56
48	102	62
49	103	63
50	104	64
51	105	65
52	106	66
53	107	67
54	108	68
55	109	69
56	110	70
57	111	71
58	112	72
59	113	73
60	114	74
61	115	75
62	116	76
63	117	77
64	118	78
65	119	79
66	120	80
67	121	81
68	122	82
69	123	83
70	124	84
71	125	85
72	126	86
73	127	87
74	128	88
75	129	89
76	130	90
77	131	91
78	132	92
79	133	93
80	134	94
81	135	95
82	136	96
83	137	97
84	138	98
85	139	99
86	140	100
87	141	101
88	142	102
89	143	103
90	144	104
91	145	105
92	146	106
93	147	107
94	148	108
95	149	109
96	150	110
97	151	111
98	152	112
99	153	113
100	154	114
101	155	115
102	156	116
103	157	117
104	158	118
105	159	119
106	160	120
107	161	121
108	162	122
109	163	123
110	164	124
111	165	125
112	166	126
113	167	127
114	168	128
115	169	129
116	170	130
117	171	131
118	172	132
119	173	133
120	174	134
