Structure Index	PDB Index	Sequence Index
0	78	77
1	79	78
2	80	79
3	81	80
4	82	81
5	83	82
6	84	83
7	85	84
8	86	85
9	87	86
10	88	87
11	89	88
12	90	89
13	91	90
14	92	91
15	93	92
16	94	93
17	95	94
18	96	95
19	97	96
20	98	97
21	99	98
22	100	99
23	101	100
24	102	101
25	103	102
26	104	103
27	105	104
28	106	105
29	107	106
30	108	107
31	109	108
32	110	109
33	111	110
34	112	111
35	113	112
36	114	113
37	115	114
38	116	115
39	117	116
40	118	117
41	119	118
42	120	119
43	121	120
44	122	121
45	123	122
46	124	123
47	125	124
48	126	125
49	127	126
50	128	127
51	129	128
52	130	129
53	131	130
54	132	131
55	133	132
56	134	133
57	135	134
58	136	135
59	137	136
60	138	137
61	139	138
62	140	139
63	141	140
64	142	141
65	143	142
66	144	143
67	146	145
68	147	146
69	148	147
70	149	148
71	150	149
72	151	150
73	152	151
74	153	152
75	154	153
76	155	154
77	156	155
78	157	156
79	158	157
80	159	158
81	160	159
82	161	160
83	162	161
84	163	162
85	164	163
86	165	164
87	166	165
88	167	166
89	168	167
90	169	168
91	170	169
92	171	170
93	172	171
94	173	172
95	174	173
96	175	174
97	176	175
98	177	176
99	178	177
100	179	178
101	180	179
102	181	180
103	182	181
104	183	182
105	184	183
106	185	184
107	186	185
108	187	186
109	188	187
110	189	188
111	190	189
112	191	190
