Structure Index	PDB Index	Sequence Index
0	27	26
1	28	27
2	29	28
3	30	29
4	31	30
5	32	31
6	33	32
7	34	33
8	35	34
9	36	35
10	37	36
11	38	37
12	39	38
13	40	39
14	41	40
15	42	41
16	43	42
17	44	43
18	45	44
19	46	45
20	47	46
21	48	47
22	49	48
23	50	49
24	51	50
25	52	51
26	53	52
27	54	53
28	55	54
29	56	55
30	57	56
31	58	57
32	59	58
33	60	59
34	61	60
35	62	61
36	63	62
37	64	63
38	65	64
39	66	65
40	81	80
41	82	81
42	83	82
43	84	83
44	85	84
45	86	85
46	87	86
47	88	87
48	89	88
49	90	89
50	91	90
51	92	91
52	93	92
53	94	93
54	95	94
55	96	95
56	97	96
57	98	97
58	99	98
59	100	99
60	101	100
61	102	101
62	103	102
63	104	103
64	105	104
65	106	105
66	107	106
67	108	107
68	109	108
69	110	109
70	111	110
71	112	111
72	113	112
73	114	113
74	115	114
75	116	115
76	117	116
77	118	117
78	119	118
79	120	119
80	121	120
81	122	121
82	123	122
83	124	123
84	125	124
85	126	125
86	127	126
87	128	127
88	129	128
89	130	129
90	131	130
91	132	131
92	133	132
93	134	133
94	135	134
95	136	135
96	137	136
97	138	137
98	139	138
99	140	139
100	141	140
101	155	154
102	156	155
103	157	156
104	158	157
105	159	158
106	160	159
107	161	160
108	162	161
109	163	162
110	164	163
111	165	164
112	166	165
113	167	166
114	168	167
115	169	168
116	170	169
117	171	170
118	172	171
119	173	172
120	174	173
121	175	174
122	176	175
123	187	186
124	188	187
125	189	188
126	190	189
127	191	190
128	192	191
129	193	192
130	194	193
131	195	194
132	196	195
133	197	196
134	198	197
135	199	198
136	200	199
137	201	200
138	202	201
139	203	202
140	204	203
141	205	204
142	206	205
143	207	206
144	208	207
145	209	208
146	217	216
147	218	217
148	219	218
149	220	219
150	221	220
151	222	221
152	223	222
153	224	223
154	225	224
155	226	225
156	227	226
157	228	227
158	229	228
159	230	229
160	231	230
161	232	231
162	233	232
163	234	233
164	235	234
165	236	235
166	237	236
167	238	237
168	239	238
169	240	239
170	241	240
171	242	241
172	263	262
173	264	263
174	265	264
175	266	265
176	267	266
177	268	267
178	269	268
179	270	269
180	271	270
181	272	271
182	273	272
183	274	273
184	275	274
185	276	275
186	277	276
187	278	277
188	279	278
189	280	279
190	281	280
191	282	281
192	283	282
193	284	283
194	285	284
195	286	285
196	287	286
197	288	287
198	289	288
199	290	289
200	291	290
201	292	291
202	293	292
203	294	293
204	295	294
205	296	295
206	297	296
207	298	297
208	299	298
209	300	299
210	301	300
211	302	301
212	303	302
213	304	303
214	305	304
215	306	305
216	307	306
217	308	307
218	309	308
219	310	309
220	311	310
221	312	311
222	313	312
223	314	313
224	315	314
225	316	315
226	317	316
227	318	317
228	319	318
229	320	319
230	321	320
231	322	321
232	323	322
233	324	323
234	325	324
235	326	325
236	327	326
237	328	327
238	329	328
239	330	329
240	331	330
241	332	331
242	333	332
243	334	333
244	335	334
245	336	335
246	337	336
247	338	337
248	339	338
249	340	339
250	341	340
251	342	341
252	343	342
253	344	343
254	345	344
255	346	345
256	347	346
257	348	347
258	349	348
259	350	349
260	351	350
261	352	351
262	353	352
263	354	353
264	355	354
265	356	355
266	357	356
267	358	357
268	359	358
269	360	359
270	361	360
271	362	361
272	363	362
273	364	363
274	365	364
275	366	365
276	367	366
277	368	367
278	369	368
279	370	369
280	371	370
281	372	371
282	373	372
283	374	373
284	375	374
285	376	375
286	377	376
287	378	377
288	379	378
289	380	379
290	381	380
291	382	381
292	383	382
293	384	383
294	385	384
295	386	385
296	387	386
297	388	387
298	389	388
299	390	389
300	391	390
301	392	391
302	393	392
303	394	393
304	395	394
305	396	395
306	397	396
307	398	397
308	399	398
309	400	399
310	401	400
311	402	401
312	403	402
313	404	403
314	405	404
315	406	405
316	407	406
317	408	407
318	409	408
319	410	409
320	411	410
321	412	411
322	413	412
323	414	413
324	415	414
325	416	415
326	417	416
327	418	417
328	419	418
329	420	419
330	421	420
331	422	421
332	423	422
333	424	423
334	425	424
335	426	425
336	427	426
337	428	427
338	429	428
339	430	429
340	431	430
341	432	431
342	433	432
343	434	433
344	435	434
345	436	435
346	437	436
347	438	437
348	439	438
349	440	439
350	441	440
351	442	441
352	443	442
353	449	448
354	450	449
355	451	450
356	452	451
357	453	452
358	454	453
359	460	459
360	461	460
361	462	461
362	463	462
363	464	463
364	465	464
365	466	465
366	467	466
367	468	467
368	469	468
369	470	469
370	471	470
371	472	471
372	473	472
373	487	486
374	488	487
375	489	488
376	490	489
377	491	490
378	492	491
379	493	492
380	494	493
381	495	494
382	496	495
383	497	496
384	498	497
385	499	498
386	500	499
387	503	502
388	504	503
389	505	504
390	506	505
391	507	506
392	508	507
393	509	508
394	510	509
395	511	510
396	512	511
397	513	512
398	514	513
399	515	514
400	516	515
401	517	516
402	518	517
403	519	518
404	520	519
405	521	520
406	522	521
407	523	522
408	524	523
409	525	524
410	526	525
411	527	526
412	528	527
413	529	528
414	530	529
415	531	530
416	532	531
417	533	532
418	534	533
419	535	534
420	536	535
421	537	536
422	538	537
423	539	538
424	540	539
425	541	540
426	542	541
427	543	542
428	544	543
429	545	544
430	546	545
431	547	546
432	548	547
433	549	548
434	550	549
435	551	550
436	552	551
437	553	552
438	554	553
439	555	554
440	556	555
441	557	556
442	558	557
443	559	558
444	560	559
445	561	560
446	562	561
447	563	562
448	564	563
449	565	564
450	566	565
451	567	566
452	568	567
453	569	568
454	570	569
455	571	570
456	572	571
457	573	572
458	574	573
459	575	574
460	576	575
461	577	576
462	578	577
463	579	578
464	580	579
465	581	580
466	582	581
467	583	582
468	584	583
469	585	584
470	586	585
471	587	586
472	588	587
473	589	588
474	590	589
475	591	590
476	592	591
477	593	592
478	594	593
479	595	594
480	596	595
481	597	596
482	598	597
483	599	598
484	600	599
485	601	600
486	602	601
487	603	602
488	604	603
489	605	604
490	606	605
491	607	606
492	608	607
493	609	608
494	610	609
495	611	610
496	612	611
497	613	612
498	614	613
499	615	614
500	616	615
501	617	616
502	618	617
503	619	618
504	620	619
505	638	637
506	639	638
507	640	639
508	641	640
509	642	641
510	643	642
511	644	643
512	645	644
513	646	645
514	647	646
515	648	647
516	649	648
517	650	649
518	651	650
519	652	651
520	653	652
521	654	653
522	655	654
523	656	655
524	657	656
525	658	657
526	659	658
527	660	659
528	661	660
529	662	661
530	663	662
531	664	663
532	665	664
533	666	665
534	667	666
535	668	667
536	669	668
537	670	669
538	671	670
539	672	671
540	687	686
541	688	687
542	689	688
543	690	689
544	691	690
545	692	691
546	693	692
547	694	693
548	695	694
549	696	695
550	697	696
551	698	697
552	699	698
553	700	699
554	701	700
555	702	701
556	703	702
557	704	703
558	705	704
559	706	705
560	707	706
561	708	707
562	709	708
563	710	709
564	711	710
565	712	711
566	713	712
567	714	713
568	715	714
569	716	715
570	717	716
571	718	717
572	719	718
573	720	719
574	721	720
575	722	721
576	723	722
577	724	723
578	725	724
579	726	725
580	727	726
581	728	727
582	729	728
583	730	729
584	731	730
585	732	731
586	733	732
587	734	733
588	735	734
589	736	735
590	737	736
591	738	737
592	739	738
593	740	739
594	741	740
595	742	741
596	743	742
597	744	743
598	745	744
599	746	745
600	747	746
601	748	747
602	749	748
603	750	749
604	751	750
605	752	751
606	753	752
607	754	753
608	755	754
609	756	755
610	757	756
611	758	757
612	759	758
613	760	759
614	761	760
615	762	761
616	763	762
617	764	763
618	765	764
619	766	765
620	767	766
621	768	767
622	769	768
623	770	769
624	771	770
625	772	771
626	773	772
627	774	773
628	775	774
629	776	775
630	777	776
631	778	777
632	779	778
633	780	779
634	781	780
635	782	781
636	783	782
637	784	783
638	785	784
639	786	785
640	787	786
641	788	787
642	789	788
643	790	789
644	791	790
645	792	791
646	793	792
647	794	793
648	795	794
649	796	795
650	797	796
651	798	797
652	799	798
653	800	799
654	801	800
655	802	801
656	803	802
657	804	803
658	805	804
659	806	805
660	807	806
661	808	807
662	809	808
663	810	809
664	811	813
665	815	814
666	816	815
667	817	816
668	818	817
669	819	818
670	820	819
671	821	820
672	822	821
673	823	822
674	824	823
675	825	824
676	826	825
677	827	826
678	828	827
679	853	852
680	854	853
681	855	854
682	856	855
683	857	856
684	858	857
685	859	858
686	860	859
687	861	860
688	862	861
689	863	862
690	864	863
691	865	864
692	866	865
693	867	866
694	868	867
695	869	868
696	870	869
697	871	870
698	872	871
699	873	872
700	874	873
701	875	874
702	876	875
703	877	876
704	878	877
705	879	878
706	880	879
707	881	880
708	882	881
709	883	882
710	884	883
711	885	884
712	886	885
713	887	886
714	888	887
715	889	888
716	890	889
717	891	890
718	892	891
719	893	892
720	894	893
721	895	894
722	896	895
723	897	896
724	898	897
725	899	898
726	900	899
727	901	900
728	902	901
729	903	902
730	904	903
731	905	904
732	906	905
733	907	906
734	908	907
735	909	908
736	910	909
737	911	910
738	912	911
739	913	912
740	914	913
741	915	914
742	916	915
743	917	916
744	918	917
745	919	918
746	920	919
747	921	920
748	922	921
749	923	922
750	924	923
751	925	924
752	926	925
753	927	926
754	928	927
755	929	928
756	930	929
757	931	930
758	932	931
759	933	932
760	934	933
761	935	934
762	936	935
763	937	936
764	938	937
765	939	938
766	940	939
767	941	940
768	942	941
769	943	942
770	944	943
771	945	944
772	946	945
773	947	946
774	948	947
775	949	948
776	950	949
777	951	950
778	952	951
779	953	952
780	954	953
781	955	954
782	956	955
783	957	956
784	958	957
785	959	958
786	960	959
787	961	960
788	962	961
789	963	962
790	964	963
791	965	964
792	966	965
793	967	966
794	968	967
795	969	968
796	970	969
797	971	970
798	972	971
799	973	972
800	974	973
801	975	974
802	976	975
803	977	976
804	978	977
805	979	978
806	980	979
807	981	980
808	982	981
809	983	982
810	984	983
811	985	984
812	986	985
813	987	986
814	988	987
815	989	988
816	990	989
817	991	990
818	992	991
819	993	992
820	994	993
821	995	994
822	996	995
823	997	996
824	998	997
825	999	998
826	1000	999
827	1001	1000
828	1002	1001
829	1003	1002
830	1004	1003
831	1005	1004
832	1006	1005
833	1007	1006
834	1008	1007
835	1009	1008
836	1010	1009
837	1011	1010
838	1012	1011
839	1013	1012
840	1014	1013
841	1015	1014
842	1016	1015
843	1017	1016
844	1018	1017
845	1019	1018
846	1020	1019
847	1021	1020
848	1022	1021
849	1023	1022
850	1024	1023
851	1025	1024
852	1026	1025
853	1027	1026
854	1028	1027
855	1029	1028
856	1030	1029
857	1031	1030
858	1032	1031
859	1033	1032
860	1034	1033
861	1035	1034
862	1036	1035
863	1037	1036
864	1038	1037
865	1039	1038
866	1040	1039
867	1041	1040
868	1042	1041
869	1043	1042
870	1044	1043
871	1045	1044
872	1046	1045
873	1047	1046
874	1048	1047
875	1049	1048
876	1050	1049
877	1051	1050
878	1052	1051
879	1053	1052
880	1054	1053
881	1055	1054
882	1056	1055
883	1057	1056
884	1058	1057
885	1059	1058
886	1060	1059
887	1061	1060
888	1062	1061
889	1063	1062
890	1064	1063
891	1065	1064
892	1066	1065
893	1067	1066
894	1068	1067
895	1069	1068
896	1070	1069
897	1071	1070
898	1072	1071
899	1073	1072
900	1074	1073
901	1075	1074
902	1076	1075
903	1077	1076
904	1078	1077
905	1079	1078
906	1080	1079
907	1081	1080
908	1082	1081
909	1083	1082
910	1084	1083
911	1085	1084
912	1086	1085
913	1087	1086
914	1088	1087
915	1089	1088
916	1090	1089
917	1091	1090
918	1092	1091
919	1093	1092
920	1094	1093
921	1095	1094
922	1096	1095
923	1097	1096
924	1098	1097
925	1099	1098
926	1100	1099
927	1101	1100
928	1102	1101
929	1103	1102
930	1104	1103
931	1105	1104
932	1106	1105
933	1107	1106
934	1108	1107
935	1109	1108
936	1110	1109
937	1111	1110
938	1112	1111
939	1113	1112
940	1114	1113
941	1115	1114
942	1116	1115
943	1117	1116
944	1118	1117
945	1119	1118
946	1120	1119
947	1121	1120
948	1122	1121
949	1123	1122
950	1124	1123
951	1125	1124
952	1126	1125
953	1127	1126
954	1128	1127
955	1129	1128
956	1130	1129
957	1131	1130
958	1132	1131
959	1133	1132
960	1134	1133
961	1135	1134
962	1136	1135
963	1137	1136
964	1138	1137
965	1139	1138
966	1140	1139
967	1141	1140
968	1142	1141
969	1143	1142
970	1144	1143
971	1145	1144
972	1146	1145
