Structure Index	PDB Index	Sequence Index
0	331	12
1	332	13
2	333	14
3	334	15
4	335	16
5	336	17
6	337	18
7	338	19
8	339	20
9	340	21
10	341	22
11	342	23
12	343	24
13	344	25
14	345	26
15	346	27
16	347	28
17	348	29
18	349	30
19	350	31
20	351	32
21	352	33
22	353	34
23	354	35
24	355	36
25	356	37
26	357	38
27	358	39
28	359	40
29	360	41
30	361	42
31	362	43
32	363	44
33	364	45
34	365	46
35	366	47
36	367	48
37	368	49
38	369	50
39	370	51
40	371	52
41	372	53
42	373	54
43	374	55
44	375	56
45	376	57
46	377	58
47	378	59
48	379	60
49	380	61
50	381	62
51	382	63
52	383	64
53	384	65
54	385	66
55	386	67
56	387	68
57	388	69
58	389	70
59	390	71
60	391	72
61	392	73
62	393	74
63	394	75
64	395	76
65	396	77
66	397	78
67	398	79
68	399	80
69	400	81
70	401	82
71	402	83
72	403	84
73	404	85
74	405	86
75	406	87
76	407	88
77	408	89
78	409	90
79	410	91
80	411	92
81	412	93
82	413	94
83	414	95
84	415	96
85	416	97
86	417	98
87	418	99
88	419	100
89	420	101
90	421	102
91	422	103
92	423	104
93	424	105
94	425	106
95	426	107
96	427	108
97	428	109
98	429	110
99	430	111
100	431	112
101	432	113
102	433	114
103	434	115
104	435	116
105	436	117
106	437	118
107	438	119
108	439	120
109	440	121
110	441	122
111	442	123
112	443	124
113	444	125
114	445	126
115	446	127
116	447	128
117	448	129
118	449	130
119	450	131
120	451	132
121	452	133
122	453	134
123	454	135
124	455	136
125	456	137
126	457	138
127	458	139
128	459	140
129	460	141
130	461	142
131	462	143
132	463	144
133	464	145
134	465	146
135	466	147
136	467	148
137	468	149
138	469	150
139	470	151
140	471	152
141	472	153
142	473	154
143	474	155
144	475	156
145	476	157
146	477	158
147	478	159
148	479	160
149	480	161
150	481	162
151	482	163
152	483	164
153	484	165
154	485	166
155	486	167
156	487	168
157	488	169
158	489	170
159	490	171
160	491	172
161	492	173
162	493	174
163	494	175
164	495	176
165	496	177
166	497	178
167	498	179
168	499	180
169	500	181
170	501	182
171	502	183
172	503	184
173	504	185
174	505	186
175	506	187
176	507	188
177	508	189
178	509	190
179	510	191
180	511	192
181	512	193
182	513	194
183	514	195
184	515	196
185	516	197
186	520	201
187	521	202
188	522	203
189	523	204
190	524	205
191	525	206
192	526	207
193	527	208
