Structure Index	PDB Index	Sequence Index
0	0	23
1	1	24
2	2	25
3	3	26
4	4	27
5	5	28
6	6	29
7	7	30
8	8	31
9	9	32
10	10	33
11	11	34
12	12	35
13	13	36
14	14	37
15	15	38
16	16	39
17	17	40
18	18	41
19	19	42
20	20	43
21	21	44
22	22	45
23	23	46
24	24	47
25	25	48
26	26	49
27	27	50
28	28	51
29	29	52
30	30	53
31	31	54
32	32	55
33	33	56
34	34	57
35	35	58
36	36	59
37	37	60
38	38	61
39	39	62
40	40	63
41	41	64
42	42	65
43	43	66
44	44	67
45	45	68
46	46	69
47	47	70
48	48	71
49	49	72
50	50	73
51	51	74
52	52	75
53	53	76
54	54	77
55	55	78
56	56	79
57	57	80
58	58	81
59	59	82
60	60	83
61	61	84
62	62	85
63	63	86
64	64	87
65	65	88
66	66	89
67	67	90
68	68	91
69	69	92
70	70	93
71	71	94
72	72	95
73	73	96
74	74	97
75	75	98
76	76	99
77	77	100
78	78	101
79	79	102
80	80	103
81	81	104
82	82	105
83	83	106
84	84	107
85	85	108
86	86	109
87	87	110
88	88	111
89	89	112
90	90	113
91	91	114
92	92	115
93	93	116
94	94	117
95	95	118
96	96	119
97	97	120
98	98	121
99	99	122
100	100	123
101	101	124
102	102	125
103	103	126
104	104	127
105	105	128
106	106	129
107	107	130
108	108	131
109	109	132
110	110	133
111	111	134
112	112	135
113	113	136
114	114	137
115	115	138
116	116	139
117	117	140
118	118	141
119	119	142
120	120	143
121	121	144
122	122	145
123	123	146
124	124	147
125	125	148
126	126	149
127	127	150
128	128	151
129	129	152
130	130	153
131	131	154
132	132	155
133	133	156
134	134	157
135	135	158
136	136	159
137	137	160
138	138	161
139	139	162
140	140	163
141	141	164
142	142	165
143	143	166
144	144	167
145	145	168
146	146	169
147	147	170
148	148	171
149	149	172
150	150	173
151	151	174
152	152	175
153	153	176
154	154	177
155	155	178
156	156	179
157	157	180
158	158	181
159	159	182
160	160	183
161	161	184
162	162	185
163	163	186
164	164	187
165	165	188
166	166	189
167	167	190
168	168	191
169	169	192
170	170	193
171	171	194
172	172	195
173	173	196
174	174	197
175	175	198
176	176	199
177	177	200
178	178	201
179	179	202
180	180	203
181	181	204
182	182	205
183	183	206
184	184	207
185	185	208
186	186	209
187	187	210
188	188	211
189	189	212
190	190	213
191	191	214
192	192	215
193	193	216
194	194	217
195	195	218
196	196	219
197	197	220
198	198	221
199	199	222
200	200	223
201	201	224
202	202	225
203	203	226
204	204	227
205	205	228
206	206	229
207	207	230
208	208	231
209	209	232
210	210	233
211	211	234
212	212	235
213	213	236
214	214	237
215	215	238
216	216	239
217	217	240
218	218	241
219	219	242
220	220	243
221	221	244
222	222	245
223	223	246
224	224	247
225	225	248
226	226	249
227	227	250
228	228	251
229	229	252
230	230	253
231	231	254
232	232	255
233	233	256
234	234	257
235	235	258
236	236	259
237	237	260
238	238	261
239	239	262
240	240	263
241	241	264
242	242	265
243	243	266
244	244	267
245	245	268
246	246	269
247	247	270
248	248	271
249	249	272
250	250	273
251	251	274
252	252	275
253	253	276
254	254	277
255	255	278
256	256	279
257	257	280
258	258	281
259	259	282
260	260	283
261	261	284
262	262	285
263	263	286
264	264	287
265	265	288
266	266	289
267	267	290
268	268	291
269	269	292
270	270	293
271	271	294
272	272	295
273	273	296
274	274	297
275	275	298
276	276	299
277	277	300
278	278	301
279	279	302
280	280	303
281	281	304
282	282	305
283	283	306
284	284	307
285	285	308
286	286	309
287	287	310
288	288	311
289	289	312
290	290	313
291	291	314
292	292	315
293	293	316
294	294	317
295	295	318
296	296	319
297	297	320
298	298	321
299	299	322
300	300	323
301	301	324
302	302	325
303	303	326
304	304	327
305	305	328
306	306	329
307	307	330
308	308	331
309	309	332
310	310	333
311	311	334
312	312	335
313	313	336
314	314	337
315	315	338
316	316	339
317	317	340
318	318	341
319	319	342
320	320	343
321	321	344
322	322	345
323	323	346
324	324	347
325	325	348
326	326	349
327	327	350
328	328	351
329	329	352
330	330	353
331	331	354
332	332	355
333	333	356
334	334	357
335	335	358
336	336	359
337	337	360
338	338	361
339	339	362
340	340	363
341	341	364
342	342	365
343	343	366
344	344	367
345	345	368
346	346	369
347	347	370
