Structure Index	PDB Index	Sequence Index
0	3	5
1	4	6
2	5	7
3	6	8
4	7	9
5	8	10
6	9	11
7	10	12
8	11	13
9	12	14
10	13	15
11	14	16
12	15	17
13	16	18
14	17	19
15	18	20
16	19	21
17	20	22
18	21	23
19	22	24
20	23	25
21	24	26
22	25	27
23	26	28
24	27	29
25	28	30
26	29	31
27	30	32
28	31	33
29	32	34
30	33	35
31	34	36
32	35	37
33	36	38
34	37	39
35	38	40
36	39	41
37	40	42
38	41	43
39	42	44
40	43	45
41	44	46
42	45	47
43	46	48
44	47	49
45	48	50
46	49	51
47	50	52
48	51	53
49	52	54
50	53	55
51	54	56
52	55	57
53	56	58
54	57	59
55	58	60
56	59	61
57	60	62
58	61	63
59	62	64
60	63	65
61	64	66
62	65	67
63	66	68
64	67	69
65	68	70
66	69	71
67	70	72
68	71	73
69	72	74
70	73	75
71	74	76
72	75	77
73	76	78
74	77	79
75	78	80
76	79	81
77	80	82
78	81	83
79	82	84
80	83	85
81	84	86
82	85	87
83	86	88
84	87	89
85	88	90
86	89	91
87	90	92
88	91	93
89	92	94
90	93	95
91	94	96
92	95	97
93	96	98
94	97	99
95	98	100
96	99	101
97	100	102
98	101	103
99	102	104
100	103	105
101	104	106
102	105	107
103	106	108
104	107	109
105	108	110
106	109	111
107	110	112
108	111	113
109	112	114
110	113	115
111	114	116
112	115	117
113	116	118
114	117	119
115	118	120
116	119	121
117	120	122
118	121	123
119	122	124
120	123	125
121	124	126
122	125	127
123	126	128
124	127	129
125	128	130
126	129	131
127	130	132
128	131	133
129	132	134
130	133	135
131	134	136
132	135	137
133	136	138
134	137	139
135	138	140
136	139	141
137	140	142
138	141	143
139	142	144
140	143	145
141	144	146
142	145	147
143	146	148
144	147	149
145	148	150
146	149	151
147	150	152
148	151	153
149	152	154
150	153	155
151	154	156
152	155	157
153	156	158
154	157	159
155	158	160
156	159	161
157	160	162
158	161	163
159	162	164
160	163	165
161	164	166
162	165	167
163	166	168
164	167	169
165	168	170
166	169	171
