Structure Index	PDB Index	Sequence Index
0	27	45
1	28	46
2	29	47
3	30	48
4	31	49
5	32	50
6	33	51
7	34	52
8	35	53
9	36	54
10	37	55
11	38	56
12	39	57
13	40	58
14	41	59
15	42	60
16	43	61
17	44	62
18	45	63
19	46	64
20	47	65
21	48	66
22	49	67
23	50	68
24	51	69
25	52	70
26	53	71
27	54	72
28	55	73
29	56	74
30	57	75
31	58	76
32	59	77
33	60	78
34	61	79
35	62	80
36	63	81
37	64	82
38	65	83
39	66	84
40	81	99
41	82	100
42	83	101
43	84	102
44	85	103
45	86	104
46	87	105
47	88	106
48	89	107
49	90	108
50	91	109
51	92	110
52	93	111
53	94	112
54	95	113
55	96	114
56	97	115
57	98	116
58	99	117
59	100	118
60	101	119
61	102	120
62	103	121
63	104	122
64	105	123
65	106	124
66	107	125
67	108	126
68	109	127
69	110	128
70	111	129
71	112	130
72	113	131
73	114	132
74	115	133
75	116	134
76	117	135
77	118	136
78	119	137
79	120	138
80	121	139
81	122	140
82	123	141
83	124	142
84	125	143
85	126	144
86	127	145
87	128	146
88	129	147
89	130	148
90	131	149
91	132	150
92	133	151
93	134	152
94	135	153
95	136	154
96	137	155
97	138	156
98	139	157
99	140	158
100	141	159
101	142	160
102	143	161
103	165	183
104	166	184
105	167	185
106	168	186
107	169	187
108	170	188
109	171	189
110	172	203
111	186	204
112	187	205
113	188	206
114	189	207
115	190	208
116	191	209
117	192	210
118	193	211
119	194	212
120	195	213
121	196	214
122	197	215
123	198	216
124	199	217
125	200	218
126	201	219
127	202	220
128	203	221
129	204	222
130	205	223
131	206	224
132	207	225
133	208	226
134	209	227
135	210	228
136	211	229
137	212	230
138	213	231
139	214	232
140	215	233
141	216	234
142	217	235
143	218	236
144	219	237
145	220	238
146	221	239
147	222	240
148	223	241
149	224	242
150	225	243
151	226	244
152	227	245
153	228	246
154	229	247
155	230	248
156	231	249
157	232	250
158	233	251
159	234	252
160	235	253
161	236	254
162	237	255
163	238	256
164	239	257
165	240	258
166	241	259
167	242	260
168	264	282
169	265	283
170	266	284
171	267	285
172	268	286
173	269	287
174	270	288
175	271	289
176	272	290
177	273	291
178	274	292
179	275	293
180	276	294
181	277	295
182	278	296
183	279	297
184	280	298
185	281	299
186	282	300
187	283	301
188	284	302
189	285	303
190	286	304
191	287	305
192	288	306
193	289	307
194	290	308
195	291	309
196	292	310
197	293	311
198	294	312
199	295	313
200	296	314
201	297	315
202	298	316
203	299	317
204	300	318
205	301	319
206	302	320
207	303	321
208	304	322
209	305	323
210	306	324
211	307	325
212	308	326
213	309	327
214	310	328
215	311	329
216	312	330
217	313	331
218	314	332
219	315	333
220	316	334
221	317	335
222	318	336
223	319	337
224	320	338
225	321	339
226	322	340
227	323	341
228	324	342
229	325	343
230	326	344
231	327	345
232	328	346
233	329	347
234	330	348
235	331	349
236	332	350
237	333	351
238	334	352
239	335	353
240	336	354
241	337	355
242	338	356
243	339	357
244	340	358
245	341	359
246	342	360
247	343	361
248	344	362
249	345	363
250	346	364
251	347	365
252	348	366
253	349	367
254	350	368
255	351	369
256	352	370
257	353	371
258	354	372
259	355	373
260	356	374
261	357	375
262	358	376
263	359	377
264	360	378
265	361	379
266	362	380
267	363	381
268	364	382
269	365	383
270	366	384
271	367	385
272	368	386
273	369	387
274	370	388
275	371	389
276	372	390
277	373	391
278	374	392
279	375	393
280	376	394
281	377	395
282	378	396
283	379	397
284	380	398
285	381	399
286	382	400
287	383	401
288	384	402
289	385	403
290	386	404
291	387	405
292	388	406
293	389	407
294	390	408
295	391	409
296	392	410
297	393	411
298	394	412
299	395	413
300	396	414
301	397	415
302	398	416
303	399	417
304	400	418
305	401	419
306	402	420
307	403	421
308	404	422
309	405	423
310	406	424
311	407	425
312	408	426
313	409	427
314	410	428
315	411	429
316	412	430
317	413	431
318	414	432
319	415	433
320	416	434
321	417	435
322	418	436
323	419	437
324	420	438
325	421	439
326	422	440
327	423	441
328	424	442
329	425	443
330	426	444
331	427	445
332	428	446
333	429	447
334	430	448
335	431	449
336	432	450
337	433	451
338	434	452
339	435	453
340	436	454
341	437	455
342	438	456
343	439	457
344	440	458
345	441	459
346	442	460
347	443	461
348	444	462
349	448	466
350	449	467
351	450	468
352	451	469
353	452	470
354	453	471
355	454	472
356	462	480
357	463	481
358	464	482
359	465	483
360	466	484
361	467	485
362	468	486
363	469	487
364	470	508
365	491	509
366	492	510
367	493	511
368	494	512
369	495	513
370	496	514
371	497	515
372	498	516
373	499	517
374	500	518
375	501	519
376	502	520
377	503	521
378	504	522
379	505	523
380	506	524
381	507	525
382	508	526
383	509	527
384	510	528
385	511	529
386	512	530
387	513	531
388	514	532
389	515	533
390	516	534
391	517	535
392	518	536
393	519	537
394	520	538
395	521	539
396	522	540
397	523	541
398	524	542
399	525	543
400	526	544
401	527	545
402	528	546
403	529	547
404	530	548
405	531	549
406	532	550
407	533	551
408	534	552
409	535	553
410	536	554
411	537	555
412	538	556
413	539	557
414	540	558
415	541	559
416	542	560
417	543	561
418	544	562
419	545	563
420	546	564
421	547	565
422	548	566
423	549	567
424	550	568
425	551	569
426	552	570
427	553	571
428	554	572
429	555	573
430	556	574
431	557	575
432	558	576
433	559	577
434	560	578
435	561	579
436	562	580
437	563	581
438	564	582
439	565	583
440	566	584
441	567	585
442	568	586
443	569	587
444	570	588
445	571	589
446	572	590
447	573	591
448	574	592
449	575	593
450	576	594
451	577	595
452	578	596
453	579	597
454	580	598
455	581	599
456	582	600
457	583	601
458	584	602
459	585	603
460	586	604
461	587	605
462	588	606
463	589	607
464	590	608
465	591	609
466	592	610
467	593	611
468	594	612
469	595	613
470	596	614
471	597	615
472	598	616
473	599	617
474	600	618
475	601	619
476	602	620
477	603	621
478	604	622
479	605	623
480	606	624
481	607	625
482	608	626
483	609	627
484	610	628
485	611	629
486	612	630
487	613	631
488	614	632
489	615	633
490	616	634
491	617	635
492	618	636
493	619	637
494	620	638
495	641	659
496	642	660
497	643	661
498	644	662
499	645	663
500	646	664
501	647	665
502	648	666
503	649	667
504	650	668
505	651	669
506	652	670
507	653	671
508	654	672
509	655	673
510	656	674
511	657	675
512	658	676
513	659	677
514	660	678
515	661	679
516	662	680
517	663	681
518	664	682
519	665	683
520	666	684
521	667	685
522	668	686
523	669	687
524	670	688
525	671	689
526	672	690
527	673	691
528	674	692
529	675	693
530	676	694
531	690	708
532	691	709
533	692	710
534	693	711
535	694	712
536	695	713
537	696	714
538	697	715
539	698	716
540	699	717
541	700	718
542	701	719
543	702	720
544	703	721
545	704	722
546	705	723
547	706	724
548	707	725
549	708	726
550	709	727
551	710	728
552	711	729
553	712	730
554	713	731
555	714	732
556	715	733
557	716	734
558	717	735
559	718	736
560	719	737
561	720	738
562	721	739
563	722	740
564	723	741
565	724	742
566	725	743
567	726	744
568	727	745
569	728	746
570	729	747
571	730	748
572	731	749
573	732	750
574	733	751
575	734	752
576	735	753
577	736	754
578	737	755
579	738	756
580	739	757
581	740	758
582	741	759
583	742	760
584	743	761
585	744	762
586	745	763
587	746	764
588	747	765
589	748	766
590	749	767
591	750	768
592	751	769
593	752	770
594	753	771
595	754	772
596	755	773
597	756	774
598	757	775
599	758	776
600	759	777
601	760	778
602	761	779
603	762	780
604	763	781
605	764	782
606	765	783
607	766	784
608	767	785
609	768	786
610	769	787
611	770	788
612	771	789
613	772	790
614	773	791
615	774	792
616	775	793
617	776	794
618	777	795
619	778	796
620	779	797
621	780	798
622	781	799
623	782	800
624	783	801
625	784	802
626	785	803
627	786	804
628	787	805
629	788	806
630	789	807
631	790	808
632	791	809
633	792	810
634	793	811
635	794	812
636	795	813
637	796	814
638	797	815
639	798	816
640	799	817
641	800	818
642	801	819
643	802	820
644	803	821
645	804	822
646	805	823
647	806	824
648	807	825
649	808	826
650	809	827
651	810	828
652	811	829
653	813	831
654	814	832
655	815	833
656	816	834
657	817	835
658	818	836
659	819	837
660	820	838
661	821	839
662	822	840
663	823	841
664	824	842
665	825	843
666	826	844
667	827	845
668	856	874
669	857	875
670	858	876
671	859	877
672	860	878
673	861	879
674	862	880
675	863	881
676	864	882
677	865	883
678	866	884
679	867	885
680	868	886
681	869	887
682	870	888
683	871	889
684	872	890
685	873	891
686	874	892
687	875	893
688	876	894
689	877	895
690	878	896
691	879	897
692	880	898
693	881	899
694	882	900
695	883	901
696	884	902
697	885	903
698	886	904
699	887	905
700	888	906
701	889	907
702	890	908
703	891	909
704	892	910
705	893	911
706	894	912
707	895	913
708	896	914
709	897	915
710	898	916
711	899	917
712	900	918
713	901	919
714	902	920
715	903	921
716	904	922
717	905	923
718	906	924
719	907	925
720	908	926
721	909	927
722	910	928
723	911	929
724	912	930
725	913	931
726	914	932
727	915	933
728	916	934
729	917	935
730	918	936
731	919	937
732	920	938
733	921	939
734	922	940
735	923	941
736	924	942
737	925	943
738	926	944
739	927	945
740	928	946
741	929	947
742	930	948
743	931	949
744	932	950
745	933	951
746	934	952
747	935	953
748	936	954
749	937	955
750	938	956
751	939	957
752	940	958
753	941	959
754	942	960
755	943	961
756	944	962
757	945	963
758	946	964
759	947	965
760	948	966
761	949	967
762	950	968
763	951	969
764	952	970
765	953	971
766	954	972
767	955	973
768	956	974
769	957	975
770	958	976
771	959	977
772	960	978
773	961	979
774	962	980
775	963	981
776	964	982
777	965	983
778	966	984
779	967	985
780	968	986
781	969	987
782	970	988
783	971	989
784	972	990
785	973	991
786	974	992
787	975	993
788	976	994
789	977	995
790	978	996
791	979	997
792	980	998
793	981	999
794	982	1000
795	983	1001
796	984	1002
797	985	1003
798	986	1004
799	987	1005
800	988	1006
801	989	1007
802	990	1008
803	991	1009
804	992	1010
805	993	1011
806	994	1012
807	995	1013
808	996	1014
809	997	1015
810	998	1016
811	999	1017
812	1000	1018
813	1001	1019
814	1002	1020
815	1003	1021
816	1004	1022
817	1005	1023
818	1006	1024
819	1007	1025
820	1008	1026
821	1009	1027
822	1010	1028
823	1011	1029
824	1012	1030
825	1013	1031
826	1014	1032
827	1015	1033
828	1016	1034
829	1017	1035
830	1018	1036
831	1019	1037
832	1020	1038
833	1021	1039
834	1022	1040
835	1023	1041
836	1024	1042
837	1025	1043
838	1026	1044
839	1027	1045
840	1028	1046
841	1029	1047
842	1030	1048
843	1031	1049
844	1032	1050
845	1033	1051
846	1034	1052
847	1035	1053
848	1036	1054
849	1037	1055
850	1038	1056
851	1039	1057
852	1040	1058
853	1041	1059
854	1042	1060
855	1043	1061
856	1044	1062
857	1045	1063
858	1046	1064
859	1047	1065
860	1048	1066
861	1049	1067
862	1050	1068
863	1051	1069
864	1052	1070
865	1053	1071
866	1054	1072
867	1055	1073
868	1056	1074
869	1057	1075
870	1058	1076
871	1059	1077
872	1060	1078
873	1061	1079
874	1062	1080
875	1063	1081
876	1064	1082
877	1065	1083
878	1066	1084
879	1067	1085
880	1068	1086
881	1069	1087
882	1070	1088
883	1071	1089
884	1072	1090
885	1073	1091
886	1074	1092
887	1075	1093
888	1076	1094
889	1077	1095
890	1078	1096
891	1079	1097
892	1080	1098
893	1081	1099
894	1082	1100
895	1083	1101
896	1084	1102
897	1085	1103
898	1086	1104
899	1087	1105
900	1088	1106
901	1089	1107
902	1090	1108
903	1091	1109
904	1092	1110
905	1093	1111
906	1094	1112
907	1095	1113
908	1096	1114
909	1097	1115
910	1098	1116
911	1099	1117
912	1100	1118
913	1101	1119
914	1102	1120
915	1103	1121
916	1104	1122
917	1105	1123
918	1106	1124
919	1107	1125
920	1108	1126
921	1109	1127
922	1110	1128
923	1111	1129
924	1112	1130
925	1113	1131
926	1114	1132
927	1115	1133
928	1116	1134
929	1117	1135
930	1118	1136
931	1119	1137
932	1120	1138
933	1121	1139
934	1122	1140
935	1123	1141
936	1124	1142
937	1125	1143
938	1126	1144
939	1127	1145
940	1128	1146
941	1129	1147
942	1130	1148
943	1131	1149
944	1132	1150
945	1133	1151
946	1134	1152
947	1135	1153
948	1136	1154
949	1137	1155
950	1138	1156
951	1139	1157
952	1140	1158
953	1141	1159
954	1142	1160
955	1143	1161
956	1144	1162
957	1145	1163
958	1146	1164
959	1147	1165
