Structure Index	PDB Index	Sequence Index
0	27	45
1	28	46
2	29	47
3	30	48
4	31	49
5	32	50
6	33	51
7	34	52
8	35	53
9	36	54
10	37	55
11	38	56
12	39	57
13	40	58
14	41	59
15	42	60
16	43	61
17	44	62
18	45	63
19	46	64
20	47	65
21	48	66
22	49	67
23	50	68
24	51	69
25	52	70
26	53	71
27	54	72
28	55	73
29	56	74
30	57	75
31	58	76
32	59	77
33	60	78
34	61	79
35	62	80
36	63	81
37	64	82
38	65	83
39	66	84
40	67	85
41	68	86
42	69	87
43	82	100
44	83	101
45	84	102
46	85	103
47	86	104
48	87	105
49	88	106
50	89	107
51	90	108
52	91	109
53	92	110
54	93	111
55	94	112
56	95	113
57	96	114
58	97	115
59	98	116
60	99	117
61	100	118
62	101	119
63	102	120
64	103	121
65	104	122
66	105	123
67	106	124
68	107	125
69	108	126
70	109	127
71	110	128
72	111	129
73	112	130
74	113	131
75	116	134
76	117	135
77	118	136
78	119	137
79	120	138
80	121	139
81	122	140
82	123	141
83	124	142
84	125	143
85	126	144
86	127	145
87	128	146
88	129	147
89	130	148
90	131	149
91	132	150
92	133	151
93	134	152
94	135	153
95	136	154
96	137	155
97	138	156
98	139	157
99	140	158
100	141	159
101	142	160
102	143	161
103	166	184
104	167	185
105	168	186
106	169	187
107	170	188
108	171	189
109	172	203
110	186	204
111	187	205
112	188	206
113	189	207
114	190	208
115	191	209
116	192	210
117	193	211
118	194	212
119	195	213
120	196	214
121	197	215
122	198	216
123	199	217
124	200	218
125	201	219
126	202	220
127	203	221
128	204	222
129	205	223
130	206	224
131	207	225
132	208	226
133	209	227
134	210	228
135	211	229
136	212	230
137	213	231
138	214	232
139	215	233
140	216	234
141	217	235
142	218	236
143	219	237
144	220	238
145	221	239
146	222	240
147	223	241
148	224	242
149	225	243
150	226	244
151	227	245
152	228	246
153	229	247
154	230	248
155	231	249
156	232	250
157	233	251
158	234	252
159	235	253
160	236	254
161	237	255
162	238	256
163	239	257
164	240	258
165	241	259
166	242	260
167	263	281
168	264	282
169	265	283
170	266	284
171	267	285
172	268	286
173	269	287
174	270	288
175	271	289
176	272	290
177	273	291
178	274	292
179	275	293
180	276	294
181	277	295
182	278	296
183	279	297
184	280	298
185	281	299
186	282	300
187	283	301
188	284	302
189	285	303
190	286	304
191	287	305
192	288	306
193	289	307
194	290	308
195	291	309
196	292	310
197	293	311
198	294	312
199	295	313
200	296	314
201	297	315
202	298	316
203	299	317
204	300	318
205	301	319
206	302	320
207	303	321
208	304	322
209	305	323
210	306	324
211	307	325
212	308	326
213	309	327
214	310	328
215	311	329
216	312	330
217	313	331
218	314	332
219	315	333
220	316	334
221	317	335
222	318	336
223	319	337
224	320	338
225	321	339
226	322	340
227	323	341
228	324	342
229	325	343
230	326	344
231	327	345
232	328	346
233	329	347
234	330	348
235	331	349
236	332	350
237	333	351
238	334	352
239	335	353
240	336	354
241	337	355
242	338	356
243	339	357
244	340	358
245	341	359
246	342	360
247	343	361
248	344	362
249	345	363
250	346	364
251	347	365
252	348	366
253	349	367
254	350	368
255	351	369
256	352	370
257	353	371
258	354	372
259	355	373
260	356	374
261	357	375
262	358	376
263	359	377
264	360	378
265	361	379
266	362	380
267	363	381
268	364	382
269	365	383
270	366	384
271	367	385
272	368	386
273	369	387
274	370	388
275	371	389
276	372	390
277	373	391
278	374	392
279	375	393
280	376	394
281	377	395
282	378	396
283	379	397
284	380	398
285	381	399
286	382	400
287	383	401
288	384	402
289	385	403
290	386	404
291	387	405
292	388	406
293	389	407
294	390	408
295	391	409
296	392	410
297	393	411
298	394	412
299	395	413
300	396	414
301	397	415
302	398	416
303	399	417
304	400	418
305	401	419
306	402	420
307	403	421
308	404	422
309	405	423
310	406	424
311	407	425
312	408	426
313	409	427
314	410	428
315	411	429
316	412	430
317	413	431
318	414	432
319	415	433
320	416	434
321	417	435
322	418	436
323	419	437
324	420	438
325	421	439
326	422	440
327	423	441
328	424	442
329	425	443
330	426	444
331	427	445
332	428	446
333	429	447
334	430	448
335	431	449
336	432	450
337	433	451
338	434	452
339	435	453
340	436	454
341	437	455
342	438	456
343	439	457
344	440	458
345	441	459
346	442	460
347	448	466
348	449	467
349	450	468
350	451	469
351	452	470
352	453	471
353	454	472
354	455	473
355	456	474
356	457	475
357	458	476
358	459	477
359	460	478
360	461	479
361	462	480
362	463	481
363	464	482
364	465	483
365	466	484
366	467	485
367	468	486
368	469	487
369	470	488
370	490	508
371	491	509
372	492	510
373	493	511
374	494	512
375	495	513
376	496	514
377	497	515
378	498	516
379	499	517
380	500	518
381	501	519
382	503	521
383	504	522
384	505	523
385	506	524
386	507	525
387	508	526
388	509	527
389	510	528
390	511	529
391	512	530
392	513	531
393	514	532
394	515	533
395	516	534
396	517	535
397	518	536
398	519	537
399	520	538
400	521	539
401	522	540
402	523	541
403	524	542
404	525	543
405	526	544
406	527	545
407	528	546
408	529	547
409	530	548
410	531	549
411	532	550
412	533	551
413	534	552
414	535	553
415	536	554
416	537	555
417	538	556
418	539	557
419	540	558
420	541	559
421	542	560
422	543	561
423	544	562
424	545	563
425	546	564
426	547	565
427	548	566
428	549	567
429	550	568
430	551	569
431	552	570
432	553	571
433	554	572
434	555	573
435	556	574
436	557	575
437	558	576
438	559	577
439	560	578
440	561	579
441	562	580
442	563	581
443	564	582
444	565	583
445	566	584
446	567	585
447	568	586
448	569	587
449	570	588
450	571	589
451	572	590
452	573	591
453	574	592
454	575	593
455	576	594
456	577	595
457	578	596
458	579	597
459	580	598
460	581	599
461	582	600
462	583	601
463	584	602
464	585	603
465	586	604
466	587	605
467	588	606
468	589	607
469	590	608
470	591	609
471	592	610
472	593	611
473	594	612
474	595	613
475	596	614
476	597	615
477	598	616
478	599	617
479	600	618
480	601	619
481	602	620
482	603	621
483	604	622
484	605	623
485	606	624
486	607	625
487	608	626
488	609	627
489	610	628
490	611	629
491	612	630
492	613	631
493	614	632
494	615	633
495	616	634
496	617	635
497	618	636
498	619	637
499	620	638
500	641	659
501	642	660
502	643	661
503	644	662
504	645	663
505	646	664
506	647	665
507	648	666
508	649	667
509	650	668
510	651	669
511	652	670
512	653	671
513	654	672
514	655	673
515	656	674
516	657	675
517	658	676
518	659	677
519	660	678
520	661	679
521	662	680
522	663	681
523	664	682
524	665	683
525	666	684
526	667	685
527	668	686
528	669	687
529	670	688
530	671	689
531	672	690
532	673	691
533	674	692
534	675	693
535	676	694
536	690	708
537	691	709
538	692	710
539	693	711
540	694	712
541	695	713
542	696	714
543	697	715
544	698	716
545	699	717
546	700	718
547	701	719
548	702	720
549	703	721
550	704	722
551	705	723
552	706	724
553	707	725
554	708	726
555	709	727
556	710	728
557	711	729
558	712	730
559	713	731
560	714	732
561	715	733
562	716	734
563	717	735
564	718	736
565	719	737
566	720	738
567	721	739
568	722	740
569	723	741
570	724	742
571	725	743
572	726	744
573	727	745
574	728	746
575	729	747
576	730	748
577	731	749
578	732	750
579	733	751
580	734	752
581	735	753
582	736	754
583	737	755
584	738	756
585	739	757
586	740	758
587	741	759
588	742	760
589	743	761
590	744	762
591	745	763
592	746	764
593	747	765
594	748	766
595	749	767
596	750	768
597	751	769
598	752	770
599	753	771
600	754	772
601	755	773
602	756	774
603	757	775
604	758	776
605	759	777
606	760	778
607	761	779
608	762	780
609	763	781
610	764	782
611	765	783
612	766	784
613	767	785
614	768	786
615	769	787
616	770	788
617	771	789
618	772	790
619	773	791
620	774	792
621	775	793
622	776	794
623	777	795
624	778	796
625	779	797
626	780	798
627	781	799
628	782	800
629	783	801
630	784	802
631	785	803
632	786	804
633	787	805
634	788	806
635	789	807
636	790	808
637	791	809
638	792	810
639	793	811
640	794	812
641	795	813
642	796	814
643	797	815
644	798	816
645	799	817
646	800	818
647	801	819
648	802	820
649	803	821
650	804	822
651	805	823
652	806	824
653	807	825
654	808	826
655	809	827
656	810	828
657	811	829
658	813	831
659	814	832
660	815	833
661	816	834
662	817	835
663	818	836
664	819	837
665	820	838
666	821	839
667	822	840
668	823	841
669	824	842
670	825	843
671	826	844
672	827	845
673	855	873
674	856	874
675	857	875
676	858	876
677	859	877
678	860	878
679	861	879
680	862	880
681	863	881
682	864	882
683	865	883
684	866	884
685	867	885
686	868	886
687	869	887
688	870	888
689	871	889
690	872	890
691	873	891
692	874	892
693	875	893
694	876	894
695	877	895
696	878	896
697	879	897
698	880	898
699	881	899
700	882	900
701	883	901
702	884	902
703	885	903
704	886	904
705	887	905
706	888	906
707	889	907
708	890	908
709	891	909
710	892	910
711	893	911
712	894	912
713	895	913
714	896	914
715	897	915
716	898	916
717	899	917
718	900	918
719	901	919
720	902	920
721	903	921
722	904	922
723	905	923
724	906	924
725	907	925
726	908	926
727	909	927
728	910	928
729	911	929
730	912	930
731	913	931
732	914	932
733	915	933
734	916	934
735	917	935
736	918	936
737	919	937
738	920	938
739	921	939
740	922	940
741	923	941
742	924	942
743	925	943
744	926	944
745	927	945
746	928	946
747	929	947
748	930	948
749	931	949
750	932	950
751	933	951
752	934	952
753	935	953
754	936	954
755	937	955
756	938	956
757	939	957
758	940	958
759	941	959
760	942	960
761	943	961
762	944	962
763	945	963
764	946	964
765	947	965
766	948	966
767	949	967
768	950	968
769	951	969
770	952	970
771	953	971
772	954	972
773	955	973
774	956	974
775	957	975
776	958	976
777	959	977
778	960	978
779	961	979
780	962	980
781	963	981
782	964	982
783	965	983
784	966	984
785	967	985
786	968	986
787	969	987
788	970	988
789	971	989
790	972	990
791	973	991
792	974	992
793	975	993
794	976	994
795	977	995
796	978	996
797	979	997
798	980	998
799	981	999
800	982	1000
801	983	1001
802	984	1002
803	985	1003
804	986	1004
805	987	1005
806	988	1006
807	989	1007
808	990	1008
809	991	1009
810	992	1010
811	993	1011
812	994	1012
813	995	1013
814	996	1014
815	997	1015
816	998	1016
817	999	1017
818	1000	1018
819	1001	1019
820	1002	1020
821	1003	1021
822	1004	1022
823	1005	1023
824	1006	1024
825	1007	1025
826	1008	1026
827	1009	1027
828	1010	1028
829	1011	1029
830	1012	1030
831	1013	1031
832	1014	1032
833	1015	1033
834	1016	1034
835	1017	1035
836	1018	1036
837	1019	1037
838	1020	1038
839	1021	1039
840	1022	1040
841	1023	1041
842	1024	1042
843	1025	1043
844	1026	1044
845	1027	1045
846	1028	1046
847	1029	1047
848	1030	1048
849	1031	1049
850	1032	1050
851	1033	1051
852	1034	1052
853	1035	1053
854	1036	1054
855	1037	1055
856	1038	1056
857	1039	1057
858	1040	1058
859	1041	1059
860	1042	1060
861	1043	1061
862	1044	1062
863	1045	1063
864	1046	1064
865	1047	1065
866	1048	1066
867	1049	1067
868	1050	1068
869	1051	1069
870	1052	1070
871	1053	1071
872	1054	1072
873	1055	1073
874	1056	1074
875	1057	1075
876	1058	1076
877	1059	1077
878	1060	1078
879	1061	1079
880	1062	1080
881	1063	1081
882	1064	1082
883	1065	1083
884	1066	1084
885	1067	1085
886	1068	1086
887	1069	1087
888	1070	1088
889	1071	1089
890	1072	1090
891	1073	1091
892	1074	1092
893	1075	1093
894	1076	1094
895	1077	1095
896	1078	1096
897	1079	1097
898	1080	1098
899	1081	1099
900	1082	1100
901	1083	1101
902	1084	1102
903	1085	1103
904	1086	1104
905	1087	1105
906	1088	1106
907	1089	1107
908	1090	1108
909	1091	1109
910	1092	1110
911	1093	1111
912	1094	1112
913	1095	1113
914	1096	1114
915	1097	1115
916	1098	1116
917	1099	1117
918	1100	1118
919	1101	1119
920	1102	1120
921	1103	1121
922	1104	1122
923	1105	1123
924	1106	1124
925	1107	1125
926	1108	1126
927	1109	1127
928	1110	1128
929	1111	1129
930	1112	1130
931	1113	1131
932	1114	1132
933	1115	1133
934	1116	1134
935	1117	1135
936	1118	1136
937	1119	1137
938	1120	1138
939	1121	1139
940	1122	1140
941	1123	1141
942	1124	1142
943	1125	1143
944	1126	1144
945	1127	1145
946	1128	1146
947	1129	1147
948	1130	1148
949	1131	1149
950	1132	1150
951	1133	1151
952	1134	1152
953	1135	1153
954	1136	1154
955	1137	1155
956	1138	1156
957	1139	1157
958	1140	1158
959	1141	1159
960	1142	1160
961	1143	1161
962	1144	1162
963	1145	1163
964	1146	1164
965	1147	1165
