Structure Index	PDB Index	Sequence Index
0	6	8
1	7	9
2	8	10
3	9	11
4	10	12
5	11	13
6	12	14
7	13	15
8	14	16
9	15	17
10	16	18
11	17	19
12	18	20
13	19	21
14	20	22
15	21	23
16	22	24
17	23	25
18	24	26
19	25	27
20	26	28
21	27	29
22	28	30
23	29	31
24	30	32
25	31	33
26	32	34
27	33	35
28	34	36
29	35	37
30	36	38
31	37	39
32	38	40
33	39	41
34	40	42
35	41	43
36	42	44
37	43	45
38	44	46
39	45	47
40	46	48
41	47	49
42	48	50
43	49	51
44	50	52
45	51	53
46	52	54
47	53	55
48	54	56
49	55	57
50	56	58
51	57	59
52	58	60
53	59	61
54	60	62
55	61	63
56	62	64
57	63	65
58	64	66
59	65	67
60	66	68
61	67	69
62	68	70
63	69	71
64	70	72
65	71	73
66	72	74
67	73	75
68	74	76
69	75	77
70	76	78
71	77	79
72	78	80
73	79	81
74	80	82
75	81	83
76	82	84
77	83	85
78	84	86
79	85	87
80	86	88
81	87	89
82	88	90
83	89	91
84	90	92
85	91	93
86	92	94
87	93	95
88	94	96
89	95	97
90	96	98
91	97	99
92	98	100
93	99	101
94	100	102
95	101	103
96	102	104
97	103	105
98	104	106
99	105	107
100	106	108
101	107	109
102	108	110
103	109	111
104	110	112
105	111	113
106	112	114
107	113	115
108	114	116
