Structure Index	PDB Index	Sequence Index
0	6798	2
1	6799	3
2	6800	4
3	6801	5
4	6802	6
5	6803	7
6	6804	8
7	6805	9
8	6806	10
9	6807	11
10	6808	12
11	6809	13
12	6810	14
13	6811	15
14	6812	16
15	6813	17
16	6814	18
17	6815	19
18	6816	20
19	6817	21
20	6818	22
21	6819	23
22	6820	24
23	6821	25
24	6822	26
25	6823	27
26	6824	28
27	6825	29
28	6826	30
29	6827	31
30	6828	32
31	6829	33
32	6830	34
33	6831	35
34	6832	36
35	6833	37
36	6834	38
37	6835	39
38	6836	40
39	6837	41
40	6838	42
41	6839	43
42	6840	44
43	6841	45
44	6842	46
45	6843	47
46	6844	48
47	6845	49
48	6846	50
49	6847	51
50	6848	52
51	6849	53
52	6850	54
53	6851	55
54	6852	56
55	6853	57
56	6854	58
57	6855	59
58	6856	60
59	6857	61
60	6858	62
61	6859	63
62	6860	64
63	6861	65
64	6862	66
65	6863	67
66	6864	68
67	6865	69
68	6866	70
69	6867	71
70	6868	72
71	6869	73
72	6870	74
73	6871	75
74	6872	76
75	6873	77
76	6874	78
77	6875	79
78	6876	80
79	6877	81
80	6878	82
81	6879	83
82	6880	84
83	6881	85
84	6882	86
85	6883	87
86	6884	88
87	6885	89
88	6886	90
89	6887	91
90	6888	92
91	6889	93
92	6890	94
93	6891	95
94	6892	96
95	6893	97
96	6894	98
97	6895	99
98	6896	100
99	6897	101
100	6898	102
101	6899	103
102	6900	104
103	6901	105
104	6902	106
105	6903	107
106	6904	108
107	6905	109
108	6906	110
109	6907	111
110	6908	112
111	6909	113
112	6910	114
113	6911	115
114	6912	116
115	6913	117
116	6914	118
117	6915	119
118	6916	120
119	6917	121
120	6918	122
121	6919	123
122	6920	124
123	6921	125
124	6922	126
125	6923	127
126	6924	128
127	6925	129
128	6926	130
129	6927	131
130	6928	132
131	6929	133
132	6930	134
133	6931	135
134	6932	136
135	6933	137
136	6934	138
137	6935	139
138	6936	140
139	6937	141
140	6938	142
141	6939	143
142	6940	144
143	6941	145
144	6942	146
145	6943	147
146	6944	148
147	6945	149
148	6946	150
149	6947	151
150	6948	152
151	6949	153
152	6950	154
153	6951	155
154	6952	156
155	6953	157
156	6954	158
157	6955	159
158	6956	160
159	6957	161
160	6958	162
161	6959	163
162	6960	164
163	6961	165
164	6962	166
165	6963	167
166	6964	168
167	6965	169
168	6966	170
169	6967	171
170	6968	172
171	6969	173
172	6970	174
173	6971	175
174	6972	176
175	6973	177
176	6974	178
177	6975	179
178	6976	180
179	6977	181
180	6978	182
181	6979	183
182	6980	184
183	6981	185
184	6982	186
185	6983	187
186	6984	188
187	6985	189
188	6986	190
189	6987	191
190	6988	192
191	6989	193
192	6990	194
193	6991	195
194	6992	196
195	6993	197
196	6994	198
197	6995	199
198	6996	200
199	6997	201
200	6998	202
201	6999	203
202	7000	204
203	7001	205
204	7002	206
205	7003	207
206	7004	208
207	7005	209
208	7006	210
209	7007	211
210	7008	212
211	7009	213
212	7010	214
213	7011	215
214	7012	216
215	7013	217
216	7014	218
217	7015	219
218	7016	220
219	7017	221
220	7018	222
221	7019	223
222	7020	224
223	7021	225
224	7022	226
225	7023	227
226	7024	228
227	7025	229
228	7026	230
229	7027	231
230	7028	232
231	7029	233
232	7030	234
233	7031	235
234	7032	236
235	7033	237
236	7034	238
237	7035	239
238	7036	240
239	7037	241
240	7038	242
241	7039	243
242	7040	244
243	7041	245
244	7042	246
245	7043	247
246	7044	248
247	7045	249
248	7046	250
249	7047	251
250	7048	252
251	7049	253
252	7050	254
253	7051	255
254	7052	256
255	7053	257
256	7054	258
257	7055	259
258	7056	260
259	7057	261
260	7058	262
261	7059	263
262	7060	264
263	7061	265
264	7062	266
265	7063	267
266	7064	268
267	7065	269
268	7066	270
269	7067	271
270	7068	272
271	7069	273
272	7070	274
273	7071	275
274	7072	276
275	7073	277
276	7074	278
277	7075	279
278	7076	280
279	7077	281
280	7078	282
281	7079	283
282	7080	284
283	7081	285
284	7082	286
285	7083	287
286	7084	288
287	7085	289
288	7086	290
289	7087	291
290	7088	292
291	7089	293
292	7090	294
293	7091	295
294	7092	296
295	7093	297
296	7094	298
297	7095	299
298	7096	300
