Structure Index	PDB Index	Sequence Index
0	4271	18
1	4272	19
2	4273	20
3	4274	21
4	4275	22
5	4276	23
6	4277	24
7	4278	25
8	4279	26
9	4280	27
10	4281	28
11	4282	29
12	4283	30
13	4284	31
14	4285	32
15	4286	33
16	4287	34
17	4288	35
18	4289	36
19	4290	37
20	4291	38
21	4292	39
22	4293	40
23	4294	41
24	4295	42
25	4296	43
26	4297	44
27	4298	45
28	4299	46
29	4300	47
30	4301	48
31	4302	49
32	4303	50
33	4304	51
34	4305	52
35	4306	53
36	4307	54
37	4308	55
38	4309	56
39	4310	57
40	4311	58
41	4312	59
42	4313	60
43	4314	61
44	4315	62
45	4316	63
46	4317	64
47	4318	65
48	4319	66
49	4320	67
50	4321	68
51	4322	69
52	4323	70
53	4324	71
54	4325	72
55	4326	73
56	4327	74
57	4328	75
58	4329	76
59	4330	77
60	4331	78
61	4332	79
62	4333	80
63	4334	81
64	4335	82
65	4336	83
66	4337	84
67	4338	85
68	4339	86
69	4340	87
70	4341	88
71	4342	89
72	4343	90
73	4344	91
74	4345	92
75	4346	93
76	4347	94
77	4348	95
78	4349	96
79	4350	97
80	4351	98
81	4352	99
82	4353	100
83	4354	101
84	4355	102
85	4356	103
86	4357	104
87	4358	105
88	4359	106
89	4360	107
90	4361	108
91	4362	109
92	4363	110
93	4364	111
94	4365	112
95	4366	113
96	4367	114
97	4368	115
98	4369	116
99	4370	117
100	4371	118
101	4372	119
102	4373	120
103	4374	121
104	4375	122
105	4376	123
106	4377	124
107	4378	125
108	4379	126
109	4380	127
110	4381	128
111	4382	129
112	4383	130
113	4384	131
114	4385	132
