Structure Index	PDB Index	Sequence Index
0	6798	0
1	6799	1
2	6800	2
3	6801	3
4	6802	4
5	6803	5
6	6804	6
7	6805	7
8	6806	8
9	6807	9
10	6808	10
11	6809	11
12	6810	12
13	6811	13
14	6812	14
15	6813	15
16	6814	16
17	6815	17
18	6816	18
19	6817	19
20	6818	20
21	6819	21
22	6820	22
23	6821	23
24	6822	24
25	6823	25
26	6824	26
27	6825	27
28	6826	28
29	6827	29
30	6828	30
31	6829	31
32	6830	32
33	6831	33
34	6832	34
35	6833	35
36	6834	36
37	6835	37
38	6836	38
39	6837	39
40	6838	40
41	6839	41
42	6840	42
43	6841	43
44	6842	44
45	6843	45
46	6844	46
47	6845	47
48	6846	48
49	6847	49
50	6848	50
51	6849	51
52	6850	52
53	6851	53
54	6852	54
55	6853	55
56	6854	56
57	6855	57
58	6856	58
59	6857	59
60	6858	60
61	6859	61
62	6860	62
63	6861	63
64	6862	64
65	6863	65
66	6864	66
67	6865	67
68	6866	68
69	6867	69
70	6868	70
71	6869	71
72	6870	72
73	6871	73
74	6872	74
75	6873	75
76	6874	76
77	6875	77
78	6876	78
79	6877	79
80	6878	80
81	6879	81
82	6880	82
83	6881	83
84	6882	84
85	6883	85
86	6884	86
87	6885	87
88	6886	88
89	6887	89
90	6888	90
91	6889	91
92	6890	92
93	6891	93
94	6892	94
95	6893	95
96	6894	96
97	6895	97
98	6896	98
99	6897	99
100	6898	100
101	6899	101
102	6900	102
103	6901	103
104	6902	104
105	6903	105
106	6904	106
107	6905	107
108	6906	108
109	6907	109
110	6908	110
111	6909	111
112	6910	112
113	6911	113
114	6912	114
115	6913	115
116	6914	116
117	6915	117
118	6916	118
119	6917	119
120	6918	120
121	6919	121
122	6920	122
123	6921	123
124	6922	124
125	6923	125
126	6924	126
127	6925	127
128	6926	128
129	6927	129
130	6928	130
131	6929	131
132	6930	132
133	6931	133
134	6932	134
135	6933	135
136	6934	136
137	6935	137
138	6936	138
139	6937	139
140	6938	140
141	6939	141
142	6940	142
143	6941	143
144	6942	144
145	6943	145
146	6944	146
147	6945	147
148	6946	148
149	6947	149
150	6948	150
151	6949	151
152	6950	152
153	6951	153
154	6952	154
155	6953	155
156	6954	156
157	6955	157
158	6956	158
159	6957	159
160	6958	160
161	6959	161
162	6960	162
163	6961	163
164	6962	164
165	6963	165
166	6964	166
167	6965	167
168	6966	168
169	6967	169
170	6968	170
171	6969	171
172	6970	172
173	6971	173
174	6972	174
175	6973	175
176	6974	176
177	6975	177
178	6976	178
179	6977	179
180	6978	180
181	6979	181
182	6980	182
183	6981	183
184	6982	184
185	6983	185
186	6984	186
187	6985	187
188	6986	188
189	6987	189
190	6988	190
191	6989	191
192	6990	192
193	6991	193
194	6992	194
195	6993	195
196	6994	196
197	6995	197
198	6996	198
199	6997	199
200	6998	200
201	6999	201
202	7000	202
203	7001	203
204	7002	204
205	7003	205
206	7004	206
207	7005	207
208	7006	208
209	7007	209
210	7008	210
211	7009	211
212	7010	212
213	7011	213
214	7012	214
215	7013	215
216	7014	216
217	7015	217
218	7016	218
219	7017	219
220	7018	220
221	7019	221
222	7020	222
223	7021	223
224	7022	224
225	7023	225
226	7024	226
227	7025	227
228	7026	228
229	7027	229
230	7028	230
231	7029	231
232	7030	232
233	7031	233
234	7032	234
235	7033	235
236	7034	236
237	7035	237
238	7036	238
239	7037	239
240	7038	240
241	7039	241
242	7040	242
243	7041	243
244	7042	244
245	7043	245
246	7044	246
247	7045	247
248	7046	248
249	7047	249
250	7048	250
251	7049	251
252	7050	252
253	7051	253
254	7052	254
255	7053	255
256	7054	256
257	7055	257
258	7056	258
259	7057	259
260	7058	260
261	7059	261
262	7060	262
263	7061	263
264	7062	264
265	7063	265
266	7064	266
267	7065	267
268	7066	268
269	7067	269
270	7068	270
271	7069	271
272	7070	272
273	7071	273
274	7072	274
275	7073	275
276	7074	276
277	7075	277
278	7076	278
279	7077	279
280	7078	280
281	7079	281
282	7080	282
283	7081	283
284	7082	284
285	7083	285
286	7084	286
287	7085	287
288	7086	288
289	7087	289
290	7088	290
291	7089	291
292	7090	292
293	7091	293
294	7092	294
295	7093	295
296	7094	296
297	7095	297
298	7096	298
