Structure Index	PDB Index	Sequence Index
0	4271	20
1	4272	21
2	4273	22
3	4274	23
4	4275	24
5	4276	25
6	4277	26
7	4278	27
8	4279	28
9	4280	29
10	4281	30
11	4282	31
12	4283	32
13	4284	33
14	4285	34
15	4286	35
16	4287	36
17	4288	37
18	4289	38
19	4290	39
20	4291	40
21	4292	41
22	4293	42
23	4294	43
24	4295	44
25	4296	45
26	4297	46
27	4298	47
28	4299	48
29	4300	49
30	4301	50
31	4302	51
32	4303	52
33	4304	53
34	4305	54
35	4306	55
36	4307	56
37	4308	57
38	4309	58
39	4310	59
40	4311	60
41	4312	61
42	4313	62
43	4314	63
44	4315	64
45	4316	65
46	4317	66
47	4318	67
48	4319	68
49	4320	69
50	4321	70
51	4322	71
52	4323	72
53	4324	73
54	4325	74
55	4326	75
56	4327	76
57	4328	77
58	4329	78
59	4330	79
60	4331	80
61	4332	81
62	4333	82
63	4334	83
64	4335	84
65	4336	85
66	4337	86
67	4338	87
68	4339	88
69	4340	89
70	4341	90
71	4342	91
72	4343	92
73	4344	93
74	4345	94
75	4346	95
76	4347	96
77	4348	97
78	4349	98
79	4350	99
80	4351	100
81	4352	101
82	4353	102
83	4354	103
84	4355	104
85	4356	105
86	4357	106
87	4358	107
88	4359	108
89	4360	109
90	4361	110
91	4362	111
92	4363	112
93	4364	113
94	4365	114
95	4366	115
96	4367	116
97	4368	117
98	4369	118
99	4370	119
100	4371	120
101	4372	121
102	4373	122
103	4374	123
104	4375	124
105	4376	125
106	4377	126
107	4378	127
108	4379	128
109	4380	129
110	4381	130
111	4382	131
112	4383	132
113	4384	133
114	4385	134
115	4386	135
116	4387	136
117	4388	137
118	4389	138
119	4390	139
120	4391	140
121	4392	141
