1	70
2	71
3	72
4	73
5	74
6	75
7	76
8	119
9	120
10	121
11	193
12	194
13	195
14	196
15	197
16	198
17	386
18	387
19	388
20	389
21	390
22	653
23	654
24	655
25	656
26	657
27	658
28	659
29	849
30	850
31	851
32	852
33	853
34	854
35	855
36	856
37	857
38	858
39	928
40	929
41	930
42	931
43	932
44	933
45	934
46	935
47	936
48	937
49	938
50	950
51	951
52	952
53	953
54	954
55	955
56	956
57	957
58	958
59	959
60	960
61	961
62	962
63	963
64	964
65	965
66	966
67	967
68	968
69	969
70	970
71	971
72	972
73	973
74	974
75	975
76	976
77	977
78	978
79	989
80	990
81	991
82	992
83	993
84	994
85	995
86	996
87	1023
88	1024
89	1025
90	1026
91	1027
92	1028
93	1029
94	1030
95	1031
96	1032
97	1033
98	1164
99	1165
100	1166
101	1167
102	1168
103	1169
104	1170
105	1171
106	1172
107	1173
108	1174
109	1175
110	1176
111	1177
112	1178
113	1179
114	1180
115	1181
116	1182
117	1183
118	1184
119	1185
120	1186
121	1187
122	1188
123	1189
124	1190
125	1191
126	1192
127	1193
128	1194
129	1195
130	1196
131	1197
132	1198
133	1199
134	1200
135	1201
136	1202
