1	44
2	45
3	46
4	47
5	48
6	49
7	50
8	51
9	52
10	53
11	54
12	55
13	76
14	77
15	78
16	79
17	80
18	81
19	82
20	83
21	84
22	85
23	86
24	87
25	88
26	89
27	90
28	91
29	92
30	93
31	94
32	95
33	96
34	106
35	107
36	108
37	109
38	110
39	111
40	112
41	113
42	114
43	115
44	116
45	121
46	122
47	123
48	124
49	125
50	126
51	127
52	128
53	129
54	130
55	153
56	154
57	155
58	156
59	157
60	158
61	159
62	160
63	161
64	162
65	163
66	164
67	165
68	166
69	167
70	168
71	169
72	170
73	171
74	172
75	173
76	179
77	180
78	181
79	182
80	183
81	184
82	185
83	186
84	187
85	188
86	189
87	190
88	191
89	192
90	193
91	210
92	211
93	212
94	213
95	214
96	215
97	223
98	224
99	225
100	226
101	227
102	228
103	229
104	230
105	231
106	232
107	233
108	234
109	239
110	240
111	241
112	242
113	243
114	244
115	245
116	246
117	247
118	248
119	249
120	279
121	280
122	281
123	282
124	283
125	284
126	285
127	286
128	287
129	288
130	289
131	290
132	291
133	292
134	293
135	294
136	295
137	296
138	297
139	298
140	299
141	300
142	301
143	302
144	303
145	304
146	305
147	325
148	326
149	327
150	328
151	329
152	330
153	331
154	332
155	333
156	334
157	335
158	354
159	355
160	356
161	357
162	358
163	359
164	360
165	361
166	362
167	363
168	364
169	365
170	366
171	378
172	379
173	380
174	381
175	382
176	383
177	384
178	385
179	386
180	387
181	388
182	389
183	390
184	391
185	459
186	460
187	461
188	462
189	463
190	464
191	465
192	466
193	467
194	468
195	469
196	470
197	481
198	482
199	483
200	484
201	485
202	486
203	487
204	522
205	523
206	524
207	525
208	526
209	527
210	528
211	529
212	530
213	531
214	532
215	533
216	534
217	535
218	536
219	537
220	538
221	539
222	540
223	541
224	542
227	543
228	544
229	545
230	546
231	547
232	548
233	549
234	550
235	551
236	552
237	553
238	554
239	555
240	556
241	557
242	558
243	559
244	560
245	561
246	563
247	564
248	565
249	566
250	567
251	568
252	569
253	570
254	571
255	572
256	573
257	574
258	575
259	576
260	602
261	603
262	604
263	605
264	606
265	607
266	608
267	609
268	610
269	611
270	612
271	613
272	614
273	615
274	616
275	617
276	618
277	619
278	620
279	621
280	622
281	623
282	624
283	625
284	626
285	627
286	628
287	629
288	630
289	631
290	632
291	633
292	634
293	635
294	636
295	637
296	638
297	639
298	640
299	641
300	642
301	643
302	644
303	645
304	646
305	656
306	657
307	658
308	659
309	660
310	661
311	662
312	663
313	664
314	665
315	666
316	667
317	668
318	669
319	670
320	671
321	672
322	673
323	674
324	675
325	676
326	677
327	678
328	679
329	680
330	681
331	682
332	683
333	684
334	685
335	686
336	687
337	688
338	690
339	691
340	692
341	693
342	694
343	695
344	696
345	697
346	698
347	699
348	700
349	701
350	702
351	703
352	704
353	705
354	706
355	707
356	708
357	709
358	710
359	711
360	712
361	714
362	715
363	716
364	717
365	718
366	719
367	720
368	721
369	729
370	730
371	731
372	732
373	733
374	734
375	735
376	736
377	737
378	738
379	739
380	740
381	741
382	742
383	743
384	744
385	745
386	746
387	747
388	748
389	749
390	750
391	751
392	776
393	777
394	778
395	779
396	780
397	781
398	782
399	783
400	784
401	785
402	786
403	787
404	788
405	789
406	795
407	796
408	797
409	798
410	799
411	802
412	803
413	804
414	805
415	806
416	807
417	808
418	818
419	819
420	820
421	821
422	822
423	823
424	824
425	825
426	826
427	827
428	828
429	829
430	830
431	841
432	842
433	843
434	844
435	845
436	846
437	847
438	848
439	849
440	850
441	851
442	852
443	853
444	854
445	855
446	856
447	857
448	858
449	859
450	860
451	861
452	862
453	863
454	864
455	865
456	866
457	867
458	868
459	869
460	915
461	916
462	917
463	918
464	919
465	920
466	921
467	922
468	923
469	924
470	925
471	926
472	927
473	928
474	929
475	930
476	931
477	932
478	933
479	934
480	935
481	936
482	937
483	938
484	939
485	940
486	941
487	942
488	943
489	944
490	945
491	946
492	947
493	948
494	949
495	950
496	951
497	952
498	953
499	954
500	955
501	956
502	957
503	958
504	959
505	960
506	961
507	962
508	963
509	964
510	965
511	966
512	967
513	968
514	969
515	970
516	971
517	972
518	973
519	974
520	975
521	976
522	977
523	978
524	979
525	980
526	981
527	982
528	983
529	984
530	985
531	986
532	987
533	988
534	990
535	991
536	992
537	993
538	994
539	995
540	997
541	998
542	999
543	1001
544	1002
545	1003
546	1004
547	1005
548	1006
549	1007
550	1008
551	1009
552	1010
553	1011
554	1012
555	1013
556	1014
557	1015
558	1016
559	1017
560	1018
561	1019
562	1020
563	1021
564	1022
565	1023
566	1024
567	1025
568	1026
569	1027
570	1028
571	1029
572	1030
573	1031
574	1058
575	1059
576	1060
577	1061
578	1062
579	1063
580	1064
581	1065
582	1066
583	1067
584	1068
585	1069
586	1070
587	1071
588	1075
589	1076
590	1077
591	1078
592	1079
593	1080
594	1081
595	1082
596	1083
597	1084
598	1085
599	1086
600	1087
601	1088
602	1111
603	1112
604	1113
605	1114
606	1115
607	1116
608	1117
609	1118
610	1119
611	1120
612	1121
613	1122
614	1123
615	1124
616	1125
617	1126
618	1127
619	1128
620	1129
621	1130
622	1131
623	1132
624	1133
625	1134
628	1135
629	1136
630	1137
631	1138
632	1139
633	1140
634	1141
635	1142
636	1143
637	1144
638	1145
639	1146
640	1147
641	1148
642	1149
643	1150
644	1151
645	1152
646	1153
647	1154
648	1164
649	1165
650	1166
651	1167
652	1168
653	1169
654	1170
655	1171
656	1172
657	1173
658	1174
659	1175
660	1176
661	1177
662	1178
663	1179
664	1180
665	1181
666	1182
667	1183
668	1184
669	1185
670	1186
671	1187
672	1188
673	1189
674	1190
675	1191
676	1192
677	1193
678	1194
679	1195
680	1196
681	1197
682	1198
683	1199
684	1200
685	1201
686	1202
