1	1
2	2
3	3
4	4
5	5
6	6
7	7
8	8
26	9
27	10
28	11
29	12
30	13
31	14
32	15
33	16
34	17
35	18
36	19
37	20
38	21
39	22
40	23
41	24
42	25
43	26
44	27
45	28
46	29
50	30
51	31
52	32
53	33
54	34
65	35
66	36
67	37
68	38
69	39
70	40
71	41
72	42
73	43
74	44
75	45
76	46
77	47
78	48
79	49
80	50
81	51
102	52
103	53
104	54
105	55
106	56
107	57
108	58
109	59
110	60
111	61
112	62
113	63
119	64
120	65
121	66
122	67
123	68
124	69
125	70
126	71
127	72
128	73
129	74
130	75
131	76
132	77
133	78
134	79
135	80
136	81
137	82
138	83
139	84
140	85
141	86
142	87
143	88
144	89
145	90
146	91
228	92
229	93
230	94
231	95
232	96
257	97
258	98
259	99
279	100
280	101
281	102
282	103
283	104
284	105
285	106
308	107
309	108
320	109
321	110
322	111
323	112
324	113
325	114
326	115
327	116
328	117
329	118
330	119
331	120
332	121
333	122
339	123
340	124
341	125
342	126
343	127
344	128
345	129
346	130
347	131
348	132
349	133
350	134
377	135
378	136
423	137
424	138
425	139
426	140
427	141
428	142
429	143
430	144
431	145
432	146
433	147
434	148
435	149
436	150
444	151
445	152
446	153
447	154
448	155
449	156
451	157
452	158
453	159
454	160
455	161
456	162
457	163
458	164
459	165
483	166
484	167
485	168
486	169
487	170
488	171
489	172
490	173
491	174
492	175
493	176
494	177
495	178
536	179
537	180
538	181
539	182
540	183
541	184
542	185
543	186
544	187
603	188
604	189
605	190
606	191
607	192
608	193
609	194
610	195
611	196
612	197
613	198
614	199
615	200
616	201
617	202
618	203
619	204
620	205
621	206
622	207
623	208
624	209
625	210
626	211
627	212
628	213
629	214
630	215
631	216
632	217
636	218
637	219
638	220
639	221
640	222
643	223
644	224
651	225
652	226
653	227
654	228
655	229
656	230
657	231
658	232
659	233
660	234
685	235
686	236
687	237
688	238
689	239
711	240
712	241
713	242
714	243
715	244
716	245
717	251
718	252
719	253
720	254
721	255
722	256
723	257
724	258
725	259
726	260
727	261
743	262
744	263
745	264
746	265
747	266
748	267
749	268
750	269
751	270
752	271
753	272
754	273
755	274
756	275
757	276
766	277
767	278
768	279
769	280
770	281
771	282
772	283
773	285
774	286
775	287
776	288
777	289
778	290
