1	1
2	2
3	3
4	4
5	5
6	6
7	7
8	8
26	9
27	10
28	11
29	12
30	13
31	14
32	15
33	16
34	17
35	18
36	19
37	20
38	21
39	22
40	23
41	24
42	25
43	26
44	27
45	28
46	29
50	30
51	31
52	32
53	33
54	34
65	35
66	36
67	37
68	38
69	39
70	40
71	41
72	42
73	43
74	44
75	45
76	46
77	47
78	48
79	49
80	50
81	51
102	52
103	53
104	54
105	55
106	56
107	57
108	58
109	59
110	60
111	61
112	62
113	63
119	64
120	65
121	66
122	67
123	68
124	69
125	70
126	71
127	72
128	73
129	74
130	75
131	76
132	77
133	78
134	79
135	80
136	81
137	82
138	83
139	84
140	85
141	86
142	87
143	88
144	89
145	90
146	91
228	92
229	93
230	94
231	95
232	96
257	97
258	98
259	99
279	100
280	101
281	102
282	103
283	104
284	105
285	106
308	107
309	108
320	109
321	110
322	111
323	112
324	113
325	114
326	115
327	116
328	117
329	118
330	119
331	120
332	121
333	122
339	123
340	124
341	125
342	126
343	127
344	128
345	129
346	130
347	131
348	132
349	133
350	134
377	135
378	136
423	137
424	138
425	139
426	140
427	141
428	142
429	143
430	144
431	145
432	146
433	147
434	148
435	149
436	150
444	151
445	152
446	153
447	154
448	155
449	156
451	157
452	158
453	159
454	160
455	161
456	162
457	163
458	164
459	165
483	166
484	167
485	168
486	169
487	170
488	171
489	172
490	173
491	174
492	175
493	176
494	177
495	178
536	179
537	180
538	181
539	182
540	183
541	184
542	185
543	186
544	187
604	188
605	189
606	190
607	191
608	192
609	193
610	194
611	195
612	196
613	197
614	198
615	199
616	200
617	201
618	202
619	203
620	204
621	205
622	206
623	207
624	208
625	209
626	210
627	211
628	212
629	213
630	214
631	215
632	216
633	217
637	218
638	219
639	220
640	221
641	222
644	223
645	224
652	225
653	226
654	227
655	228
656	229
657	230
658	231
659	232
660	233
661	234
686	235
687	236
688	237
689	238
690	239
712	240
713	241
714	242
715	243
716	244
717	245
718	251
719	252
720	253
721	254
722	255
723	256
724	257
725	258
726	259
727	260
728	261
744	262
745	263
746	264
747	265
748	266
749	267
750	268
751	269
752	270
753	271
754	272
755	273
756	274
757	275
758	276
767	277
768	278
769	279
770	280
771	281
772	282
773	283
774	285
775	286
776	287
777	288
778	289
779	290
