70	1
71	2
72	3
73	4
74	5
75	6
76	7
79	8
80	9
81	10
82	11
83	12
84	13
85	14
86	15
87	16
96	17
97	18
98	19
99	20
100	21
101	22
102	23
103	24
104	25
105	26
106	27
107	28
108	29
117	30
118	31
119	32
120	33
121	34
122	35
123	36
124	37
125	38
126	39
160	40
161	41
162	42
163	43
164	44
165	45
166	46
167	47
168	48
169	49
243	50
244	51
245	52
246	53
247	54
248	55
249	56
250	57
251	58
252	59
253	60
254	61
255	62
263	63
264	64
288	65
289	66
290	67
291	68
292	69
320	70
321	71
322	72
323	73
324	74
325	75
326	76
327	77
328	78
329	79
330	80
331	81
407	82
408	83
409	84
410	85
411	86
412	87
413	88
414	89
415	90
416	91
417	92
437	93
438	94
439	95
440	96
441	97
442	98
443	99
444	100
445	101
446	102
466	103
467	104
468	105
469	106
470	109
471	110
472	111
473	112
474	113
475	114
476	115
477	116
478	117
479	118
480	119
481	120
482	121
483	122
484	123
485	124
486	125
491	126
492	127
493	128
494	129
495	130
496	131
497	132
498	133
509	134
510	135
511	136
512	137
513	138
535	139
536	140
537	141
623	142
624	143
625	144
626	145
627	146
628	147
629	148
630	149
631	150
632	151
633	152
705	153
706	154
707	155
708	156
709	157
710	158
711	159
712	160
713	161
714	162
715	163
716	164
717	165
718	166
719	167
720	168
721	169
722	170
723	171
724	172
725	173
726	174
727	175
728	176
729	177
742	178
743	179
744	180
745	181
746	182
747	183
748	184
749	185
750	186
751	187
752	188
753	189
754	190
791	191
792	192
793	193
794	194
795	195
796	196
797	197
798	198
799	199
800	200
801	206
802	207
803	208
804	209
805	210
806	211
807	212
808	213
809	214
810	215
811	216
812	217
813	218
814	219
815	220
816	221
817	222
818	223
819	224
820	225
821	226
822	227
823	228
824	229
843	230
844	231
845	232
876	233
877	234
878	235
879	236
898	237
899	238
900	239
901	240
902	241
903	242
904	243
905	244
914	245
915	246
916	247
917	248
918	249
919	250
921	251
922	252
923	253
930	254
931	255
932	256
933	257
934	258
935	259
936	260
937	261
938	262
939	263
940	264
941	265
942	266
943	267
962	268
963	269
964	270
965	271
972	272
973	273
974	274
975	275
976	276
977	277
978	278
979	279
980	280
981	281
982	282
983	283
984	284
985	285
986	286
987	287
988	288
989	289
990	290
991	291
992	292
993	293
994	294
1077	295
1078	296
1079	297
1080	298
1081	299
1082	300
1083	301
1104	302
1105	303
1106	304
1107	305
1108	306
1109	307
1110	308
1111	309
1112	310
1113	311
1114	312
1115	313
1116	314
1117	315
1118	316
1119	317
1300	318
1301	319
1312	320
1313	321
1314	322
1315	323
1316	324
1317	325
1344	326
1345	327
1346	328
1347	329
1348	330
1349	331
1350	332
1351	333
1352	334
1353	335
1354	336
1355	337
1356	338
1357	339
1358	340
1359	341
1360	342
1361	343
1362	344
1363	345
1364	346
1365	347
1366	348
1367	349
1368	350
1369	351
1370	352
1371	353
1372	354
1373	355
1374	356
1375	357
1376	358
1377	359
1378	360
1379	361
1380	362
1381	363
1382	364
1383	365
1384	366
1385	367
1386	368
1387	369
1388	370
1389	371
1390	372
1391	373
1392	374
1393	375
1394	376
1395	377
1396	378
1397	379
1398	380
1399	381
1400	382
1401	383
1402	384
1403	385
1404	386
1405	387
1406	388
1407	389
1408	390
1409	391
1410	392
1411	393
1412	394
1413	395
1414	396
1415	397
1416	398
1417	399
1418	400
1419	401
1420	402
1421	403
1422	404
1423	405
1424	406
1425	407
1426	408
1427	409
1428	410
1429	411
1430	412
1431	413
1432	414
1433	415
1434	416
1435	417
1436	418
1437	419
1438	420
1439	421
1440	422
1441	423
1442	424
1443	425
1444	426
1445	427
1446	428
1447	429
1448	430
1449	431
1450	432
1451	433
1452	434
1453	435
1454	436
1455	437
1456	438
1457	439
1458	440
1459	441
1460	442
1461	443
1462	444
1463	445
1464	446
1465	447
1466	448
1467	449
1468	450
1469	451
1470	452
1471	453
1472	454
1473	455
1474	456
1475	457
1476	458
1477	459
1478	460
1479	461
1480	462
1481	463
1482	464
1483	465
1484	466
1485	467
1486	468
1487	469
1488	470
1489	471
1490	472
1491	473
1492	474
1493	475
1494	476
1495	477
1496	478
1497	479
1498	480
1499	481
1500	482
1501	483
1502	484
1503	485
1504	486
1505	487
1506	488
1507	489
1508	490
1509	491
1510	492
1511	493
1512	494
1513	495
1514	496
1515	497
1516	498
1517	499
1518	500
1519	501
1520	502
1521	503
1522	504
1523	505
1524	506
1525	507
1526	508
1527	509
1528	510
1529	511
1530	512
1531	513
1532	514
1533	515
1534	516
1535	517
1536	518
1537	519
1538	520
1539	521
1545	522
1546	523
1547	524
1548	525
1549	526
1550	527
1551	528
1552	529
1553	530
1554	531
1555	532
1556	533
1557	534
1558	535
1559	536
1560	537
1577	538
1578	539
1579	540
1580	541
1581	542
1582	543
1583	544
1642	545
1643	546
1644	547
1645	548
1646	549
1647	550
1648	551
1672	552
1673	553
1674	554
1675	555
1676	556
1677	557
1678	558
1679	559
1680	560
1681	561
1682	562
1683	563
1684	564
1708	565
1709	566
1710	567
1711	568
1712	569
1713	570
1714	571
1715	572
1716	573
1717	574
1718	575
1719	576
1720	577
1721	578
1722	579
1723	580
1724	581
1725	582
1726	583
1729	584
1730	585
1731	586
1732	587
1733	588
1734	589
1735	590
1736	591
1737	592
1738	593
1739	594
1740	595
1741	596
1742	597
1743	598
1744	599
1746	600
1747	601
1748	602
1749	603
1750	604
1751	605
1752	606
1753	607
1754	608
1755	609
1756	610
1757	611
1758	612
1759	613
1760	614
1761	615
1778	616
1779	617
1780	618
1781	619
1782	620
1783	621
1784	622
1785	623
1786	624
1787	625
1788	626
1789	627
1790	628
1791	629
1792	630
1793	631
1799	632
1800	633
1801	636
1802	637
1803	638
1804	639
1805	640
1806	641
1807	642
1808	643
1826	644
1827	645
1828	646
1829	647
1830	648
1831	649
1856	650
1857	651
1858	652
1859	653
1860	654
1861	655
1862	656
1863	657
1864	658
1865	659
1866	660
1867	661
1868	662
1881	663
1882	664
1883	665
1884	666
1885	667
1886	668
1887	669
1888	670
1889	671
1890	672
1891	673
1892	674
1898	675
1899	676
1900	677
1901	678
1902	679
1903	680
1904	681
1905	682
1906	683
1907	684
1908	685
1909	686
1910	687
1911	688
1912	689
1913	690
1949	691
1950	692
1951	693
1952	694
1953	695
1954	696
1955	697
1956	698
1957	699
1958	700
1959	701
1960	702
1961	703
1962	704
1963	705
1964	706
1965	707
1966	708
1967	709
1969	710
1970	711
1971	712
1972	713
1973	714
1974	715
2001	716
2002	717
2003	718
2004	719
2005	720
2006	721
2007	722
2008	723
2009	724
2010	725
2011	726
2012	727
2013	728
2014	729
2015	730
2016	731
2017	732
2018	733
2019	734
2020	735
2021	736
2022	737
2023	738
2024	739
2025	740
2026	741
2027	742
2028	743
2029	744
2030	745
2031	746
2032	747
2033	748
2034	749
2035	750
2036	751
2037	752
2038	753
2039	754
2040	755
2041	756
2042	757
2043	758
2082	759
2083	760
2084	761
2085	762
2086	763
2087	764
2088	765
2089	766
2090	767
2091	768
2096	769
2097	770
2098	771
2099	772
2100	773
2101	774
2102	775
2103	776
2104	777
2105	778
2106	779
2107	780
2114	781
2115	782
2116	783
2117	784
2118	785
2119	786
2120	787
2121	788
2122	789
2123	790
2124	791
2125	792
2126	793
2127	794
2128	795
2129	797
2130	798
2131	799
2132	800
2133	801
2134	802
2135	803
2136	804
2137	805
2138	806
2139	807
2140	808
2141	809
2142	810
2143	811
2144	812
2145	813
2146	814
2147	815
2148	816
2149	817
2150	818
2151	819
2152	820
2153	821
2160	822
2161	823
2162	824
2163	825
2164	826
2165	827
2166	828
2167	829
2168	830
2191	831
2192	832
2193	833
2194	834
2195	835
2196	836
2197	837
2198	838
2207	839
2208	840
2209	841
2210	842
2211	843
2212	844
2213	845
2214	846
2215	847
2216	848
2217	849
2218	850
2219	851
2220	852
2221	853
2222	854
2223	855
2224	856
2225	857
2226	858
2227	859
2228	860
2229	861
2230	862
2231	863
2239	864
2240	865
2241	866
2242	867
2243	868
2244	869
2245	870
2246	871
2247	872
2248	873
2249	874
2250	875
2251	876
2272	877
2273	878
2274	879
2275	880
2276	881
2277	882
2278	883
2287	884
2288	885
2289	886
2290	887
2291	888
2292	889
2293	890
2294	891
2295	892
2296	893
2297	894
2298	895
2305	896
2306	897
2307	898
2308	899
2309	900
2310	901
2311	902
2312	903
2328	904
2329	905
2330	906
2331	907
2332	908
2333	909
2334	910
2343	911
2344	912
2345	913
2346	914
2347	915
2357	916
2358	917
2359	918
2360	919
2361	920
2362	921
2383	922
2384	923
2385	924
2386	925
2387	926
2388	927
2389	928
2390	929
2391	930
2392	931
2393	932
2394	933
2395	934
2396	935
2397	936
2398	937
2399	938
2400	939
2401	940
2402	941
2403	942
2404	943
2405	944
2406	945
2407	946
2408	947
2409	948
2410	949
2411	950
2412	951
2419	952
2420	953
2421	954
2424	955
2425	956
2426	957
2427	958
2428	959
2429	960
2430	961
2431	962
2432	963
2433	964
2434	965
2435	966
2436	967
2437	968
2438	969
2439	970
2440	971
2441	972
2442	973
2443	974
2444	975
2445	976
2446	977
2451	978
2452	979
2453	980
2454	981
2455	982
2456	983
2457	984
2458	985
2459	986
2460	987
2461	988
2483	989
2484	990
2485	991
2486	992
2487	993
2488	994
2489	995
2490	996
2491	997
2492	998
2498	999
2499	1000
2500	1001
2501	1002
2502	1003
2503	1004
2504	1005
2505	1006
2506	1007
2507	1008
2508	1009
2509	1010
2510	1011
2511	1012
2512	1013
2513	1014
2514	1015
2515	1016
2516	1017
2517	1018
2518	1019
2519	1020
2520	1021
2521	1022
2522	1023
2523	1024
2524	1025
2525	1026
2526	1027
2527	1028
2528	1029
2529	1030
2530	1031
2531	1032
2532	1033
2533	1034
2534	1035
2535	1036
2536	1037
2537	1038
2538	1039
2539	1040
2540	1041
2541	1042
2542	1043
2543	1044
2578	1045
2579	1046
2580	1047
2581	1048
2582	1049
2583	1050
2584	1051
2585	1052
2586	1053
2587	1054
2588	1055
2589	1056
2590	1057
2591	1058
2607	1059
2608	1060
2609	1061
2631	1062
2632	1063
2633	1064
2634	1065
2635	1066
2636	1067
2637	1068
2638	1069
2639	1070
2640	1071
2641	1072
2642	1073
2643	1074
2644	1075
2645	1076
2646	1077
2647	1078
2648	1079
2649	1080
2650	1081
2651	1082
2652	1083
2653	1084
2654	1085
2655	1086
2656	1087
2657	1088
2658	1089
2659	1090
2660	1091
2661	1092
2662	1093
2663	1094
2664	1095
2665	1096
2666	1097
2667	1098
2668	1099
2669	1100
2670	1101
2687	1102
2688	1103
2689	1104
2690	1105
2691	1106
2692	1107
2707	1108
2708	1109
2709	1110
2710	1111
2711	1112
2712	1113
2713	1114
2714	1115
2719	1116
2720	1117
2721	1118
2722	1119
2723	1120
2724	1121
2725	1122
2726	1123
2727	1124
2728	1125
2729	1126
2730	1127
2741	1128
2742	1129
2743	1130
2744	1131
2745	1132
2749	1133
2750	1134
2751	1135
2752	1136
2753	1137
2754	1138
2755	1139
2756	1140
2757	1141
2758	1142
2759	1143
2760	1144
2761	1145
2762	1146
2763	1147
2764	1148
2765	1149
2766	1150
2767	1151
2772	1152
2773	1153
2774	1154
2775	1155
2776	1156
2777	1157
2778	1158
2779	1159
2780	1160
2781	1161
2782	1162
2783	1163
2784	1164
2785	1165
2786	1166
2787	1167
2788	1168
2793	1169
2794	1170
2795	1171
2796	1172
2797	1173
2798	1174
2799	1175
2800	1176
2819	1177
2820	1178
2821	1179
2822	1180
2823	1181
2824	1182
2825	1183
2830	1184
2831	1185
2832	1186
2833	1187
2834	1188
2835	1189
2836	1190
2837	1191
2838	1193
2839	1194
2840	1195
2841	1196
2842	1197
2843	1198
2844	1199
2845	1200
2850	1201
2851	1202
2852	1203
2853	1204
2854	1205
2855	1206
2856	1207
2857	1208
2858	1209
2859	1210
2860	1211
2861	1212
2862	1213
2863	1214
2864	1215
2865	1216
2866	1217
2867	1218
2868	1219
2869	1220
2870	1221
2871	1222
2872	1223
2873	1224
2874	1225
2875	1226
2876	1227
2877	1228
2878	1229
2879	1230
2880	1231
2881	1232
2882	1233
2883	1234
2884	1235
2885	1236
2886	1237
2887	1238
2888	1239
2889	1240
2890	1241
2914	1242
2915	1243
2983	1244
2984	1245
2985	1246
2986	1247
2987	1248
2988	1249
2989	1250
2990	1251
2991	1252
2992	1253
2993	1254
2994	1255
2995	1256
2996	1257
3028	1258
3029	1259
3030	1260
3031	1261
3032	1262
3033	1263
3034	1264
3037	1265
3038	1266
3039	1267
3040	1268
3041	1269
3042	1270
3043	1271
3044	1272
3045	1273
