28	1
29	2
30	3
31	4
32	5
33	6
34	7
35	8
36	9
42	10
43	11
44	12
45	13
46	14
47	15
48	16
49	17
63	18
64	19
65	20
66	21
67	22
68	23
69	24
72	25
73	26
74	27
75	28
76	29
77	30
92	31
93	32
94	33
95	34
96	35
97	36
98	37
99	38
100	39
101	40
102	41
110	42
111	43
112	44
115	45
116	46
122	47
123	48
124	49
125	50
126	51
127	52
128	53
129	54
130	55
131	56
132	57
133	58
134	59
135	60
136	61
137	62
138	63
139	64
140	65
141	66
142	67
143	68
144	69
145	70
146	71
147	72
148	73
149	74
150	75
151	76
152	77
153	78
154	79
155	80
156	81
157	82
158	83
159	84
160	85
161	86
162	87
163	88
164	89
165	90
166	91
167	92
168	93
169	94
170	95
171	97
172	98
173	99
174	100
175	101
176	102
177	103
178	104
179	105
180	106
181	107
182	108
183	109
184	110
185	111
186	112
187	113
188	114
189	115
190	116
191	117
192	118
193	119
194	120
195	121
196	122
197	123
198	124
199	125
200	126
201	127
202	128
203	129
204	130
205	131
206	132
207	133
208	134
209	135
210	136
211	137
212	138
213	139
214	140
215	141
216	142
217	143
218	144
219	145
220	146
221	147
222	148
223	149
224	150
225	151
226	152
227	153
228	154
229	155
230	156
231	157
232	158
233	159
234	160
235	161
236	162
237	163
238	164
239	165
240	166
241	167
242	168
243	169
244	170
245	171
246	172
247	173
248	174
249	175
259	176
260	177
261	178
262	179
263	180
264	181
265	182
266	183
267	184
268	185
269	186
270	187
271	188
272	189
273	190
274	191
275	192
276	193
277	194
278	195
279	196
280	197
281	198
282	199
283	200
284	201
285	202
286	203
287	204
291	205
292	206
293	207
294	208
295	209
296	210
297	211
298	212
299	213
300	214
301	215
302	216
303	217
304	218
305	219
306	220
307	221
309	222
310	223
311	224
312	225
313	226
314	227
315	228
316	229
317	230
318	231
319	232
320	233
321	234
322	235
323	236
324	237
325	238
326	239
327	240
328	241
329	242
330	243
331	244
332	245
334	246
335	247
336	248
337	249
338	250
339	251
340	252
341	253
342	254
343	255
344	256
345	257
346	258
347	259
348	260
349	261
350	262
351	263
352	264
353	265
354	266
355	267
356	268
357	269
358	270
359	271
360	272
361	273
362	274
363	276
364	277
365	278
366	279
367	280
368	281
369	282
370	283
371	284
372	285
373	286
374	287
375	288
381	289
382	290
383	291
384	292
385	293
386	294
387	295
388	296
389	297
390	298
391	299
392	300
393	301
394	302
395	303
396	305
397	306
398	307
399	308
400	309
401	310
402	311
403	312
404	313
405	314
406	315
407	316
408	317
409	318
410	319
411	320
412	321
413	322
414	323
415	324
416	325
417	326
418	327
419	328
420	332
421	333
422	334
423	335
424	336
425	337
426	338
427	339
428	340
429	341
430	342
431	343
432	344
433	345
434	346
435	360
436	361
437	362
438	363
439	364
440	365
441	366
442	367
443	368
444	369
445	370
446	371
447	372
448	373
449	374
450	375
451	376
452	377
453	378
454	379
455	380
456	381
457	382
464	383
465	384
466	385
467	386
468	387
469	388
470	389
471	390
472	391
473	392
474	393
475	394
476	395
477	396
478	397
479	398
480	399
481	401
482	402
483	403
484	404
485	405
486	406
487	407
488	408
489	409
490	410
491	411
492	412
493	413
494	414
495	415
496	416
497	417
498	418
499	419
