1	27
2	28
3	29
4	30
5	31
6	32
7	33
8	34
9	35
10	36
11	37
12	38
13	39
14	40
15	41
16	42
17	43
18	44
19	45
20	46
21	47
22	48
23	49
24	50
25	51
26	52
27	53
28	54
29	55
30	56
31	57
32	58
33	59
34	60
35	61
36	62
37	63
38	64
39	65
40	66
41	79
42	80
43	81
44	82
45	83
46	84
47	85
48	86
49	87
50	88
51	89
52	90
53	91
54	92
55	93
56	94
57	95
58	99
59	100
60	101
61	102
62	103
63	104
64	105
65	106
66	107
67	108
68	109
69	110
70	111
71	112
72	113
73	114
74	115
75	116
76	117
77	118
78	119
79	120
80	121
81	122
82	123
83	124
84	125
85	126
86	127
87	128
88	129
89	130
90	131
91	132
92	133
93	134
94	135
95	136
96	137
97	138
98	139
99	140
100	141
101	142
102	156
103	157
104	158
105	159
106	160
107	161
108	162
109	163
110	164
111	165
112	166
113	167
114	168
115	169
116	170
117	171
118	172
119	173
120	174
121	175
122	176
123	187
124	188
125	189
126	190
127	191
128	192
129	193
130	194
131	195
132	196
133	197
134	198
135	199
136	200
137	201
138	202
139	203
140	204
141	205
142	206
143	207
144	208
145	209
146	210
147	211
148	212
149	213
150	214
151	215
152	216
153	217
154	218
155	219
156	220
157	221
158	222
159	223
160	224
161	225
162	226
163	227
164	228
165	229
166	230
167	231
168	232
169	233
170	234
171	235
172	236
173	237
174	238
175	239
176	240
177	241
178	242
179	243
180	244
181	245
182	246
190	247
191	248
192	249
193	250
194	251
584	252
585	253
586	254
696	255
697	256
698	257
699	258
700	259
701	260
702	261
703	262
1132	263
1133	264
1134	265
1135	266
1136	267
1137	268
1138	269
1139	270
1140	271
1141	272
1142	273
1143	274
1144	275
1145	276
1146	277
1147	278
1148	279
1149	280
1150	281
1151	282
1152	283
1153	284
1154	285
1155	286
1156	287
1157	288
1158	289
1159	290
1160	291
1161	292
1162	293
1163	294
1164	295
1165	296
1166	297
1167	298
1168	299
1169	300
1170	301
1171	302
1172	303
1173	304
1174	305
1175	306
1176	307
1177	308
1178	309
1179	310
1180	311
1181	312
1182	313
1183	314
1184	315
1185	316
1186	317
1187	318
1188	319
1189	320
1190	321
1191	322
1192	323
1193	324
1194	325
1195	326
1196	327
1197	328
1198	329
1199	330
1200	331
1201	332
1202	333
1203	334
1204	335
1205	336
1206	337
1207	338
1208	339
1209	340
1210	341
1211	342
1212	343
1213	344
1214	345
1215	346
1216	347
1217	348
1218	349
1219	350
1220	351
1221	352
1222	353
1223	354
1224	355
1225	356
1226	357
1227	358
1228	359
1229	360
1230	361
1231	362
1232	363
1233	364
1234	365
1235	366
1236	367
1237	368
1238	369
1239	370
1240	371
1241	372
1242	373
1243	374
1244	375
1245	376
1246	377
1247	378
1248	379
1249	380
1250	381
1251	382
1252	383
1253	384
1254	385
1255	386
1256	387
1257	388
1258	389
1259	390
1260	391
1261	392
1262	393
1263	394
1264	395
1265	396
1266	397
1267	398
1268	399
1269	400
1270	401
1271	402
1272	403
1273	404
1274	405
1275	406
1276	407
1277	408
1278	409
1279	410
1280	411
1281	412
1282	413
1283	414
1284	415
1285	416
1286	417
1287	418
1288	419
1289	420
1290	421
1291	422
1292	423
1293	424
1294	425
1295	426
1296	427
1297	428
1298	429
1299	430
1300	431
1301	432
1302	433
1303	434
1304	435
1305	436
1306	437
1307	438
1308	439
1309	440
1310	441
1311	442
1312	443
1313	449
1314	450
1315	451
1316	452
1317	453
1318	454
1319	460
1320	461
1321	462
1322	463
1323	464
1324	465
1325	466
1326	467
1327	468
1328	469
1329	470
1330	471
1331	472
1332	473
1333	487
1334	488
1335	489
1336	490
1337	491
1338	492
1339	493
1340	494
1341	495
1342	496
1343	497
1344	498
1345	499
1346	500
1347	503
1348	504
1349	505
1350	506
1351	507
1352	508
1353	509
1354	510
1355	511
1356	512
1357	513
1358	514
1359	515
1360	516
1361	517
1362	518
1363	519
1364	520
1365	521
1366	522
1367	523
1368	524
1369	525
1370	526
1371	527
1372	528
1373	529
1374	530
1375	531
1376	532
1377	533
1378	534
1379	535
1380	536
1381	537
1382	538
1383	539
1384	540
1385	541
1386	542
1387	543
1388	544
1389	545
1390	546
1391	547
1392	548
1393	549
1394	550
1395	551
1396	552
1397	553
1398	554
1399	555
1400	556
1401	557
1402	558
1403	559
1404	560
1405	561
1406	562
1407	563
1408	564
1409	565
1410	566
1411	567
1412	568
1413	569
1414	570
1415	571
1416	572
1417	573
1418	574
1419	575
1420	576
1421	577
1422	578
1423	579
1424	580
1425	581
1426	582
1427	583
1428	584
1429	585
1430	586
1431	587
1432	588
1433	589
1434	590
1435	591
1436	592
1437	593
1438	594
1439	595
1440	596
1441	597
1442	598
1443	599
1444	600
1445	601
1446	602
1447	603
1448	604
1449	605
1450	606
1451	607
1452	608
1453	609
1454	610
1455	611
1456	612
1457	613
1458	614
1459	615
1460	616
1461	617
1462	618
1463	619
1464	620
1465	638
1466	639
1467	640
1468	641
1469	642
1470	643
1471	644
1472	645
1473	646
1474	647
1475	648
1476	649
1477	650
1478	651
1479	652
1480	653
1481	654
1482	655
1483	656
1484	657
1485	658
1486	659
1487	660
1488	661
1489	662
1490	663
1491	664
1492	665
1493	666
1494	667
1495	668
1496	669
1497	670
1498	671
1499	672
1500	687
1501	688
1502	689
1503	690
1504	691
1505	692
1506	693
1507	694
1508	695
1509	696
1510	697
1511	698
1512	699
1513	700
1514	701
1515	702
1516	703
1517	704
1518	705
1519	706
1520	707
1521	708
1522	709
1523	710
1524	711
1525	712
1526	713
1527	714
1528	715
1529	716
1530	717
1531	718
1532	719
1533	720
1534	721
1535	722
1536	723
1537	724
1538	725
1539	726
1540	727
1541	728
1542	729
1543	730
1544	731
1545	732
1546	733
1547	734
1548	735
1549	736
1550	737
1551	738
1552	739
1553	740
1554	741
1555	742
1556	743
1557	744
1558	745
1559	746
1560	747
1561	748
1562	749
1563	750
1564	751
1565	752
1566	753
1567	754
1568	755
1569	756
1570	757
1571	758
1572	759
1573	760
1574	761
1575	762
1576	763
1577	764
1578	765
1579	766
1580	767
1581	768
1582	769
1583	770
1584	771
1585	772
1586	773
1587	774
1588	775
1589	776
1590	777
1591	778
1592	779
1593	780
1594	781
1595	782
1596	783
1597	784
1598	785
1599	786
1600	787
1601	788
1602	789
1603	790
1604	791
1605	792
1606	793
1607	794
1608	795
1609	796
1610	797
1611	798
1612	799
1613	800
1614	801
1615	802
1616	803
1617	804
1618	805
1619	806
1620	807
1621	808
1622	812
1623	813
1624	814
1625	815
1626	816
1627	817
1628	818
1629	819
1630	820
1631	821
1632	822
1633	823
1634	824
1635	825
1636	826
1637	827
1638	828
1639	853
1640	854
1641	855
1642	856
1643	857
1644	858
1645	859
1646	860
1647	861
1648	862
1649	863
1650	864
1651	865
1652	866
1653	867
1654	868
1655	869
1656	870
1657	871
1658	872
1659	873
1660	874
1661	875
1662	876
1663	877
1664	878
1665	879
1666	880
1667	881
1668	882
1669	883
1670	884
1671	885
1672	886
1673	887
1674	888
1675	889
1676	890
1677	891
1678	892
1679	893
1680	894
1681	895
1682	896
1683	897
1684	898
1685	899
1686	900
1687	901
1688	902
1689	903
1690	904
1691	905
1692	906
1693	907
1694	908
1695	909
1696	910
1697	911
1698	912
1699	913
1700	914
1701	915
1702	916
1703	917
1704	918
1705	919
1706	920
1707	921
1708	922
1709	923
1710	924
1711	925
1712	926
1713	927
1714	928
1715	929
1716	930
1717	931
1718	932
1719	933
1720	934
1721	935
1722	936
1723	937
1724	938
1725	939
1726	940
1727	941
1728	942
1729	943
1730	944
1731	945
1732	946
1733	947
1734	948
1735	949
1736	950
1737	951
1738	952
1739	953
1740	954
1741	955
1742	956
1743	957
1744	958
1745	959
1746	960
1747	961
1748	962
1749	963
1750	964
1751	965
1752	966
1753	967
1754	968
1755	969
1756	970
1757	971
1758	972
1759	973
1760	974
1761	975
1762	976
1763	977
1764	978
1765	979
1766	980
1767	981
1768	982
1769	983
1770	984
1771	985
1772	986
1773	987
1774	988
1775	989
1776	990
1777	991
1778	992
1779	993
1780	994
1781	995
1782	996
1783	997
1784	998
1785	999
1786	1000
1787	1001
1788	1002
1789	1003
1790	1004
1791	1005
1792	1006
1793	1007
1794	1008
1795	1009
1796	1010
1797	1011
1798	1012
1799	1013
1800	1014
1801	1015
1802	1016
1803	1017
1804	1018
1805	1019
1806	1020
1807	1021
1808	1022
1809	1023
1810	1024
1811	1025
1812	1026
1813	1027
1814	1028
1815	1029
1816	1030
1817	1031
1818	1032
1819	1033
1820	1034
1821	1035
1822	1036
1823	1037
1824	1038
1825	1039
1826	1040
1827	1041
1828	1042
1829	1043
1830	1044
1831	1045
1832	1046
1833	1047
1834	1048
1835	1049
1836	1050
1837	1051
1838	1052
1839	1053
1840	1054
1841	1055
1842	1056
1843	1057
1844	1058
1845	1059
1846	1060
1847	1061
1848	1062
1849	1063
1850	1064
1851	1065
1852	1066
1853	1067
1854	1068
1855	1069
1856	1070
1857	1071
1858	1072
1859	1073
1860	1074
1861	1075
1862	1076
1863	1077
1864	1078
1865	1079
1866	1080
1867	1081
1868	1082
1869	1083
1870	1084
1871	1085
1872	1086
1873	1087
1874	1088
1875	1089
1876	1090
1877	1091
1878	1092
1879	1093
1880	1094
1881	1095
1882	1096
1883	1097
1884	1098
1885	1099
1886	1100
1887	1101
1888	1102
1889	1103
1890	1104
1891	1105
1892	1106
1893	1107
1894	1108
1895	1109
1896	1110
1897	1111
1898	1112
1899	1113
1900	1114
1901	1115
1902	1116
1903	1117
1904	1118
1905	1119
1906	1120
1907	1121
1908	1122
1909	1123
1910	1124
1911	1125
1912	1126
1913	1127
1914	1128
1915	1129
1916	1130
1917	1131
1918	1132
1919	1133
1920	1134
1921	1135
1922	1136
1923	1137
1924	1138
1925	1139
1926	1140
1927	1141
1928	1142
1929	1143
1930	1144
1931	1145
1932	1146
1933	1147
1934	1148
1935	1149
1936	1150
1937	1151
1938	1152
1939	1153
1940	1154
1964	1155
1965	1156
1966	1157
1967	1158
1972	1159
1973	1160
1974	1161
1975	1162
1976	1163
1977	1164
1978	1165
1979	1166
1980	1167
1981	1168
2010	1169
2011	1170
2012	1171
2013	1172
2014	1173
2015	1174
2016	1175
2017	1176
2018	1177
2019	1178
2020	1179
2071	1180
2072	1181
2073	1182
2074	1183
2075	1184
2076	1185
2077	1186
2078	1187
2079	1188
2080	1189
2081	1190
2082	1191
2083	1192
2084	1193
2085	1194
2088	1195
2089	1196
2090	1197
2091	1198
2092	1199
2093	1200
2094	1201
2158	1202
2159	1203
2160	1204
2161	1205
2162	1206
2173	1207
2174	1208
2175	1209
2176	1210
2177	1211
2178	1212
2179	1213
2199	1214
2200	1215
2201	1216
2202	1217
2319	1218
2320	1219
2321	1220
2322	1221
2323	1222
2324	1223
2325	1224
2330	1225
2331	1226
2332	1227
2333	1228
2334	1229
2335	1230
2336	1231
2337	1232
2338	1233
2339	1234
2340	1235
2341	1236
2342	1237
2343	1238
2344	1239
2345	1240
2410	1241
2411	1242
2449	1243
2450	1244
2468	1245
2469	1246
2470	1247
2471	1248
2472	1249
2529	1250
2530	1251
2531	1252
2546	1253
2547	1254
2548	1255
2549	1256
2550	1257
2561	1258
2562	1259
2563	1260
2564	1261
2565	1262
2566	1263
2567	1264
2568	1265
2569	1266
2570	1267
2571	1268
2572	1269
2573	1270
2574	1271
2575	1272
2576	1273
