51	1
52	2
53	3
54	4
55	5
63	6
64	7
65	8
66	9
67	10
68	11
69	12
70	13
71	14
72	15
73	16
74	17
75	18
76	19
77	20
78	21
79	22
80	23
126	24
127	25
128	26
129	27
130	28
131	29
132	30
133	31
134	32
135	33
136	34
137	35
138	36
139	37
140	38
141	39
142	40
143	41
144	42
150	43
151	44
152	45
153	46
154	47
155	48
156	49
157	50
158	51
159	52
160	53
161	54
162	55
163	56
164	57
165	58
166	59
167	60
168	61
169	62
170	63
185	64
186	65
187	66
188	67
189	68
190	69
191	70
192	71
193	72
194	73
195	74
196	75
197	76
198	77
255	78
256	79
269	80
270	81
271	82
272	83
273	84
274	85
275	86
276	87
277	88
278	89
279	90
296	91
297	92
298	93
299	94
300	95
301	96
302	97
303	98
304	99
305	100
306	101
307	102
308	103
331	104
332	105
333	106
334	107
346	108
347	109
348	110
349	111
350	112
368	113
369	114
370	115
371	116
372	117
373	118
374	119
375	120
376	121
377	122
378	123
379	124
419	125
420	126
421	127
422	128
423	129
502	130
503	131
504	132
505	133
506	134
507	135
524	136
525	137
583	138
584	139
585	140
586	141
587	142
617	143
618	144
619	145
620	146
621	147
622	148
623	149
624	150
625	151
626	152
698	153
699	154
700	155
701	156
702	157
703	158
704	159
705	160
706	161
707	162
708	163
709	164
710	165
711	166
712	167
713	168
714	169
715	170
716	171
717	172
718	173
719	174
720	175
721	176
734	177
735	178
736	179
737	180
738	181
739	182
740	183
741	184
742	185
743	186
744	187
745	188
746	189
747	190
784	191
785	192
786	193
787	194
788	195
789	196
790	197
791	198
792	199
793	200
794	206
795	207
796	208
797	209
798	210
799	211
800	212
801	213
802	214
803	215
804	216
805	217
806	218
807	219
808	220
809	221
810	222
811	223
812	224
813	225
814	226
815	227
816	228
817	229
836	230
837	231
838	232
869	233
870	234
871	235
872	236
891	237
892	238
893	239
894	240
895	241
896	242
897	243
898	244
907	245
908	246
909	247
910	248
911	249
912	250
914	251
915	252
916	253
923	254
924	255
925	256
926	257
927	258
928	259
929	260
930	261
931	262
932	263
933	264
934	265
935	266
936	267
955	268
956	269
957	270
958	271
965	272
966	273
967	274
968	275
969	276
970	277
971	278
972	279
973	280
974	281
975	282
976	283
977	284
978	285
979	286
980	287
981	288
982	289
983	290
984	291
985	292
986	293
987	294
1070	295
1071	296
1072	297
1073	298
1074	299
1075	300
1076	301
1097	302
1098	303
1099	304
1100	305
1101	306
1102	307
1103	308
1104	309
1105	310
1106	311
1107	312
1108	313
1109	314
1110	315
1111	316
1156	317
1157	318
1158	319
1159	320
1160	321
1161	322
1178	323
1179	324
1180	325
1181	326
1182	327
1183	328
1184	329
1185	330
1186	331
1191	332
1192	333
1193	334
1194	335
1195	336
1196	337
1197	338
1198	339
1199	340
1200	341
1201	342
1202	343
1203	344
1204	345
1205	346
1206	347
1207	348
1208	349
1209	350
1210	351
1211	352
1212	353
1213	354
1214	355
1215	356
1216	357
1217	358
1218	359
1219	360
1220	361
1221	362
1222	363
1223	364
1224	365
1225	366
1226	367
1227	368
1228	369
1229	370
1230	371
1231	372
1232	373
1233	374
1234	375
1235	376
1236	377
1237	378
1238	379
1239	380
1240	381
1241	382
1242	383
1243	384
1244	385
1245	386
1246	387
1247	388
1248	389
1249	390
1250	391
1251	392
1252	393
1253	394
1254	395
1255	396
1256	397
1257	398
1258	399
1259	400
1260	401
1261	402
1262	403
1263	404
1264	405
1265	406
1266	407
1267	408
1268	409
1269	410
1270	411
1271	412
1272	413
1273	414
1274	415
1275	416
1276	417
1277	418
1278	419
1279	420
1280	421
1281	422
1282	423
1283	424
1284	425
1285	426
1286	427
1287	428
1288	429
1289	430
1290	431
1291	432
1292	433
1293	434
1294	435
1295	436
1296	437
1297	438
1298	439
1299	440
1300	441
1301	442
1302	443
1303	444
1304	445
1305	446
1306	447
1307	448
1308	449
1309	450
1310	451
1311	452
1312	453
1313	454
1314	455
1315	456
1316	457
1317	458
1318	459
1319	460
1320	461
1321	462
1322	463
1323	464
1324	465
1325	466
1326	467
1327	468
1328	469
1329	470
1330	471
1331	472
1332	473
1333	474
1334	475
1335	476
1336	477
1337	478
1338	479
1339	480
1340	481
1341	482
1342	483
1343	484
1344	485
1345	486
1346	487
1347	488
1348	489
1349	490
1350	491
1351	492
1352	493
1353	494
1354	495
1355	496
1356	497
1357	498
1358	499
1359	500
1360	501
1361	502
1362	503
1363	504
1364	505
1365	506
1366	507
1367	508
1368	509
1369	510
1370	511
1371	512
1372	513
1373	514
1374	515
1375	516
1376	517
1377	518
1378	519
1379	520
1380	521
1381	523
1382	524
1383	525
1384	526
1385	527
1386	529
1387	530
1388	531
1389	532
1390	533
1391	590
1392	591
1393	592
1394	593
1395	594
1396	595
1397	615
1398	616
1399	617
1400	618
1401	619
1402	620
1403	621
1404	623
1405	624
1406	625
1407	626
1408	633
1409	684
1410	685
1411	686
1412	687
1413	688
1414	689
1415	690
1416	691
1417	692
1418	693
1419	694
1420	695
1421	704
1422	705
1423	706
1424	707
1425	708
1426	709
1427	710
1428	711
1429	712
1430	739
1431	740
1432	741
1433	742
1434	743
1435	756
1436	757
1437	758
1438	759
1439	760
1440	761
1441	762
1442	763
1443	764
1444	799
1445	800
1446	801
1447	802
1448	803
1449	804
1450	805
1451	806
1452	807
1453	808
1454	816
1455	817
1456	818
1460	819
1461	820
1462	821
1463	824
1464	825
1465	826
1466	827
1467	828
1468	829
1469	830
1470	831
1471	832
1472	833
1473	834
1474	835
1475	836
1476	837
1477	838
1478	839
1479	840
1480	841
1481	842
1482	843
1483	854
1484	855
1485	856
1486	857
1487	869
1488	870
1489	871
1490	872
1491	873
1492	874
1493	875
1494	876
1495	877
1496	878
1497	879
1498	880
1499	881
1500	882
1501	883
1502	884
1503	885
1504	886
1505	887
1506	888
1507	903
1508	904
1509	905
1510	906
1511	996
1512	997
1513	998
1514	999
1515	1000
1516	1001
1517	1002
1518	1003
1519	1004
1520	1005
1521	1006
1522	1007
1523	1008
1524	1009
1525	1010
1526	1011
1527	1012
1528	1013
1529	1014
1530	1015
1531	1016
1532	1017
1533	1018
1534	1019
1535	1020
1536	1021
1537	1022
1538	1023
1539	1045
1540	1046
1541	1047
1542	1048
1543	1066
1544	1067
1545	1068
1546	1069
1547	1070
1548	1071
1549	1072
1550	1073
1551	1074
1552	1075
1553	1076
1554	1090
1555	1091
1556	1092
1557	1093
1558	1094
1559	1137
1560	1138
1561	1139
1562	1140
1563	1141
1564	1142
1565	1143
1566	1144
1567	1145
1568	1146
1569	1147
1570	1148
1571	1149
1572	1150
1573	1151
1574	1247
1575	1248
1576	1249
1577	1250
1578	1251
1579	1252
