1	207
2	208
3	209
4	210
5	211
6	212
7	213
8	214
9	215
10	216
11	217
12	218
13	219
14	220
15	221
16	222
17	223
18	224
19	225
20	226
21	227
22	228
23	229
24	230
25	231
26	232
27	233
28	234
29	235
30	236
31	237
32	238
33	239
34	240
35	241
36	242
37	243
38	244
39	245
40	246
41	247
42	248
43	249
44	250
45	251
46	252
47	253
48	254
49	255
50	256
51	257
52	258
53	259
54	260
55	261
56	262
57	263
58	264
59	265
60	266
61	267
62	268
63	269
64	270
65	271
66	272
67	273
68	274
69	275
70	276
71	277
72	278
73	279
74	280
75	281
76	282
77	283
78	284
79	285
80	286
81	287
82	288
83	289
84	290
85	291
86	292
87	293
88	294
89	295
90	296
91	297
92	298
93	299
94	300
95	301
96	302
97	303
98	304
99	305
100	306
101	307
102	308
103	309
104	310
105	311
106	312
107	313
108	314
109	315
110	316
111	317
112	318
113	319
114	320
115	321
116	322
117	323
118	324
119	325
120	326
121	327
122	328
123	329
124	330
125	331
126	332
127	333
128	334
129	335
130	336
131	337
132	338
133	339
134	340
135	341
136	342
137	343
138	344
139	345
140	346
141	347
142	348
143	349
144	350
145	351
146	352
147	353
148	354
149	355
150	356
151	357
152	358
153	359
154	360
155	361
156	362
157	363
158	364
159	365
160	366
161	367
162	368
163	369
164	370
165	371
166	372
167	373
168	393
169	394
170	395
171	396
172	397
173	398
174	438
175	439
176	440
177	441
178	442
179	443
180	444
181	445
182	446
183	447
184	448
185	449
186	450
187	451
188	452
189	453
190	454
191	455
192	456
193	462
194	463
195	464
196	465
197	466
198	467
199	468
200	477
201	478
202	479
203	480
204	481
205	482
206	483
207	484
208	485
209	486
210	487
211	488
212	489
213	490
214	491
215	492
216	493
217	494
218	495
219	496
220	497
221	498
222	499
223	500
227	501
228	502
229	503
230	504
231	505
232	506
233	507
234	508
235	509
236	510
237	511
238	512
239	513
240	514
241	515
242	516
243	517
244	518
245	519
246	520
247	521
248	522
249	523
250	524
251	525
252	526
253	527
254	528
255	529
256	530
257	531
258	761
259	762
260	763
261	776
262	777
263	778
264	779
265	780
266	781
267	782
268	783
269	784
270	785
271	786
272	787
273	788
274	789
275	790
276	791
277	957
278	958
279	959
280	960
281	961
282	962
283	963
284	1255
285	1256
286	1257
287	1258
288	1259
289	1260
290	1261
291	1301
292	1302
293	1303
294	1304
295	1305
296	1306
297	1307
298	1308
299	1309
300	1310
301	1311
302	1312
303	1313
304	1314
305	1315
306	1345
307	1346
308	1347
309	1348
310	1349
311	1562
312	1563
313	1564
314	1565
315	1566
316	1567
317	1568
318	1569
319	1570
320	1571
321	1572
322	1667
323	1668
324	1669
325	1670
326	1671
327	1809
328	1810
329	1811
330	1812
331	1813
332	1814
333	1815
334	1816
