121	1
122	2
123	3
124	4
156	5
157	6
158	7
159	8
160	9
416	10
417	11
418	12
419	13
420	14
421	15
422	16
423	17
424	18
425	19
508	20
509	21
684	22
685	23
686	24
687	25
688	26
973	27
974	28
975	29
976	30
977	31
978	32
979	33
980	34
981	35
982	36
983	37
984	38
985	39
986	40
987	41
988	42
989	43
990	44
991	45
992	46
993	47
994	48
995	49
996	50
997	51
998	52
999	53
1000	54
1001	55
1002	56
1003	57
1004	58
1005	59
1006	60
1007	61
1008	62
1009	63
1010	64
1011	65
1012	66
1013	67
1014	68
1015	69
1016	80
1017	81
1018	82
1019	83
1020	84
1021	85
1022	86
1023	87
1024	88
1025	89
1026	90
1027	91
1028	92
1029	93
1030	94
1031	95
1032	96
1033	97
1034	98
1035	99
1036	100
1037	101
1038	102
1039	103
1040	104
1041	105
1042	106
1043	107
1044	108
1045	109
1046	110
1047	111
1048	112
1049	113
1050	114
1051	115
1052	116
1053	117
1054	118
1055	119
1056	120
1057	121
1058	122
1059	123
1060	124
1061	125
1062	126
1063	127
1064	128
1065	129
1066	130
1067	131
1068	132
1069	133
1070	134
1071	135
1072	136
1073	137
1074	138
1075	139
1076	140
1077	141
1078	142
1079	143
1080	165
1081	166
1082	167
1083	168
1084	169
1085	170
1086	171
1087	172
1088	186
1089	187
1090	188
1091	189
1092	190
1093	191
1094	192
1095	193
1096	194
1097	195
1098	196
1099	197
1100	198
1101	199
1102	200
1103	201
1104	202
1105	203
1106	204
1107	205
1108	206
1109	207
1110	208
1111	209
1112	210
1113	211
1114	212
1115	213
1116	214
1117	215
1118	216
1119	217
1120	218
1121	219
1122	220
1123	221
1124	222
1125	223
1126	224
1127	225
1128	226
1129	227
1130	228
1131	229
1132	230
1133	231
1134	232
1135	233
1136	234
1137	235
1138	236
1139	237
1140	238
1141	239
1142	240
1143	241
1144	242
1145	243
1146	244
1147	245
1148	263
1149	264
1150	265
1151	266
1152	267
1153	268
1154	269
1155	270
1156	271
1157	272
1158	273
1159	274
1160	275
1161	276
1162	277
1163	278
1164	279
1165	280
1166	281
1167	282
1168	283
1169	284
1170	285
1171	286
1172	287
1173	288
1174	289
1175	290
1176	291
1177	292
1178	293
1179	294
1180	295
1181	296
1182	297
1183	298
1184	299
1185	300
1186	301
1187	302
1188	303
1189	304
1190	305
1191	306
1192	307
1193	308
1194	309
1195	310
1196	311
1197	312
1198	313
1199	314
1200	315
1201	316
1202	317
1203	318
1204	319
1205	320
1206	321
1207	322
1208	323
1209	324
1210	325
1211	326
1212	327
1213	328
1214	329
1215	330
1216	331
1217	332
1218	333
1219	334
1220	335
1221	336
1222	337
1223	338
1224	339
1225	340
1226	341
1227	342
1228	343
1229	344
1230	345
1231	346
1232	347
1233	348
1234	349
1235	350
1236	351
1237	352
1238	353
1239	354
1240	355
1241	356
1242	357
1243	358
1244	359
1245	360
1246	361
1247	362
1248	363
1249	364
1250	365
1251	366
1252	367
1253	368
1254	369
1255	370
1256	371
1257	372
1258	373
1259	374
1260	375
1261	376
1262	377
1263	378
1264	379
1265	380
1266	381
1267	382
1268	383
1269	384
1270	385
1271	386
1272	387
1273	388
1274	389
1275	390
1276	391
1277	392
1278	393
1279	394
1280	395
1281	396
1282	397
1283	398
1284	399
1285	400
1286	401
1287	402
1288	403
1289	404
1290	405
1291	406
1292	407
1293	408
1294	409
1295	410
1296	411
1297	412
1298	413
1299	414
1300	415
1301	416
1302	417
1303	418
1304	419
1305	420
1306	421
1307	422
1308	423
1309	424
1310	425
1311	426
1312	427
1313	428
1314	429
1315	430
1316	431
1317	432
1318	433
1319	434
1320	435
1321	436
1322	437
1323	438
1324	439
1325	440
1326	441
1327	442
1328	443
1329	444
1330	447
1331	448
1332	449
1333	450
1334	451
1335	452
1336	453
1337	454
1338	462
1339	463
1340	464
1341	465
1342	466
1343	467
1344	468
1345	489
1346	490
1347	491
1348	492
1349	493
1350	494
1351	495
1352	496
1353	497
1354	498
1355	499
1356	500
1357	501
1358	503
1359	504
1360	505
1361	506
1362	507
1363	508
1364	509
1365	510
1366	511
1367	512
1368	513
1369	514
1370	515
1371	516
1372	517
1373	518
1374	519
1375	520
1376	521
1377	522
1378	523
1379	524
1380	525
1381	526
1382	527
1383	528
1384	529
1385	530
1386	531
1387	532
1388	533
1389	534
1390	535
1391	536
1392	537
1393	538
1394	539
1395	540
1396	541
1397	542
1398	543
1399	544
1400	545
1401	546
1402	547
1403	548
1404	549
1405	550
1406	551
1407	552
1408	553
1409	554
1410	555
1411	556
1412	557
1413	558
1414	559
1415	560
1416	561
1417	562
1418	563
1419	564
1420	565
1421	566
1422	567
1423	568
1424	569
1425	570
1426	571
1427	572
1428	573
1429	574
1430	575
1431	576
1432	577
1433	578
1434	579
1435	580
1436	581
1437	582
1438	583
1439	584
1440	585
1441	586
1442	587
1443	588
1444	589
1445	590
1446	591
1447	592
1448	593
1449	594
1450	595
1451	596
1452	597
1453	598
1454	599
1455	600
1456	601
1457	602
1458	603
1459	604
1460	605
1461	606
1462	607
1463	608
1464	609
1465	610
1466	611
1467	612
1468	613
1469	614
1470	615
1471	616
1472	617
1473	618
1474	619
1475	620
1476	641
1477	642
1478	643
1479	644
1480	645
1481	646
1482	647
1483	648
1484	649
1485	650
1486	651
1487	652
1488	653
1489	654
1490	655
1491	656
1492	657
1493	658
1494	659
1495	660
1496	661
1497	662
1498	663
1499	664
1500	665
1501	666
1502	667
1503	668
1504	669
1505	670
1506	671
1507	672
1508	673
1509	674
1510	675
1511	676
1512	689
1513	690
1514	691
1515	692
1516	693
1517	694
1518	695
1519	696
1520	697
1521	698
1522	699
1523	700
1524	701
1525	702
1526	703
1527	704
1528	705
1529	706
1530	707
1531	708
1532	709
1533	710
1534	711
1535	712
1536	713
1537	714
1538	715
1539	716
1540	717
1541	718
1542	719
1543	720
1544	721
1545	722
1546	723
1547	724
1548	725
1549	726
1550	727
1551	728
1552	729
1553	730
1554	731
1555	732
1556	733
1557	734
1558	735
1559	736
1560	737
1561	738
1562	739
1563	740
1564	741
1565	742
1566	743
1567	744
1568	745
1569	746
1570	747
1571	748
1572	749
1573	750
1574	751
1575	752
1576	753
1577	754
1578	755
1579	756
1580	757
1581	758
1582	759
1583	760
1584	761
1585	762
1586	763
1587	764
1588	765
1589	766
1590	767
1591	768
1592	769
1593	770
1594	771
1595	772
1596	773
1597	774
1598	775
1599	776
1600	777
1601	778
1602	779
1603	780
1604	781
1605	782
1606	783
1607	784
1608	785
1609	786
1610	787
1611	788
1612	789
1613	790
1614	791
1615	792
1616	793
1617	794
1618	795
1619	796
1620	797
1621	798
1622	799
1623	800
1624	801
1625	802
1626	803
1627	804
1628	805
1629	806
1630	807
1631	808
1632	809
1633	810
1634	811
1635	812
1636	813
1637	814
1638	815
1639	816
1640	817
1641	818
1642	819
1643	820
1644	821
1645	822
1646	823
1647	824
1648	825
1649	826
1650	827
1651	854
1652	855
1653	856
1654	857
1655	858
1656	859
1657	860
1658	861
1659	862
1660	863
1661	864
1662	865
1663	866
1664	867
1665	868
1666	869
1667	870
1668	871
1669	872
1670	873
1671	874
1672	875
1673	876
1674	877
1675	878
1676	879
1677	880
1678	881
1679	882
1680	883
1681	884
1682	885
1683	886
1684	887
1685	888
1686	889
1687	890
1688	891
1689	892
1690	893
1691	894
1692	895
1693	896
1694	897
1695	898
1696	899
1697	900
1698	901
1699	902
1700	903
1701	904
1702	905
1703	906
1704	907
1705	908
1706	909
1707	910
1708	911
1709	912
1710	913
1711	914
1712	915
1713	916
1714	917
1715	918
1716	919
1717	920
1718	921
1719	922
1720	923
1721	924
1722	925
1723	926
1724	927
1725	928
1726	929
1727	930
1728	931
1729	932
1730	933
1731	934
1732	935
1733	936
1734	937
1735	938
1736	939
1737	940
1738	941
1739	942
1740	943
1741	944
1742	945
1743	946
1744	947
1745	948
1746	949
1747	950
1748	951
1749	952
1750	953
1751	954
1752	955
1753	956
1754	957
1755	958
1756	959
1757	960
1758	961
1759	962
1760	963
1761	964
1762	965
1763	966
1764	967
1765	968
1766	969
1767	970
1768	971
1769	972
1770	973
1771	974
1772	975
1773	976
1774	977
1775	978
1776	979
1777	980
1778	981
1779	982
1780	983
1781	984
1782	985
1783	986
1784	987
1785	988
1786	989
1787	990
1788	991
1789	992
1790	993
1791	994
1792	995
1793	996
1794	997
1795	998
1796	999
1797	1000
1798	1001
1799	1002
1800	1003
1801	1004
1802	1005
1803	1006
1804	1007
1805	1008
1806	1009
1807	1010
1808	1011
1809	1012
1810	1013
1811	1014
1812	1015
1813	1016
1814	1017
1815	1018
1816	1019
1817	1020
1818	1021
1819	1022
1820	1023
1821	1024
1822	1025
1823	1026
1824	1027
1825	1028
1826	1029
1827	1030
1828	1031
1829	1032
1830	1033
1831	1034
1832	1035
1833	1036
1834	1037
1835	1038
1836	1039
1837	1040
1838	1041
1839	1042
1840	1043
1841	1044
1842	1045
1843	1046
1844	1047
1845	1048
1846	1049
1847	1050
1848	1051
1849	1052
1850	1053
1851	1054
1852	1055
1853	1056
1854	1057
1855	1058
1856	1059
1857	1060
1858	1061
1859	1062
1860	1063
1861	1064
1862	1065
1863	1066
1864	1067
1865	1068
1866	1069
1867	1070
1868	1071
1869	1072
1870	1073
1871	1074
1872	1075
1873	1076
1874	1077
1875	1078
1876	1079
1877	1080
1878	1081
1879	1082
1880	1083
1881	1084
1882	1085
1883	1086
1884	1087
1885	1088
1886	1089
1887	1090
1888	1091
1889	1092
1890	1093
1891	1094
1892	1095
1893	1096
1894	1097
1895	1098
1896	1099
1897	1100
1898	1101
1899	1102
1900	1103
1901	1104
1902	1105
1903	1106
1904	1107
1905	1108
1906	1109
1907	1110
1908	1111
1909	1112
1910	1113
1911	1114
1912	1115
1913	1116
1914	1117
1915	1118
1916	1119
1917	1120
1918	1121
1919	1122
1920	1123
1921	1124
1922	1125
1923	1126
1924	1127
1925	1128
1926	1129
1927	1130
1928	1131
1929	1132
1930	1133
1931	1134
1932	1135
1933	1136
1934	1137
1935	1138
1936	1139
1937	1140
1938	1141
1939	1142
1940	1143
1941	1144
1942	1145
1943	1146
1949	1147
1950	1148
1951	1149
1952	1150
1953	1151
1954	1152
1958	1153
1959	1154
1960	1155
1961	1156
1962	1157
1963	1158
1987	1159
1988	1160
1989	1161
1990	1162
1991	1163
1992	1164
1993	1165
1994	1166
1995	1167
1996	1168
2048	1169
2049	1170
2050	1171
2051	1172
2052	1173
2053	1174
2054	1175
2077	1176
2078	1177
2079	1178
2080	1179
2081	1180
2082	1181
2083	1182
2084	1183
2085	1184
2086	1185
2087	1186
2088	1187
2089	1188
2090	1189
2091	1190
2092	1191
2093	1192
2094	1193
2095	1194
2098	1195
2099	1196
2100	1197
2101	1198
2102	1199
2103	1200
2104	1201
2166	1202
2167	1203
2168	1204
2169	1205
2170	1206
2181	1207
2182	1208
2183	1209
2184	1210
2185	1211
2186	1212
2187	1213
2207	1214
2208	1215
2209	1216
2210	1217
2330	1218
2331	1219
2332	1220
2333	1221
2334	1222
2335	1223
2336	1224
2337	1225
2338	1226
2339	1227
2340	1228
2341	1229
2342	1230
2343	1231
2344	1232
2345	1233
2346	1234
2347	1235
2348	1236
2349	1237
2350	1238
2351	1239
2352	1240
2417	1241
2418	1242
2456	1243
2457	1244
2458	1245
2459	1246
2478	1247
2479	1248
2480	1249
2538	1250
2539	1251
2540	1252
2555	1253
2556	1254
2557	1255
2558	1256
2559	1257
2570	1258
2571	1259
2572	1260
2573	1261
2574	1262
2575	1263
2576	1264
2577	1265
2578	1266
2579	1267
2580	1268
2581	1269
2582	1270
2583	1271
2584	1272
2585	1273
