1	27
2	28
3	29
4	30
5	31
6	32
7	33
8	34
9	35
10	36
11	37
12	38
13	39
14	40
15	41
16	42
17	43
18	44
19	45
20	46
21	47
22	48
23	49
24	50
25	51
26	52
27	53
28	54
29	55
30	56
31	57
32	58
33	59
34	60
35	61
36	62
37	63
38	64
39	65
40	66
41	67
42	68
43	69
44	82
45	83
46	84
47	85
48	86
49	87
50	88
51	89
52	90
53	91
54	92
55	93
56	94
57	95
58	96
59	97
60	98
61	99
62	100
63	101
64	102
65	103
66	104
67	105
68	106
69	107
70	108
71	109
72	110
73	111
74	112
75	113
76	116
77	117
78	118
79	119
80	120
81	121
82	122
83	123
84	124
85	125
86	126
87	127
88	128
89	129
90	130
91	131
92	132
93	133
94	134
95	135
96	136
97	137
98	138
99	139
100	140
101	141
102	142
103	143
104	166
105	167
106	168
107	169
108	170
109	171
110	172
111	186
112	187
113	188
114	189
115	190
116	191
117	192
118	193
119	194
120	195
121	196
122	197
123	198
124	199
125	200
126	201
127	202
128	203
129	204
130	205
131	206
132	207
133	208
134	209
135	210
136	211
137	212
138	213
139	214
140	215
141	216
142	217
143	218
144	219
145	220
146	221
147	222
148	223
149	224
150	225
151	226
152	227
153	228
154	229
155	230
156	231
157	232
158	233
159	234
160	235
161	236
162	237
163	238
164	239
165	240
166	241
167	242
168	263
169	264
170	265
171	266
172	267
173	268
174	269
175	270
176	271
177	272
178	273
179	274
180	275
181	276
182	277
183	278
184	279
185	280
186	281
187	282
188	283
189	284
190	285
191	286
192	287
193	288
194	289
195	290
196	291
197	292
198	293
199	294
200	295
201	296
202	297
203	298
204	299
205	300
206	301
207	302
208	303
209	304
210	305
211	306
212	307
213	308
214	309
215	310
216	311
217	312
218	313
219	314
220	315
221	316
222	317
223	318
224	319
225	320
226	321
227	322
228	323
229	324
230	325
231	326
232	327
233	328
234	329
235	330
236	331
237	332
238	333
239	334
240	335
241	336
242	337
243	338
244	339
245	340
246	341
247	342
248	343
249	344
250	345
251	346
252	347
253	348
254	349
255	350
256	351
257	352
258	353
259	354
260	355
261	356
262	357
263	358
264	359
265	360
266	361
267	362
268	363
269	364
270	365
271	366
272	367
273	368
274	369
275	370
276	371
277	372
278	373
279	374
280	375
281	376
282	377
283	378
284	379
285	380
286	381
287	382
288	383
289	384
290	385
291	386
292	387
293	388
294	389
295	390
296	391
297	392
298	393
299	394
300	395
301	396
302	397
303	398
304	399
305	400
306	401
307	402
308	403
309	404
310	405
311	406
312	407
313	408
314	409
315	410
316	411
317	412
318	413
319	414
320	415
321	416
322	417
323	418
324	419
325	420
326	421
327	422
328	423
329	424
330	425
331	426
332	427
333	428
334	429
335	430
336	431
337	432
338	433
339	434
340	435
341	436
342	437
343	438
344	439
345	440
346	441
347	442
348	448
349	449
350	450
351	451
352	452
353	453
354	454
355	455
356	456
357	457
358	458
359	459
360	460
361	461
362	462
363	463
364	464
365	465
366	466
367	467
368	468
369	469
370	470
371	490
372	491
373	492
374	493
375	494
376	495
377	496
378	497
379	498
380	499
381	500
382	501
383	503
384	504
385	505
386	506
387	507
388	508
389	509
390	510
391	511
392	512
393	513
394	514
395	515
396	516
397	517
398	518
399	519
400	520
401	521
402	522
403	523
404	524
405	525
406	526
407	527
408	528
409	529
410	530
411	531
412	532
413	533
414	534
415	535
416	536
417	537
418	538
419	539
420	540
421	541
422	542
423	543
424	544
425	545
426	546
427	547
428	548
429	549
430	550
431	551
432	552
433	553
434	554
435	555
436	556
437	557
438	558
439	559
440	560
441	561
442	562
443	563
444	564
445	565
446	566
447	567
448	568
449	569
450	570
451	571
452	572
453	573
454	574
455	575
456	576
457	577
458	578
459	579
460	580
461	581
462	582
463	583
464	584
465	585
466	586
467	587
468	588
469	589
470	590
471	591
472	592
473	593
474	594
475	595
476	596
477	597
478	598
479	599
480	600
481	601
482	602
483	603
484	604
485	605
486	606
487	607
488	608
489	609
490	610
491	611
492	612
493	613
494	614
495	615
496	616
497	617
498	618
499	619
500	620
501	641
502	642
503	643
504	644
505	645
506	646
507	647
508	648
509	649
510	650
511	651
512	652
513	653
514	654
515	655
516	656
517	657
518	658
519	659
520	660
521	661
522	662
523	663
524	664
525	665
526	666
527	667
528	668
529	669
530	670
531	671
532	672
533	673
534	674
535	675
536	676
537	690
538	691
539	692
540	693
541	694
542	695
543	696
544	697
545	698
546	699
547	700
548	701
549	702
550	703
551	704
552	705
553	706
554	707
555	708
556	709
557	710
558	711
559	712
560	713
561	714
562	715
563	716
564	717
565	718
566	719
567	720
568	721
569	722
570	723
571	724
572	725
573	726
574	727
575	728
576	729
577	730
578	731
579	732
580	733
581	734
582	735
583	736
584	737
585	738
586	739
587	740
588	741
589	742
590	743
591	744
592	745
593	746
594	747
595	748
596	749
597	750
598	751
599	752
600	753
601	754
602	755
603	756
604	757
605	758
606	759
607	760
608	761
609	762
610	763
611	764
612	765
613	766
614	767
615	768
616	769
617	770
618	771
619	772
620	773
621	774
622	775
623	776
624	777
625	778
626	779
627	780
628	781
629	782
630	783
631	784
632	785
633	786
634	787
635	788
636	789
637	790
638	791
639	792
640	793
641	794
642	795
643	796
644	797
645	798
646	799
647	800
648	801
649	802
650	803
651	804
652	805
653	806
654	807
655	808
656	809
657	810
658	811
659	813
660	814
661	815
662	816
663	817
664	818
665	819
666	820
667	821
668	822
669	823
670	824
671	825
672	826
673	827
1251	828
1252	829
1253	830
1254	831
1255	832
1256	833
1257	834
1258	835
1259	836
1260	837
1261	838
1262	839
1263	840
1264	841
1280	842
1281	843
1282	844
1283	845
1393	846
1394	847
1395	848
1396	849
1477	850
1478	851
1479	852
1480	853
1622	854
1623	855
1624	856
1625	857
1626	858
1627	859
1628	860
1629	861
1630	862
1631	863
1632	864
1633	865
1634	866
1635	867
1636	868
1637	869
1638	870
1639	871
1640	872
1641	873
1642	874
1643	875
1644	876
1645	877
1646	878
1647	879
1648	880
1649	881
1650	882
1651	883
1652	884
1653	885
1654	886
1655	887
1656	888
1657	889
1658	890
1659	891
1660	892
1661	893
1662	894
1663	895
1664	896
1665	897
1666	898
1667	899
1668	900
1669	901
1670	902
1671	903
1672	904
1673	905
1674	906
1675	907
1676	908
1677	909
1678	910
1679	911
1680	912
1681	913
1682	914
1683	915
1684	916
1685	917
1686	918
1687	919
1688	920
1689	921
1690	922
1691	923
1692	924
1693	925
1694	926
1695	927
1696	928
1697	929
1698	930
1699	931
1700	932
1701	933
1702	934
1703	935
1704	936
1705	937
1706	938
1707	939
1708	940
1709	941
1710	942
1711	943
1712	944
1713	945
1714	946
1715	947
1716	948
1717	949
1718	950
1719	951
1720	952
1721	953
1722	954
1723	955
1724	956
1725	957
1726	958
1727	959
1728	960
1729	961
1730	962
1731	963
1732	964
1733	965
1734	966
1735	967
1736	968
1737	969
1738	970
1739	971
1740	972
1741	973
1742	974
1743	975
1744	976
1745	977
1746	978
1747	979
1748	980
1749	981
1750	982
1751	983
1752	984
1753	985
1754	986
1755	987
1756	988
1757	989
1758	990
1759	991
1760	992
1761	993
1762	994
1763	995
1764	996
1765	997
1766	998
1767	999
1768	1000
1769	1001
1770	1002
1771	1003
1772	1004
1773	1005
1774	1006
1775	1007
1776	1008
1777	1009
1778	1010
1779	1011
1780	1012
1781	1013
1782	1014
1783	1015
1784	1016
1785	1017
1786	1018
1787	1019
1788	1020
1789	1021
1790	1022
1791	1023
1792	1024
1793	1025
1794	1026
1795	1027
1796	1028
1797	1029
1798	1030
1799	1031
1800	1032
1801	1033
1802	1034
1803	1035
1804	1036
1805	1037
1806	1038
1807	1039
1808	1040
1809	1041
1810	1042
1811	1043
1812	1044
1813	1045
1814	1046
1815	1047
1816	1048
1817	1049
1818	1050
1819	1051
1820	1052
1821	1053
1822	1054
1823	1055
1824	1056
1825	1057
1826	1058
1827	1059
1828	1060
1829	1061
1830	1062
1831	1063
1832	1064
1833	1065
1834	1066
1835	1067
1836	1068
1837	1069
1838	1070
1839	1071
1840	1072
1841	1073
1842	1074
1843	1075
1844	1076
1845	1077
1846	1078
1847	1079
1848	1080
1849	1081
1850	1082
1851	1083
1852	1084
1853	1085
1854	1086
1855	1087
1856	1088
1857	1089
1858	1090
1859	1091
1860	1092
1861	1093
1862	1094
1863	1095
1864	1096
1865	1097
1866	1098
1867	1099
1868	1100
1869	1101
1870	1102
1871	1103
1872	1104
1873	1105
1874	1106
1875	1107
1876	1108
1877	1109
1878	1110
1879	1111
1880	1112
1881	1113
1882	1114
1883	1115
1884	1116
1885	1117
1886	1118
1887	1119
1888	1120
1889	1121
1890	1122
1891	1123
1892	1124
1893	1125
1894	1126
1895	1127
1896	1128
1897	1129
1898	1130
1899	1131
1900	1132
1901	1133
1902	1134
1903	1135
1904	1136
1905	1137
1906	1138
1907	1139
1908	1140
1909	1141
1910	1142
1911	1143
1912	1144
1913	1145
1914	1146
2026	1147
2027	1148
2028	1149
2036	1150
2037	1151
2038	1152
2039	1153
2040	1154
2041	1155
2042	1156
2043	1157
2044	1158
2045	1159
2046	1160
2065	1161
2066	1162
2067	1163
2068	1164
2069	1165
2070	1166
2103	1167
2104	1168
2105	1169
2106	1170
2107	1171
2108	1172
2109	1173
2110	1174
2111	1175
2112	1176
2113	1177
2114	1178
2128	1179
2129	1180
2130	1181
2131	1182
2132	1183
2133	1184
2134	1185
2135	1186
2136	1187
2137	1188
2138	1189
2139	1190
2140	1191
2141	1192
2142	1193
2143	1194
2144	1195
2145	1196
2146	1197
2147	1198
2148	1199
2149	1200
2150	1201
2151	1202
2152	1203
2236	1204
2237	1205
2238	1206
2239	1207
2240	1208
2241	1209
2254	1210
2255	1211
2256	1212
2257	1213
2258	1214
2268	1215
2269	1216
2270	1217
2293	1218
2294	1219
2295	1220
2296	1221
2297	1222
2298	1223
2299	1224
2300	1225
2301	1226
2302	1227
2303	1228
2304	1229
2305	1230
2306	1231
2307	1232
2308	1233
2309	1234
2310	1235
2311	1236
2312	1237
2313	1238
2314	1239
2315	1240
2380	1241
2381	1242
2419	1243
2420	1244
2421	1245
2422	1246
2441	1247
2442	1248
2443	1249
2500	1250
2501	1251
2502	1252
2517	1253
2518	1254
2519	1255
2520	1256
2521	1257
2532	1258
2533	1259
2534	1260
2535	1261
2536	1262
2537	1263
2538	1264
2539	1265
2540	1266
2541	1267
2542	1268
2543	1269
2544	1270
2545	1271
2546	1272
2547	1273
