26	1
27	2
28	3
29	4
30	5
31	6
32	7
33	8
34	9
39	10
40	11
41	12
42	13
43	14
44	15
45	16
46	17
47	18
48	19
49	20
50	21
51	22
73	23
74	24
75	25
76	26
77	27
78	28
79	29
80	30
95	31
96	32
97	33
98	34
99	35
100	36
101	37
102	38
103	39
104	40
105	41
113	42
114	43
115	44
118	45
119	46
120	47
121	48
125	49
126	50
127	51
128	52
129	53
130	54
131	55
132	56
133	57
134	58
135	59
136	60
137	61
138	62
139	63
140	64
141	65
142	66
143	67
144	68
145	69
146	70
147	71
148	72
149	73
150	74
151	75
152	76
153	77
154	78
155	79
156	80
157	81
158	82
159	83
160	84
161	85
162	86
163	87
164	88
165	89
166	90
167	91
168	92
169	93
170	94
171	95
172	96
173	97
174	98
175	99
176	100
177	101
178	102
179	103
180	104
181	105
182	106
183	107
184	108
185	109
186	110
187	111
188	112
189	113
190	114
191	115
192	116
193	117
194	118
195	119
196	120
197	121
198	122
199	123
200	124
201	125
202	126
203	127
204	128
205	129
206	130
207	131
208	132
209	133
210	134
211	135
212	136
213	137
214	138
215	139
216	140
217	141
218	142
219	143
220	144
221	145
222	146
223	147
224	148
225	149
226	150
227	151
228	152
229	153
230	154
231	155
232	156
233	157
234	158
235	159
236	160
237	161
238	162
239	163
240	164
241	165
242	166
243	167
244	168
245	169
246	170
247	171
248	172
249	173
250	174
251	175
252	176
259	177
260	178
261	179
262	180
263	181
264	182
265	183
266	184
267	185
268	186
269	187
270	188
271	189
272	190
273	191
274	192
275	193
276	194
277	195
278	196
279	197
280	198
281	199
282	200
283	201
284	202
285	203
286	204
290	205
291	206
292	207
293	208
294	209
295	210
296	211
297	212
298	213
299	214
300	215
304	216
305	217
306	218
307	219
308	220
309	221
310	222
311	223
312	224
313	225
314	226
315	227
316	228
317	229
318	230
319	231
320	232
321	233
322	234
323	235
324	237
325	238
326	239
327	240
328	241
329	242
330	243
331	244
332	245
334	246
335	247
336	248
337	249
338	250
339	251
340	252
341	253
342	254
343	255
344	256
345	257
346	258
347	259
348	260
349	261
350	262
351	263
352	264
353	265
354	266
355	267
356	268
357	269
358	270
359	271
360	272
361	273
362	274
363	276
364	277
365	278
366	279
367	280
368	281
369	282
370	283
371	284
372	285
373	286
374	287
375	288
376	289
377	290
382	291
383	292
384	293
385	294
386	295
387	296
388	297
389	298
390	299
391	300
392	301
393	302
394	303
395	305
396	306
397	307
398	308
399	309
400	310
401	311
402	312
403	313
404	314
405	315
406	316
407	317
408	318
409	319
410	320
411	321
412	322
413	325
414	326
415	327
416	328
417	329
418	330
419	331
420	332
421	333
422	334
423	335
424	336
425	337
426	338
427	339
428	340
429	341
430	342
431	343
432	344
433	345
434	346
435	360
436	361
437	362
438	363
439	364
440	365
441	366
442	367
443	368
444	369
445	370
446	371
447	372
448	373
449	374
450	375
451	376
452	377
453	378
454	379
455	380
456	381
457	382
464	383
465	384
466	385
467	386
468	387
469	388
470	389
471	390
472	391
473	392
474	393
475	394
476	395
477	396
478	397
479	398
480	399
481	401
482	402
483	403
484	404
485	405
486	406
487	407
488	408
489	409
490	410
491	411
492	412
493	413
494	414
495	415
496	416
497	417
498	418
499	419
