1	75
2	76
3	77
4	78
5	79
6	80
7	122
8	123
9	124
10	125
11	126
12	127
13	128
14	129
15	166
16	167
17	168
18	169
19	170
20	171
21	172
22	177
23	178
24	179
25	180
26	181
27	182
28	183
29	184
30	185
31	186
32	187
33	188
34	189
35	190
36	191
37	192
38	193
39	194
40	195
41	196
42	197
43	198
44	199
45	200
46	201
47	202
48	203
49	246
50	247
51	248
52	249
53	250
54	251
55	252
56	253
57	254
58	255
59	256
60	257
61	258
62	259
63	260
64	272
65	273
66	274
67	275
68	276
69	277
70	278
71	279
72	280
73	281
74	302
75	303
76	304
77	305
78	306
79	307
80	308
81	309
82	310
83	311
84	312
85	313
86	376
87	377
88	378
89	379
90	380
91	381
92	382
93	383
94	384
95	385
96	386
97	387
98	430
99	431
100	432
101	433
102	434
103	435
104	436
105	437
106	438
107	439
108	451
109	452
110	453
111	454
112	455
113	456
114	489
115	490
116	491
117	492
118	493
119	494
120	495
121	496
122	497
123	498
124	499
125	500
126	501
127	502
128	503
129	504
130	505
131	506
132	507
133	508
134	509
135	510
136	511
137	512
138	513
139	514
140	515
141	516
142	517
143	518
144	519
145	520
146	560
147	561
148	562
149	563
150	564
151	565
152	566
153	567
154	568
155	569
156	570
157	571
158	572
159	573
160	574
161	575
162	576
163	577
164	578
165	579
166	580
167	581
168	582
169	595
170	596
171	597
172	598
173	599
174	600
175	601
176	602
177	603
178	604
179	605
180	606
181	609
182	610
183	611
184	612
185	613
186	614
187	615
188	657
189	658
190	659
191	660
192	661
193	662
194	663
195	664
196	665
197	666
198	667
199	668
200	669
201	670
202	671
203	672
204	673
205	674
206	675
207	676
208	677
209	678
210	679
211	680
212	681
213	682
214	683
215	684
216	685
217	686
218	687
219	688
220	689
221	690
222	691
223	699
224	700
225	701
226	702
227	703
228	704
229	705
230	706
231	707
232	708
233	709
234	710
235	711
236	712
237	713
239	714
240	715
241	716
242	717
243	718
244	719
245	720
246	721
247	722
248	723
249	724
250	725
251	726
252	727
253	728
254	729
255	730
256	731
257	732
258	763
259	764
260	765
261	766
262	767
263	771
264	772
265	773
266	774
267	801
268	802
269	803
270	804
271	805
272	806
273	807
274	808
275	809
276	810
277	811
278	812
279	813
280	814
281	815
282	816
283	817
284	818
285	819
286	820
287	835
288	836
289	837
290	838
291	839
292	840
293	841
294	842
295	843
296	844
297	845
298	846
299	847
300	848
301	849
302	850
303	860
304	861
305	862
306	863
307	864
308	865
309	866
310	867
311	873
312	874
313	875
314	876
315	877
316	878
317	879
318	880
319	881
320	882
321	889
322	890
323	891
324	892
325	893
326	894
327	895
328	896
329	897
330	898
331	899
332	900
