1	1
2	2
3	3
4	4
5	5
6	6
7	7
8	8
9	9
10	10
11	11
12	12
13	13
14	14
15	15
16	16
17	17
18	18
19	19
20	20
21	21
22	22
23	23
24	24
25	25
26	26
31	27
32	28
33	29
34	30
35	31
36	32
37	33
38	34
49	35
50	36
51	37
52	38
53	39
54	40
55	41
63	42
64	43
65	44
66	45
67	46
68	47
69	48
74	49
75	50
76	51
77	52
78	53
79	54
80	55
81	56
82	57
83	58
84	59
89	60
90	61
91	62
92	63
93	64
94	65
95	66
96	67
97	68
98	69
99	70
100	71
101	72
122	73
123	74
124	75
125	76
126	77
127	78
128	79
129	82
130	83
131	84
132	85
133	86
134	87
135	88
136	89
137	90
138	91
139	92
140	93
141	94
142	95
143	96
144	97
145	98
146	99
147	100
148	101
149	102
159	103
160	104
161	105
162	106
163	107
164	109
165	110
166	111
167	112
168	113
169	114
170	115
171	116
172	117
173	118
174	119
175	120
176	121
177	122
178	123
179	124
180	125
181	126
187	127
188	128
189	129
190	130
191	131
192	132
193	133
194	134
195	135
196	136
197	137
198	138
199	139
200	140
201	141
202	142
203	143
204	144
205	145
206	146
207	147
208	148
209	149
210	150
211	151
212	152
213	153
214	154
215	155
216	156
217	157
218	162
219	163
220	164
221	165
222	166
223	167
224	168
225	169
226	170
227	171
228	172
229	173
230	174
231	175
232	176
233	177
234	178
235	179
236	180
238	181
239	182
240	183
241	184
244	185
245	186
246	187
247	188
248	189
249	190
250	191
251	192
252	193
253	194
254	195
255	196
256	197
257	198
258	199
259	200
260	201
261	202
262	203
263	204
264	205
265	206
266	207
267	208
268	209
269	210
270	211
271	212
272	213
273	214
285	215
286	216
287	217
288	218
289	219
290	220
291	221
292	222
293	223
294	224
295	225
296	226
297	227
298	228
299	229
300	230
301	231
329	232
330	233
331	234
332	235
333	236
334	237
335	238
336	239
337	240
338	241
339	242
340	243
341	244
342	245
343	246
344	247
345	248
346	249
347	250
348	251
349	252
350	253
351	254
352	255
353	256
354	257
355	258
356	259
357	260
358	261
359	262
360	263
361	264
362	265
363	266
364	267
365	268
366	269
367	270
368	271
369	272
370	273
371	274
372	275
373	276
374	277
375	278
376	279
377	280
383	281
384	282
385	283
386	284
387	285
388	286
389	287
390	288
391	289
392	291
393	292
394	293
395	294
396	295
397	296
398	297
399	298
400	299
401	300
402	301
403	302
404	303
405	304
406	305
407	306
408	307
409	308
410	309
411	310
412	311
413	312
414	313
415	314
416	315
417	316
418	317
429	318
430	319
431	320
432	321
433	322
434	323
435	324
436	325
437	326
438	327
439	328
440	329
441	330
442	331
443	332
444	333
445	334
446	335
447	336
448	337
449	338
450	339
451	340
452	341
453	342
454	343
455	344
456	345
457	346
458	347
459	348
460	349
461	350
462	351
463	352
464	353
465	354
466	355
467	356
468	357
469	358
470	359
471	360
472	361
473	362
474	363
475	364
476	365
477	366
478	367
479	368
480	369
481	370
482	371
483	372
484	373
485	374
486	375
487	376
488	377
489	378
490	379
491	380
492	381
493	382
494	383
495	384
496	385
497	386
498	387
499	388
500	389
501	390
502	391
503	392
504	393
505	394
506	395
507	396
508	397
509	398
510	399
511	400
512	401
513	402
514	403
515	404
516	405
517	406
518	407
519	408
520	409
521	410
522	411
523	412
524	413
525	414
526	415
527	416
528	417
529	418
530	419
531	420
532	421
533	422
534	423
535	424
536	425
537	426
538	427
539	428
540	429
541	430
542	431
543	432
544	433
545	434
546	435
547	436
548	437
549	438
550	439
551	440
552	441
553	442
554	443
555	444
556	445
557	446
558	447
559	448
560	449
561	450
562	451
563	452
564	453
565	454
566	455
567	456
568	457
569	458
570	459
571	460
572	461
573	462
574	463
575	464
576	465
577	466
578	467
579	468
580	469
581	470
582	471
583	472
584	473
585	474
586	475
587	476
588	477
589	478
590	479
591	480
592	481
593	482
594	483
595	484
596	485
597	486
598	487
599	488
600	489
601	490
602	491
603	492
604	493
605	494
606	495
607	496
608	497
609	498
610	499
611	500
612	501
613	502
614	503
615	504
616	505
617	506
618	507
619	508
620	509
621	510
622	511
623	512
624	513
625	514
626	515
627	516
628	517
629	518
630	519
631	520
632	521
633	522
634	523
635	524
636	525
637	526
638	527
