113	1
114	2
115	3
116	4
117	5
118	6
119	7
120	8
121	9
122	10
123	11
124	12
125	13
126	14
127	15
128	16
129	17
130	18
131	19
132	20
133	21
134	22
135	23
136	24
137	25
138	26
139	27
140	28
141	29
142	30
143	31
144	32
145	33
146	34
147	35
148	36
149	37
150	38
151	39
152	40
153	41
154	42
155	43
156	44
157	45
158	46
159	47
160	48
161	49
162	50
163	51
164	52
165	53
166	54
167	55
168	56
169	57
170	58
171	59
172	60
173	61
174	62
175	63
176	64
177	65
178	66
179	67
180	68
181	69
182	70
183	71
184	72
185	73
186	74
187	75
188	76
189	77
190	78
191	79
192	80
193	81
194	82
195	83
196	84
197	85
198	86
199	87
200	88
201	89
202	90
203	91
204	92
205	93
206	94
207	95
208	96
209	97
210	98
211	99
212	100
213	101
214	102
215	103
216	104
217	105
218	106
219	107
220	108
221	109
222	110
223	111
224	112
225	113
