1	207
2	208
3	209
4	210
5	211
6	212
7	213
8	214
9	215
10	216
11	217
12	218
13	219
14	220
15	221
16	222
17	223
18	224
19	225
20	226
21	227
22	228
23	229
24	230
25	231
26	232
27	233
28	234
29	235
30	236
31	237
32	238
33	239
34	240
35	241
36	242
37	243
38	244
39	245
40	246
41	247
42	248
43	249
44	250
45	251
46	252
47	253
48	254
49	255
50	256
51	257
52	258
53	259
54	260
55	261
56	262
57	263
58	264
59	265
60	266
61	267
62	268
63	269
64	270
65	271
66	272
67	273
68	274
69	275
70	276
71	277
72	278
73	279
74	280
75	281
76	282
77	283
78	284
79	285
80	286
81	287
82	288
83	289
84	290
85	291
86	292
87	293
88	294
89	295
90	296
91	297
92	298
93	299
94	300
95	301
96	302
97	303
98	304
99	305
100	306
101	307
102	308
103	309
104	310
105	311
106	312
107	313
108	314
109	315
110	316
111	317
112	318
113	319
114	320
115	321
116	322
117	323
118	324
119	325
120	326
121	327
122	328
123	329
124	330
125	331
126	332
127	333
128	334
129	335
130	336
131	337
132	338
133	339
134	340
135	341
136	342
137	343
138	344
139	345
140	346
141	347
142	348
143	349
144	350
145	351
146	352
147	353
148	354
149	355
150	356
151	357
152	358
153	359
154	360
155	361
156	362
157	363
158	364
159	365
160	366
161	367
162	368
163	369
164	370
165	371
166	372
167	373
168	374
169	375
170	376
171	377
172	435
173	436
174	437
175	438
176	439
177	440
178	441
179	442
180	443
181	444
182	445
183	446
184	447
185	448
186	449
187	450
188	451
189	452
190	453
191	454
192	455
193	456
194	462
195	463
196	464
197	465
198	466
199	467
200	468
201	477
202	478
203	479
204	480
205	481
206	482
207	483
208	484
209	485
210	486
211	487
212	488
213	489
214	490
215	491
216	492
217	493
218	494
219	495
220	496
221	497
222	498
223	499
224	500
228	501
229	502
230	503
231	504
232	505
233	506
234	507
235	508
236	509
237	510
238	511
239	512
240	513
241	514
242	515
243	516
244	517
245	518
246	519
247	520
248	521
249	522
250	523
251	524
252	525
253	526
254	527
255	528
256	529
257	530
258	531
259	761
260	762
261	763
262	776
263	777
264	778
265	779
266	780
267	781
268	782
269	783
270	784
271	785
272	786
273	787
274	788
275	789
276	790
277	791
278	957
279	958
280	959
281	960
282	961
283	962
284	963
285	1255
286	1256
287	1257
288	1258
289	1259
290	1260
291	1261
292	1301
293	1302
294	1303
295	1304
296	1305
297	1306
298	1307
299	1308
300	1309
301	1310
302	1311
303	1312
304	1313
305	1314
306	1315
307	1345
308	1346
309	1347
310	1348
311	1349
312	1562
313	1563
314	1564
315	1565
316	1566
317	1567
318	1568
319	1569
320	1570
321	1571
322	1572
323	1667
324	1668
325	1669
326	1670
327	1671
328	1809
329	1810
330	1811
331	1812
332	1813
333	1814
334	1815
335	1816
