107	1
108	2
124	3
125	4
126	5
127	6
128	7
129	8
130	9
131	10
219	11
220	12
221	13
222	14
223	15
224	16
225	17
226	18
227	19
228	20
229	21
257	22
258	23
259	24
260	25
261	26
377	27
378	28
379	29
380	30
381	31
382	32
383	33
384	34
385	35
386	36
387	37
391	38
392	39
393	40
394	41
395	42
396	43
397	44
408	45
409	46
410	47
411	48
412	49
413	50
414	51
415	52
416	53
417	54
710	55
711	56
712	57
713	58
714	59
715	60
716	61
717	62
718	63
719	64
720	65
721	66
741	67
742	68
743	69
744	70
745	71
746	72
797	73
798	74
799	75
800	76
801	77
802	78
814	79
815	80
816	81
817	82
818	83
819	84
827	85
828	86
829	87
830	88
831	89
832	90
833	91
834	92
835	93
836	94
837	95
868	96
869	97
870	98
871	99
872	100
900	101
901	102
902	103
903	104
904	105
905	106
906	107
907	108
927	109
928	110
929	111
930	112
931	113
