Structure Index	PDB Index	Sequence Index
0	913	3
1	914	4
2	915	5
3	916	6
4	917	7
5	918	8
6	919	9
7	920	10
8	921	11
9	922	12
10	923	13
11	924	14
12	925	15
13	926	16
14	927	17
15	928	18
16	929	19
17	930	20
18	931	21
19	932	22
20	933	23
21	934	24
22	935	25
23	936	26
24	937	27
25	938	28
26	939	29
27	940	30
28	941	31
29	942	32
30	943	33
31	944	34
32	945	35
33	946	36
34	947	37
35	948	38
36	949	39
37	950	40
38	951	41
39	952	42
40	953	43
41	954	44
42	955	45
43	956	46
44	957	47
45	958	48
46	959	49
47	960	50
48	961	51
49	962	52
50	963	53
51	964	54
52	965	55
53	966	56
54	967	57
55	968	58
56	969	59
57	970	60
58	971	61
59	972	62
60	973	63
61	974	64
62	975	65
63	976	66
64	977	67
65	978	68
66	979	69
67	980	70
68	981	71
69	982	72
70	983	73
71	984	74
72	985	75
73	986	76
74	987	77
75	988	88
76	1166	89
77	1167	90
78	1168	91
79	1169	92
80	1170	93
81	1171	94
82	1172	95
83	1173	96
84	1174	97
85	1175	98
86	1176	99
87	1177	100
88	1178	101
89	1179	102
90	1180	103
91	1181	104
92	1182	105
93	1183	106
94	1184	107
95	1185	108
96	1186	109
97	1187	110
98	1188	111
99	1189	112
100	1190	113
101	1191	114
102	1192	115
103	1193	116
104	1194	117
105	1195	118
106	1196	119
107	1197	120
108	1198	121
109	1199	122
110	1200	123
111	1201	124
112	1202	125
