Structure Index	PDB Index	Sequence Index
0	912	2
1	913	3
2	914	4
3	915	5
4	916	6
5	917	7
6	918	8
7	919	9
8	920	10
9	921	11
10	922	12
11	923	13
12	924	14
13	925	15
14	926	16
15	927	17
16	928	18
17	929	19
18	930	20
19	931	21
20	932	22
21	933	23
22	934	24
23	935	25
24	936	26
25	937	27
26	938	28
27	939	29
28	940	30
29	941	31
30	942	32
31	943	33
32	944	34
33	945	35
34	946	36
35	947	37
36	948	38
37	949	39
38	950	40
39	951	41
40	952	42
41	953	43
42	954	44
43	955	45
44	956	46
45	957	47
46	958	48
47	959	49
48	960	50
49	961	51
50	962	52
51	963	53
52	964	54
53	965	55
54	966	56
55	967	57
56	968	58
57	969	59
58	970	60
59	971	61
60	972	62
61	973	63
62	974	64
63	975	65
64	976	66
65	977	67
66	978	68
67	979	69
68	980	70
69	981	71
70	982	72
71	983	73
72	984	74
73	985	75
74	986	76
75	987	77
76	988	78
77	1164	87
78	1165	88
79	1166	89
80	1167	90
81	1168	91
82	1169	92
83	1170	93
84	1171	94
85	1172	95
86	1173	96
87	1174	97
88	1175	98
89	1176	99
90	1177	100
91	1178	101
92	1179	102
93	1180	103
94	1181	104
95	1182	105
96	1183	106
97	1184	107
98	1185	108
99	1186	109
100	1187	110
101	1188	111
102	1189	112
103	1190	113
104	1191	114
105	1192	115
106	1193	116
107	1194	117
108	1195	118
109	1196	119
110	1197	120
111	1198	121
112	1199	122
113	1200	123
114	1201	124
115	1202	125
