Structure Index	PDB Index	Sequence Index
0	915	5
1	916	6
2	917	7
3	918	8
4	919	9
5	920	10
6	921	11
7	922	12
8	923	13
9	924	14
10	925	15
11	926	16
12	927	17
13	928	18
14	929	19
15	930	20
16	931	21
17	932	22
18	933	23
19	934	24
20	935	25
21	936	26
22	937	27
23	938	28
24	939	29
25	940	30
26	941	31
27	942	32
28	943	33
29	944	34
30	945	35
31	946	36
32	947	37
33	948	38
34	949	39
35	950	40
36	951	41
37	952	42
38	953	43
39	954	44
40	955	45
41	956	46
42	957	47
43	958	48
44	959	49
45	960	50
46	961	51
47	962	52
48	963	53
49	964	54
50	965	55
51	966	56
52	967	57
53	968	58
54	969	59
55	970	60
56	971	61
57	972	62
58	973	63
59	974	64
60	975	65
61	976	66
62	977	67
63	978	68
64	979	69
65	980	70
66	981	71
67	982	72
68	983	73
69	984	74
70	985	75
71	986	76
72	987	77
73	988	78
74	1163	86
75	1164	87
76	1165	88
77	1166	89
78	1167	90
79	1168	91
80	1169	92
81	1170	93
82	1171	94
83	1172	95
84	1173	96
85	1174	97
86	1175	98
87	1176	99
88	1177	100
89	1178	101
90	1179	102
91	1180	103
92	1181	104
93	1182	105
94	1183	106
95	1184	107
96	1185	108
97	1186	109
98	1187	110
99	1188	111
100	1189	112
101	1190	113
102	1191	114
103	1192	115
104	1193	116
105	1194	117
106	1195	118
107	1196	119
108	1197	120
109	1198	121
110	1199	122
111	1200	123
112	1201	124
113	1202	125
