Structure Index	PDB Index	Sequence Index
0	914	4
1	915	5
2	916	6
3	917	7
4	918	8
5	919	9
6	920	10
7	921	11
8	922	12
9	923	13
10	924	14
11	925	15
12	926	16
13	927	17
14	928	18
15	929	19
16	930	20
17	931	21
18	932	22
19	933	23
20	934	24
21	935	25
22	936	26
23	937	27
24	938	28
25	939	29
26	940	30
27	941	31
28	942	32
29	943	33
30	944	34
31	945	35
32	946	36
33	947	37
34	948	38
35	949	39
36	950	40
37	951	41
38	952	42
39	953	43
40	954	44
41	955	45
42	956	46
43	957	47
44	958	48
45	959	49
46	960	50
47	961	51
48	962	52
49	963	53
50	964	54
51	965	55
52	966	56
53	967	57
54	968	58
55	969	59
56	970	60
57	971	61
58	972	62
59	973	63
60	974	64
61	975	65
62	976	66
63	977	67
64	978	68
65	979	69
66	980	70
67	981	71
68	982	72
69	983	73
70	984	74
71	985	75
72	986	76
73	987	77
74	988	78
75	1162	85
76	1163	86
77	1164	87
78	1165	88
79	1166	89
80	1167	90
81	1168	91
82	1169	92
83	1170	93
84	1171	94
85	1172	95
86	1173	96
87	1174	97
88	1175	98
89	1176	99
90	1177	100
91	1178	101
92	1179	102
93	1180	103
94	1181	104
95	1182	105
96	1183	106
97	1184	107
98	1185	108
99	1186	109
100	1187	110
101	1188	111
102	1189	112
103	1190	113
104	1191	114
105	1192	115
106	1193	116
107	1194	117
108	1195	118
109	1196	119
110	1197	120
111	1198	121
112	1199	122
113	1200	123
114	1201	124
115	1202	125
