Structure Index	PDB Index	Sequence Index
0	333	14
1	334	15
2	335	16
3	336	17
4	337	18
5	338	19
6	339	20
7	340	21
8	341	22
9	342	23
10	343	24
11	344	25
12	345	26
13	346	27
14	347	28
15	348	29
16	349	30
17	350	31
18	351	32
19	352	33
20	353	34
21	354	35
22	355	36
23	356	37
24	357	38
25	358	39
26	359	40
27	360	41
28	361	42
29	362	43
30	363	44
31	364	45
32	365	46
33	366	47
34	367	48
35	368	49
36	369	50
37	370	51
38	371	52
39	372	53
40	373	54
41	374	55
42	375	56
43	376	57
44	377	58
45	378	59
46	379	60
47	380	61
48	381	62
49	382	63
50	383	64
51	384	65
52	385	66
53	386	67
54	387	68
55	388	69
56	389	70
57	390	71
58	391	72
59	392	73
60	393	74
61	394	75
62	395	76
63	396	77
64	397	78
65	398	79
66	399	80
67	400	81
68	401	82
69	402	83
70	403	84
71	404	85
72	405	86
73	406	87
74	407	88
75	408	89
76	409	90
77	410	91
78	411	92
79	412	93
80	413	94
81	414	95
82	415	96
83	416	97
84	417	98
85	418	99
86	419	100
87	420	101
88	421	102
89	422	103
90	423	104
91	424	105
92	425	106
93	426	107
94	427	108
95	428	109
96	429	110
97	430	111
98	431	112
99	432	113
100	433	114
101	434	115
102	435	116
103	436	117
104	437	118
105	438	119
106	439	120
107	440	121
108	441	122
109	442	123
110	443	124
111	444	125
112	445	126
113	446	127
114	447	128
115	448	129
116	449	130
117	450	131
118	451	132
119	452	133
120	453	134
121	454	135
122	455	136
123	456	137
124	457	138
125	458	139
126	459	140
127	460	141
128	461	142
129	462	143
130	463	144
131	464	145
132	465	146
133	466	147
134	467	148
135	468	149
136	469	150
137	470	151
138	471	152
139	472	153
140	473	154
141	474	155
142	475	156
143	476	157
144	477	158
145	478	159
146	479	160
147	480	161
148	481	162
149	482	163
150	483	164
151	484	165
152	485	166
153	486	167
154	487	168
155	488	169
156	489	170
157	490	171
158	491	172
159	492	173
160	493	174
161	494	175
162	495	176
163	496	177
164	497	178
165	498	179
166	499	180
167	500	181
168	501	182
169	502	183
170	503	184
171	504	185
172	505	186
173	506	187
174	507	188
175	508	189
176	509	190
177	510	191
178	511	192
179	512	193
180	513	194
181	514	195
182	515	196
183	516	197
184	517	198
185	518	199
186	519	200
187	520	201
188	521	202
189	522	203
190	523	204
191	524	205
192	525	206
193	526	207
