Structure Index	PDB Index	Sequence Index
0	5	24
1	6	25
2	7	26
3	8	27
4	9	28
5	10	29
6	11	30
7	12	31
8	13	32
9	14	33
10	15	34
11	16	35
12	17	36
13	18	37
14	19	38
15	20	39
16	21	40
17	22	41
18	23	42
19	24	43
20	25	44
21	26	45
22	27	46
23	28	47
24	29	48
25	30	49
26	31	50
27	32	51
28	33	52
29	34	53
30	35	54
31	36	55
32	37	56
33	38	57
34	39	58
35	40	59
36	41	60
37	42	61
38	43	62
39	44	63
40	45	64
41	46	65
42	47	66
43	48	67
44	49	68
45	50	69
46	51	70
47	52	71
48	53	72
49	54	73
50	55	74
51	56	75
52	57	76
53	58	77
54	59	78
55	60	79
56	61	80
57	62	81
58	63	82
59	64	83
60	65	84
61	66	85
62	67	86
63	68	87
64	69	88
65	70	89
66	71	90
67	72	91
68	73	92
69	74	93
70	75	94
71	76	95
72	77	96
73	78	97
74	79	98
75	80	99
76	81	100
77	82	101
78	83	102
79	84	103
80	85	104
81	86	105
82	87	106
83	88	107
84	89	108
85	90	109
86	91	110
87	92	111
88	93	112
89	94	113
90	95	114
91	96	115
92	97	116
93	98	117
94	99	118
95	100	119
96	101	120
97	102	121
98	103	122
99	104	123
100	105	124
101	106	125
102	107	126
103	108	127
104	109	128
105	110	129
106	111	130
107	112	131
108	113	132
109	114	133
110	115	134
111	116	135
112	117	136
113	118	137
114	119	138
115	120	139
116	121	140
117	122	141
118	123	142
119	124	143
120	125	144
121	126	145
122	127	146
123	128	147
124	129	148
125	130	149
126	131	150
127	132	151
128	133	152
129	134	153
130	135	154
131	136	155
132	137	156
133	138	157
134	139	158
135	140	159
136	141	160
137	142	161
138	143	162
139	144	163
140	145	164
141	146	165
142	147	166
143	148	167
144	149	168
145	150	169
146	151	170
147	152	171
148	153	172
149	154	173
150	155	174
151	156	175
152	157	176
153	158	177
154	159	178
155	160	179
156	161	180
157	162	181
158	163	182
159	164	183
160	165	184
161	166	185
162	167	186
163	168	187
164	169	188
165	170	189
166	171	190
167	172	191
168	173	192
169	174	193
170	175	194
171	176	195
172	177	196
173	178	197
174	179	198
175	180	199
176	181	200
177	182	201
178	183	202
179	184	203
180	185	204
181	186	205
182	187	206
183	188	207
184	189	208
185	190	209
186	191	210
187	192	211
188	193	212
189	194	213
190	195	214
191	196	215
192	197	216
193	198	217
194	199	218
195	200	219
196	201	220
197	202	221
198	203	222
199	204	223
200	205	224
201	206	225
202	207	226
203	208	227
204	209	228
205	210	229
206	211	230
207	212	231
208	213	232
209	214	233
210	215	234
211	216	235
212	217	236
213	218	237
214	219	238
215	220	239
216	221	240
217	222	241
218	223	242
219	224	243
220	225	244
221	226	245
222	227	246
223	228	247
224	229	248
225	230	249
226	231	250
227	232	251
228	233	252
229	234	253
230	235	254
231	236	255
232	237	256
233	238	257
234	239	258
235	240	259
236	241	260
237	242	261
238	243	262
239	244	263
240	245	264
241	246	265
242	247	266
243	248	267
244	249	268
245	250	269
246	251	270
247	252	271
248	253	272
249	254	273
250	255	274
251	256	275
252	257	276
253	258	277
254	259	278
255	260	279
256	261	280
257	262	281
258	263	282
259	264	283
260	265	284
261	266	285
262	267	286
263	268	287
264	269	288
265	270	289
266	271	290
267	272	291
268	273	292
269	274	293
270	275	294
271	276	295
272	277	296
273	278	297
274	279	298
275	280	299
276	281	300
277	282	301
278	283	302
279	284	303
280	285	304
281	286	305
282	287	306
283	288	307
284	289	308
285	290	309
286	291	310
287	292	311
288	293	312
289	294	313
290	295	314
291	296	315
292	297	316
293	298	317
294	299	318
295	300	319
296	301	320
297	302	321
298	303	322
299	304	323
300	305	324
301	306	325
302	307	326
303	308	327
304	309	328
305	310	329
306	311	330
307	312	331
308	313	332
309	314	333
310	315	334
311	316	335
312	317	336
313	318	337
314	319	338
315	320	339
316	321	340
317	322	341
318	323	342
319	324	343
320	325	344
321	326	345
322	327	346
323	328	347
324	329	348
325	330	349
326	331	350
327	332	351
328	333	352
329	334	353
330	335	354
331	336	355
332	337	356
333	338	357
334	339	358
335	340	359
336	341	360
337	342	361
338	343	362
339	344	363
340	345	364
341	346	365
342	347	366
343	348	367
344	349	368
345	350	369
346	351	370
347	352	371
348	353	372
349	354	373
350	355	374
351	356	375
352	357	376
353	358	377
354	359	378
355	360	379
356	361	380
357	362	381
358	363	382
359	364	383
360	365	384
361	366	385
362	367	386
363	368	387
364	369	388
365	370	389
366	371	390
367	372	391
368	373	392
369	374	393
370	375	394
371	376	395
372	377	396
373	378	397
374	379	398
375	380	399
376	381	400
377	382	401
378	383	402
379	384	403
380	385	404
381	386	405
382	387	406
383	388	407
384	389	408
385	390	409
386	391	410
387	392	411
388	393	412
389	394	413
390	395	414
391	396	415
392	397	416
393	398	417
394	399	418
395	400	419
396	401	420
397	402	421
398	403	422
399	404	423
400	405	424
401	406	425
402	407	426
403	408	427
404	409	428
405	410	429
406	411	430
407	412	431
408	413	432
409	414	433
410	415	434
411	416	435
412	417	436
413	418	437
414	419	438
415	420	439
416	421	440
417	422	441
418	423	442
419	424	443
420	425	444
421	426	445
422	427	446
423	428	447
424	429	448
425	430	449
426	431	450
427	432	451
428	433	452
429	434	453
430	435	454
431	436	455
432	437	456
433	438	457
434	439	458
435	440	459
436	441	460
437	442	461
438	443	462
439	444	463
440	445	464
441	446	465
442	447	466
443	448	467
444	449	468
445	450	469
446	451	470
447	452	471
448	453	472
449	454	473
450	455	474
451	456	475
452	457	476
453	458	477
454	459	478
455	460	479
456	461	480
457	462	481
458	463	482
459	464	483
460	465	484
461	466	485
462	467	486
463	468	487
464	469	488
465	470	489
466	471	490
467	472	491
468	473	492
469	474	493
470	475	494
471	476	495
472	477	496
473	478	497
474	479	498
475	480	499
476	481	500
477	482	501
478	483	502
479	484	503
480	485	504
481	486	505
482	487	506
483	488	507
484	489	508
485	490	509
486	491	510
487	492	511
488	493	512
489	494	513
490	495	514
491	496	515
492	497	516
493	498	517
494	499	518
495	500	519
496	501	520
497	502	521
498	503	522
499	504	523
500	505	524
501	506	525
502	507	526
503	508	527
504	509	528
505	510	529
506	511	530
507	512	531
508	513	532
509	514	533
510	515	534
511	516	535
512	517	536
513	518	537
514	519	538
515	520	539
516	521	540
517	522	541
518	523	542
519	524	543
520	525	544
521	526	545
522	527	546
523	528	547
524	529	548
525	530	549
526	531	550
527	532	551
528	533	552
529	534	553
530	535	554
531	536	555
532	537	556
533	538	557
534	539	558
535	540	559
536	541	560
537	542	561
538	543	562
539	544	563
540	545	564
541	546	565
542	547	566
543	548	567
544	549	568
545	550	569
546	551	570
547	552	571
548	553	572
549	554	573
550	555	574
551	556	575
552	557	576
553	558	577
554	559	578
555	560	579
556	561	580
557	562	581
558	563	582
559	564	583
560	565	584
561	566	585
562	567	586
563	568	587
564	569	588
565	570	589
566	571	590
567	572	591
568	573	592
569	574	593
570	575	594
571	576	595
572	577	596
573	578	597
574	579	598
575	580	599
576	581	600
577	582	601
578	583	602
579	584	603
580	585	604
581	586	605
582	587	606
583	588	607
584	589	608
585	590	609
586	591	610
587	592	611
588	593	612
589	594	613
590	595	614
591	596	615
592	597	616
593	598	617
594	599	618
595	600	619
596	601	620
597	602	621
598	603	622
599	604	623
600	605	624
601	606	625
602	607	626
603	608	627
604	609	628
605	707	629
