Structure Index	PDB Index	Sequence Index
0	47	7
1	48	8
2	49	9
3	50	10
4	51	11
5	52	12
6	53	13
7	54	14
8	55	15
9	56	16
10	57	17
11	58	18
12	59	19
13	60	20
14	61	21
15	62	22
16	63	23
17	64	24
18	65	25
19	66	26
20	67	27
21	68	28
22	69	29
23	70	30
24	71	31
25	72	32
26	73	33
27	74	34
28	75	35
29	76	36
30	77	37
31	78	38
32	79	39
33	80	40
34	81	41
35	82	42
36	83	43
37	84	44
38	85	45
39	86	46
40	87	47
41	88	48
42	89	49
43	90	50
44	91	51
45	92	52
46	93	53
47	94	54
48	95	55
49	96	56
50	98	58
51	99	59
52	100	60
53	101	61
54	102	62
55	103	63
56	104	64
57	105	65
58	106	66
59	107	67
60	108	68
61	109	69
62	110	70
63	111	71
64	112	72
65	113	73
66	114	74
67	115	75
68	116	76
69	117	77
70	118	78
71	119	79
72	120	80
73	121	81
74	122	82
75	123	83
76	124	84
77	125	85
78	126	86
79	127	87
80	128	88
81	129	89
82	130	90
83	131	91
84	132	92
85	133	93
86	134	94
87	135	95
88	136	96
89	137	97
90	138	98
91	139	99
92	140	100
93	141	101
94	142	102
95	143	103
96	144	104
97	145	105
98	146	106
99	147	107
100	148	108
101	149	109
102	150	110
103	151	111
104	152	112
105	153	113
106	154	114
107	155	115
108	156	116
109	157	117
110	158	118
111	159	119
112	160	120
113	161	121
114	162	122
115	163	123
116	164	124
117	165	125
118	166	126
119	167	127
120	168	128
121	169	129
122	170	130
123	171	131
124	172	132
125	173	133
