Structure Index	PDB Index	Sequence Index
0	48	8
1	49	9
2	50	10
3	51	11
4	52	12
5	53	13
6	54	14
7	55	15
8	56	16
9	57	17
10	58	18
11	59	19
12	60	20
13	61	21
14	62	22
15	63	23
16	64	24
17	65	25
18	66	26
19	67	27
20	68	28
21	69	29
22	70	30
23	71	31
24	72	32
25	73	33
26	74	34
27	75	35
28	76	36
29	77	37
30	78	38
31	79	39
32	80	40
33	81	41
34	82	42
35	83	43
36	84	44
37	85	45
38	86	46
39	87	47
40	88	48
41	89	49
42	90	50
43	91	51
44	92	52
45	93	53
46	94	54
47	95	55
48	96	56
49	97	58
50	99	59
51	100	60
52	101	61
53	102	62
54	103	63
55	104	64
56	105	65
57	106	66
58	107	67
59	108	68
60	109	69
61	110	70
62	111	71
63	112	72
64	113	73
65	114	74
66	115	75
67	116	76
68	117	77
69	118	78
70	119	79
71	120	80
72	121	81
73	122	82
74	123	83
75	124	84
76	125	85
77	126	86
78	127	87
79	128	88
80	129	89
81	130	90
82	131	91
83	132	92
84	133	93
85	134	94
86	135	95
87	136	96
88	137	97
89	138	98
90	139	99
91	140	100
92	141	101
93	142	102
94	143	103
95	144	104
96	145	105
97	146	106
98	147	107
99	148	108
100	149	109
101	150	110
102	151	111
103	152	112
104	153	113
105	154	114
106	155	115
107	156	116
108	157	117
109	158	118
110	159	119
111	160	120
112	161	121
113	162	122
114	163	123
115	164	124
116	165	125
117	166	126
118	167	127
119	168	128
120	169	129
121	170	130
122	171	131
123	172	132
124	173	133
125	174	134
