Structure Index	PDB Index	Sequence Index
0	31	30
1	32	31
2	33	32
3	34	33
4	35	34
5	36	35
6	37	36
7	38	37
8	39	38
9	40	39
10	41	40
11	42	41
12	43	42
13	44	43
14	45	44
15	46	45
16	47	46
17	48	47
18	49	48
19	50	49
20	69	50
21	70	69
22	71	71
23	72	72
24	73	73
25	74	74
26	76	75
27	77	76
28	78	77
29	79	78
30	80	79
31	81	80
32	82	81
33	83	82
34	84	83
35	85	84
36	86	85
37	87	86
38	88	87
39	89	88
40	90	89
41	91	90
42	92	91
43	93	92
44	94	93
45	95	94
46	96	95
47	97	96
48	98	97
49	99	98
50	100	99
51	101	100
52	102	101
53	112	111
54	113	112
55	114	113
56	115	114
57	116	115
58	117	116
59	118	117
60	119	118
61	120	119
62	121	120
63	122	121
64	123	122
65	124	123
66	125	124
67	126	125
68	127	126
69	128	127
70	129	128
71	130	129
72	131	130
73	132	131
74	133	132
75	134	133
76	135	134
77	136	135
78	137	136
79	138	137
80	139	138
81	140	139
82	141	140
83	142	141
84	143	142
85	144	143
86	145	144
87	146	145
88	147	146
89	148	147
90	149	148
91	150	149
92	151	150
93	152	151
94	153	152
95	154	153
96	155	154
97	156	155
98	157	156
99	158	157
100	159	158
101	160	159
102	161	160
103	162	161
104	163	162
105	164	163
106	165	164
107	166	165
108	167	166
109	168	167
110	169	168
111	170	169
112	171	170
113	172	171
114	173	172
115	174	173
116	175	174
117	176	175
118	177	176
119	178	177
120	179	178
121	180	179
122	181	180
123	182	181
124	183	182
125	184	183
126	185	184
127	186	185
128	187	186
129	188	187
130	189	188
131	190	189
132	191	190
133	192	191
134	193	192
135	194	193
136	195	194
137	196	195
138	197	196
139	198	197
140	199	198
141	200	199
142	201	200
143	202	201
144	203	202
145	204	203
146	205	204
147	206	205
148	207	206
149	208	207
150	209	208
151	210	209
152	211	210
153	212	211
154	213	212
155	214	213
156	215	214
157	216	215
158	217	216
159	218	217
160	219	218
161	220	219
162	221	220
163	222	221
164	223	222
165	224	223
166	225	224
167	226	225
168	227	226
169	228	227
170	229	228
171	230	229
172	231	230
173	232	231
174	233	232
175	234	233
176	235	234
177	236	235
178	237	236
179	238	237
180	239	238
181	240	239
182	241	240
183	242	241
184	243	242
185	244	243
186	245	244
187	246	245
188	247	246
189	248	247
190	249	248
191	250	249
192	251	250
193	252	251
194	253	252
195	254	253
196	255	254
197	256	255
198	257	256
199	258	257
200	259	258
201	260	259
202	261	260
203	262	261
204	263	262
205	264	263
206	265	264
207	266	265
208	267	266
209	268	267
210	269	268
211	270	269
212	271	270
213	272	271
214	273	272
215	274	273
216	275	274
217	276	275
218	277	276
219	278	277
220	279	278
221	280	279
222	281	280
223	282	281
224	283	282
225	284	283
226	285	284
227	286	285
228	287	286
229	288	287
230	289	288
231	290	289
232	291	290
233	292	291
234	293	292
235	294	293
236	295	294
237	296	295
238	297	296
239	298	297
240	299	298
241	300	299
242	301	300
243	302	301
244	303	302
245	304	303
246	305	304
247	306	305
248	307	306
249	308	307
250	309	308
251	310	309
252	311	310
253	312	311
254	313	312
255	314	313
256	315	314
257	316	315
258	317	316
259	318	317
260	319	318
261	320	319
262	321	320
263	322	321
264	323	322
265	324	323
266	325	324
267	326	325
268	327	326
269	328	327
270	329	328
271	330	329
272	331	330
273	332	331
274	333	332
275	334	333
276	335	334
277	336	335
278	337	336
279	338	337
280	339	338
281	340	339
282	341	340
283	342	341
284	343	342
285	344	343
286	345	344
287	346	345
288	347	346
289	348	347
290	349	348
291	350	349
292	351	350
293	352	351
294	353	352
295	354	353
296	355	354
297	356	355
298	357	356
299	358	357
300	359	358
301	360	359
302	361	360
303	362	361
304	363	362
305	364	363
306	365	364
307	366	365
308	367	366
309	368	367
310	369	368
311	370	369
312	371	370
313	372	371
314	373	372
315	374	373
316	375	374
317	376	375
318	377	376
319	378	377
320	379	378
321	380	379
322	381	380
323	382	381
324	383	382
325	384	383
326	385	384
327	386	385
328	387	386
329	388	387
330	389	388
331	390	389
332	391	390
333	392	391
334	393	392
335	394	393
336	395	394
337	396	395
338	397	396
339	398	397
340	399	398
341	400	399
342	401	400
343	402	401
344	403	402
345	404	403
346	405	404
347	406	405
348	407	406
349	408	407
350	409	408
351	410	409
352	411	410
353	412	411
354	413	412
355	414	413
356	415	414
357	416	415
358	417	416
359	418	417
360	419	418
361	420	419
362	421	420
363	422	421
364	423	422
365	424	423
366	425	424
367	426	425
368	427	426
369	428	427
370	429	428
371	430	429
372	431	430
373	432	431
374	433	432
375	434	433
376	435	434
377	436	435
378	437	436
379	438	437
380	439	438
381	440	439
382	441	440
383	442	441
384	443	442
385	444	443
386	445	444
387	446	445
388	447	446
389	448	447
390	449	448
391	450	449
392	451	450
393	452	451
394	453	452
395	454	453
396	455	454
397	456	455
398	457	456
399	458	457
400	459	458
401	460	459
402	461	460
403	462	461
404	463	462
405	464	463
406	465	464
407	466	465
408	467	466
409	468	467
410	469	468
411	470	469
412	471	470
413	472	471
414	473	472
415	474	473
416	475	474
417	476	475
418	477	476
419	478	477
420	479	478
421	480	479
422	481	480
423	482	481
424	483	482
425	484	483
426	485	484
427	486	485
428	487	486
429	488	487
430	489	488
431	490	489
432	491	490
433	492	491
434	493	492
435	494	493
436	495	494
437	496	495
438	497	496
439	498	497
440	499	498
441	500	499
442	501	500
443	502	501
444	503	502
445	504	503
446	505	504
447	506	505
448	507	506
449	508	507
450	509	508
451	510	509
452	511	510
453	512	511
454	513	512
455	514	513
456	515	514
457	516	515
458	517	516
459	518	517
460	519	518
461	520	519
462	521	520
463	522	521
464	523	522
465	524	523
466	525	524
467	526	525
468	527	526
469	528	527
470	529	528
471	530	529
472	531	530
473	532	531
474	533	532
475	534	533
476	535	534
477	536	535
478	537	536
479	538	537
480	539	538
481	540	539
482	541	540
483	542	541
484	543	542
485	544	543
486	545	544
487	546	545
488	547	546
489	548	547
490	549	548
491	550	549
492	551	550
493	552	551
494	553	552
495	554	553
496	555	554
497	556	555
498	557	556
499	558	557
500	559	558
501	560	559
502	561	560
503	562	561
504	563	562
505	564	563
506	565	564
507	566	565
508	567	566
509	568	567
510	569	568
511	570	569
512	571	570
513	572	571
514	573	572
515	574	573
516	575	574
517	576	575
518	577	576
519	578	577
520	579	578
521	580	579
522	581	580
523	582	581
524	583	582
525	584	583
526	585	584
527	586	585
528	587	586
529	588	587
530	589	588
531	590	589
532	591	590
533	592	591
534	593	592
535	594	593
536	595	594
537	596	595
538	597	596
539	598	597
540	599	598
541	600	599
542	601	600
543	602	601
544	603	602
545	604	603
546	605	604
547	606	605
548	607	606
549	608	607
550	609	608
551	610	609
552	611	610
553	612	611
554	613	612
555	614	613
556	615	614
557	616	615
558	617	616
559	618	617
560	619	618
561	620	619
562	621	620
563	622	621
564	623	622
565	624	623
566	625	624
567	626	625
568	627	626
569	628	627
570	629	628
571	630	629
572	631	630
573	632	631
574	633	632
575	634	633
576	635	634
577	636	635
578	637	636
579	638	637
580	639	638
581	640	639
582	641	640
583	642	641
584	643	642
585	644	643
586	645	644
587	646	645
588	647	646
589	648	647
590	649	648
591	650	649
592	651	650
593	652	651
594	653	652
595	654	653
596	655	654
597	656	655
598	657	656
599	658	657
600	659	658
601	660	659
602	661	660
603	662	661
604	663	662
605	664	663
606	665	664
607	666	665
608	667	666
609	668	667
610	669	668
611	670	669
612	671	670
613	672	671
614	673	672
615	674	673
616	675	674
617	676	675
618	677	676
619	678	677
620	679	678
621	680	679
622	681	680
623	682	681
624	683	682
625	684	683
626	685	684
627	686	685
628	687	686
629	688	687
630	689	688
631	690	689
632	691	690
633	692	691
634	693	692
635	694	693
636	695	694
637	696	695
638	697	696
639	698	697
640	699	698
641	700	699
642	701	700
643	702	701
644	703	702
645	704	703
646	705	704
647	706	705
648	707	706
649	708	707
650	709	708
651	710	709
652	711	710
653	712	711
654	713	712
655	714	713
656	715	714
657	716	715
658	717	716
659	718	717
660	719	718
661	720	719
662	721	720
663	722	721
664	723	722
665	724	723
666	725	724
667	726	725
668	727	726
669	728	727
670	729	728
671	730	729
672	731	730
673	732	731
674	733	732
675	734	733
676	735	734
677	736	735
678	737	736
679	738	737
680	739	738
681	740	739
682	741	740
683	742	741
684	743	742
685	744	743
686	745	744
687	746	745
688	747	746
689	748	747
690	749	748
691	750	749
692	751	750
693	752	751
694	753	752
695	754	753
696	755	754
697	756	755
698	757	756
699	758	757
700	759	758
701	760	759
702	761	760
703	762	761
704	763	762
705	764	763
706	765	764
707	766	765
708	767	766
709	768	767
710	769	768
711	770	769
712	771	770
713	772	771
714	773	772
715	774	773
716	775	774
717	776	775
718	777	776
719	778	777
720	779	778
721	780	779
722	781	780
723	782	781
724	783	782
725	784	783
726	785	784
727	786	785
728	787	786
729	788	787
730	789	788
731	790	789
732	791	790
733	792	791
734	793	792
735	794	793
736	795	794
737	796	795
738	797	796
739	798	797
740	799	798
741	800	799
742	801	800
743	802	801
744	803	802
745	804	803
746	805	804
747	806	805
748	807	806
749	808	807
750	809	808
751	810	809
752	811	810
753	812	811
754	813	812
755	814	813
756	815	814
757	816	815
758	817	816
759	818	817
760	819	818
761	820	819
762	821	820
763	822	821
764	823	822
765	824	823
766	825	824
767	826	825
768	827	826
769	828	827
770	829	828
771	830	829
772	831	830
773	832	831
774	833	832
775	834	833
776	835	834
777	836	835
778	837	836
779	838	837
780	839	838
781	840	839
782	841	840
783	842	841
784	843	842
785	844	843
786	845	844
787	846	845
788	847	846
789	848	847
790	849	848
791	850	849
792	851	850
793	852	851
794	853	852
795	854	853
796	855	854
797	856	855
798	857	856
799	858	857
800	859	858
801	860	859
802	861	860
803	862	861
804	863	862
805	864	863
806	865	864
807	866	865
808	867	866
809	868	867
810	869	868
811	870	869
812	871	870
813	872	871
814	873	872
815	874	873
816	875	874
817	876	875
818	877	876
819	878	877
820	879	878
821	880	879
822	881	880
823	882	881
824	883	882
825	884	883
826	885	884
827	886	885
828	887	886
829	888	887
830	889	888
831	890	889
832	891	890
833	892	891
834	893	892
835	894	893
836	895	894
837	906	905
838	907	906
839	908	907
840	909	908
841	910	909
842	911	910
843	912	911
844	913	912
845	914	913
846	915	914
847	916	915
848	917	916
849	918	917
850	919	918
