Structure Index	PDB Index	Sequence Index
0	27	26
1	28	27
2	29	28
3	30	29
4	31	30
5	32	31
6	33	32
7	34	33
8	35	34
9	36	35
10	37	36
11	38	37
12	39	38
13	40	39
14	41	40
15	42	41
16	43	42
17	44	43
18	45	44
19	46	45
20	47	46
21	48	47
22	49	48
23	50	49
24	51	50
25	52	51
26	53	52
27	54	53
28	55	54
29	56	55
30	57	56
31	58	57
32	59	58
33	60	59
34	61	60
35	62	61
36	63	62
37	64	63
38	65	64
39	66	65
40	80	79
41	81	80
42	82	81
43	83	82
44	84	83
45	85	84
46	86	85
47	87	86
48	88	87
49	89	88
50	90	89
51	91	90
52	92	91
53	93	92
54	94	93
55	95	94
56	99	98
57	100	99
58	101	100
59	102	101
60	103	102
61	104	103
62	105	104
63	106	105
64	107	106
65	108	107
66	109	108
67	110	109
68	111	110
69	112	111
70	113	112
71	114	113
72	115	114
73	116	115
74	117	116
75	118	117
76	119	118
77	120	119
78	121	120
79	122	121
80	123	122
81	124	123
82	125	124
83	126	125
84	127	126
85	128	127
86	129	128
87	130	129
88	131	130
89	132	131
90	133	132
91	134	133
92	135	134
93	136	135
94	137	136
95	138	137
96	139	138
97	140	139
98	157	140
99	158	157
100	159	158
101	160	159
102	161	160
103	162	161
104	163	162
105	164	163
106	165	164
107	166	165
108	167	166
109	168	167
110	169	168
111	170	169
112	171	170
113	172	171
114	173	172
115	174	173
116	175	174
117	176	175
118	187	186
119	188	187
120	189	188
121	190	189
122	191	190
123	192	191
124	193	192
125	194	193
126	195	194
127	196	195
128	197	196
129	198	197
130	199	198
131	200	199
132	201	200
133	202	201
134	203	202
135	204	203
136	205	204
137	206	205
138	207	206
139	208	207
140	209	208
141	210	209
142	211	210
143	212	211
144	213	212
145	214	213
146	215	214
147	216	215
148	217	216
149	218	217
150	219	218
151	220	219
152	221	220
153	222	221
154	223	222
155	224	223
156	225	224
157	226	225
158	227	226
159	228	227
160	229	228
161	230	229
162	231	230
163	232	231
164	233	232
165	234	233
166	235	234
167	236	235
168	237	236
169	238	237
170	239	238
171	240	239
172	241	240
173	242	241
174	243	242
175	244	243
176	245	244
177	261	260
178	262	261
179	263	262
180	264	263
181	265	264
182	266	265
183	267	266
184	268	267
185	269	268
186	270	269
187	271	270
188	272	271
189	273	272
190	274	273
191	275	274
192	276	275
193	277	276
194	278	277
195	279	278
196	280	279
197	281	280
198	282	281
199	283	282
200	284	283
201	285	284
202	286	285
203	287	286
204	288	287
205	289	288
206	290	289
207	291	290
208	292	291
209	293	292
210	294	293
211	295	294
212	296	295
213	297	296
214	298	297
215	299	298
216	300	299
217	301	300
218	302	301
219	303	302
220	304	303
221	305	304
222	306	305
223	307	306
224	308	307
225	309	308
226	310	309
227	311	310
228	312	311
229	313	312
230	314	313
231	315	314
232	316	315
233	317	316
234	318	317
235	319	318
236	320	319
237	321	320
238	322	321
239	323	322
240	324	323
241	325	324
242	326	325
243	327	326
244	328	327
245	329	328
246	330	329
247	331	330
248	332	331
249	333	332
250	334	333
251	335	334
252	336	335
253	337	336
254	338	337
255	339	338
256	340	339
257	341	340
258	342	341
259	343	342
260	344	343
261	345	344
262	346	345
263	347	346
264	348	347
265	349	348
266	350	349
267	351	350
268	352	351
269	353	352
270	354	353
271	355	354
272	356	355
273	357	356
274	358	357
275	359	358
276	360	359
277	361	360
278	362	361
279	363	362
280	364	363
281	365	364
282	366	365
283	367	366
284	368	367
285	369	368
286	370	369
287	371	370
288	372	371
289	373	372
290	374	373
291	375	374
292	376	375
293	377	376
294	378	377
295	379	378
296	380	379
297	381	380
298	382	381
299	383	382
300	384	383
301	385	384
302	386	385
303	387	386
304	388	387
305	389	388
306	390	389
307	391	390
308	392	391
309	393	392
310	394	393
311	395	394
312	396	395
313	397	396
314	398	397
315	399	398
316	400	399
317	401	400
318	402	401
319	403	402
320	404	403
321	405	404
322	406	405
323	407	406
324	408	407
325	409	408
326	410	409
327	411	410
328	412	411
329	413	412
330	414	413
331	415	414
332	416	415
333	417	416
334	418	417
335	419	418
336	420	419
337	421	420
338	422	421
339	423	422
340	424	423
341	425	424
342	426	425
343	427	426
344	428	427
345	429	428
346	430	429
347	431	430
348	432	431
349	433	432
350	434	433
351	435	434
352	436	435
353	437	436
354	438	437
355	439	438
356	440	439
357	441	440
358	442	441
359	443	442
360	449	448
361	450	449
362	451	450
363	452	451
364	453	452
365	454	453
366	460	459
367	461	460
368	462	461
369	463	462
370	464	463
371	465	464
372	466	465
373	467	466
374	468	467
375	469	468
376	470	469
377	471	470
378	487	486
379	488	487
380	489	488
381	490	489
382	491	490
383	492	491
384	493	492
385	494	493
386	495	494
387	496	495
388	497	496
389	498	497
390	503	502
391	504	503
392	505	504
393	506	505
394	507	506
395	508	507
396	509	508
397	510	509
398	511	510
399	512	511
400	513	512
401	514	513
402	515	514
403	516	515
404	517	516
405	518	517
406	519	518
407	520	519
408	521	520
409	522	521
410	523	522
411	524	523
412	525	524
413	526	525
414	527	526
415	528	527
416	529	528
417	530	529
418	531	530
419	532	531
420	533	532
421	534	533
422	535	534
423	536	535
424	537	536
425	538	537
426	539	538
427	540	539
428	541	540
429	542	541
430	543	542
431	544	543
432	545	544
433	546	545
434	547	546
435	548	547
436	549	548
437	550	549
438	551	550
439	552	551
440	553	552
441	554	553
442	555	554
443	556	555
444	557	556
445	558	557
446	559	558
447	560	559
448	561	560
449	562	561
450	563	562
451	564	563
452	565	564
453	566	565
454	567	566
455	568	567
456	569	568
457	570	569
458	571	570
459	572	571
460	573	572
461	574	573
462	575	574
463	576	575
464	577	576
465	578	577
466	579	578
467	580	579
468	581	580
469	582	581
470	583	582
471	584	583
472	585	584
473	586	585
474	587	586
475	588	587
476	589	588
477	590	589
478	591	590
479	592	591
480	593	592
481	594	593
482	595	594
483	596	595
484	597	596
485	598	597
486	599	598
487	600	599
488	601	600
489	602	601
490	603	602
491	604	603
492	605	604
493	606	605
494	607	606
495	608	607
496	609	608
497	610	609
498	611	610
499	612	611
500	613	612
501	614	613
502	615	614
503	616	615
504	617	616
505	618	617
506	619	618
507	620	619
508	641	640
509	642	641
510	643	642
511	644	643
512	645	644
513	646	645
514	647	646
515	648	647
516	649	648
517	650	649
518	651	650
519	652	651
520	653	652
521	654	653
522	655	654
523	656	655
524	657	656
525	658	657
526	659	658
527	660	659
528	661	660
529	662	661
530	663	662
531	664	663
532	665	664
533	666	665
534	667	666
535	668	667
536	669	668
537	670	669
538	671	670
539	672	671
540	687	686
541	688	687
542	689	688
543	690	689
544	691	690
545	692	691
546	693	692
547	694	693
548	695	694
549	696	695
550	697	696
551	698	697
552	699	698
553	700	699
554	701	700
555	702	701
556	703	702
557	704	703
558	705	704
559	706	705
560	707	706
561	708	707
562	709	708
563	710	709
564	711	710
565	712	711
566	713	712
567	714	713
568	715	714
569	716	715
570	717	716
571	718	717
572	719	718
573	720	719
574	721	720
575	722	721
576	723	722
577	724	723
578	725	724
579	726	725
580	727	726
581	728	727
582	729	728
583	730	729
584	731	730
585	732	731
586	733	732
587	734	733
588	735	734
589	736	735
590	737	736
591	738	737
592	739	738
593	740	739
594	741	740
595	742	741
596	743	742
597	744	743
598	745	744
599	746	745
600	747	746
601	748	747
602	749	748
603	750	749
604	751	750
605	752	751
606	753	752
607	754	753
608	755	754
609	756	755
610	757	756
611	758	757
612	759	758
613	760	759
614	761	760
615	762	761
616	763	762
617	764	763
618	765	764
619	766	765
620	767	766
621	768	767
622	769	768
623	770	769
624	771	770
625	772	771
626	773	772
627	774	773
628	775	774
629	776	775
630	777	776
631	778	777
632	779	778
633	780	779
634	781	780
635	782	781
636	783	782
637	784	783
638	785	784
639	786	785
640	787	786
641	788	787
642	789	788
643	790	789
644	791	790
645	792	791
646	793	792
647	794	793
648	795	794
649	796	795
650	797	796
651	798	797
652	799	798
653	800	799
654	801	800
655	802	801
656	803	802
657	804	803
658	805	804
659	806	805
660	807	806
661	808	807
662	809	808
663	810	809
664	811	813
665	815	814
666	816	815
667	817	816
668	818	817
669	819	818
670	820	819
671	821	820
672	822	821
673	823	822
674	824	823
675	825	824
676	826	825
677	827	826
678	828	827
679	853	852
680	854	853
681	855	854
682	856	855
683	857	856
684	858	857
685	859	858
686	860	859
687	861	860
688	862	861
689	863	862
690	864	863
691	865	864
692	866	865
693	867	866
694	868	867
695	869	868
696	870	869
697	871	870
698	872	871
699	873	872
700	874	873
701	875	874
702	876	875
703	877	876
704	878	877
705	879	878
706	880	879
707	881	880
708	882	881
709	883	882
710	884	883
711	885	884
712	886	885
713	887	886
714	888	887
715	889	888
716	890	889
717	891	890
718	892	891
719	893	892
720	894	893
721	895	894
722	896	895
723	897	896
724	898	897
725	899	898
726	900	899
727	901	900
728	902	901
729	903	902
730	904	903
731	905	904
732	906	905
733	907	906
734	908	907
735	909	908
736	910	909
737	911	910
738	912	911
739	913	912
740	914	913
741	915	914
742	916	915
743	917	916
744	918	917
745	919	918
746	920	919
747	921	920
748	922	921
749	923	922
750	924	923
751	925	924
752	926	925
753	927	926
754	928	927
755	929	928
756	930	929
757	931	930
758	932	931
759	933	932
760	934	933
761	935	934
762	936	935
763	937	936
764	938	937
765	939	938
766	940	939
767	941	940
768	942	941
769	943	942
770	944	943
771	945	944
772	946	945
773	947	946
774	948	947
775	949	948
776	950	949
777	951	950
778	952	951
779	953	952
780	954	953
781	955	954
782	956	955
783	957	956
784	958	957
785	959	958
786	960	959
787	961	960
788	962	961
789	963	962
790	964	963
791	965	964
792	966	965
793	967	966
794	968	967
795	969	968
796	970	969
797	971	970
798	972	971
799	973	972
800	974	973
801	975	974
802	976	975
803	977	976
804	978	977
805	979	978
806	980	979
807	981	980
808	982	981
809	983	982
810	984	983
811	985	984
812	986	985
813	987	986
814	988	987
815	989	988
816	990	989
817	991	990
818	992	991
819	993	992
820	994	993
821	995	994
822	996	995
823	997	996
824	998	997
825	999	998
826	1000	999
827	1001	1000
828	1002	1001
829	1003	1002
830	1004	1003
831	1005	1004
832	1006	1005
833	1007	1006
834	1008	1007
835	1009	1008
836	1010	1009
837	1011	1010
838	1012	1011
839	1013	1012
840	1014	1013
841	1015	1014
842	1016	1015
843	1017	1016
844	1018	1017
845	1019	1018
846	1020	1019
847	1021	1020
848	1022	1021
849	1023	1022
850	1024	1023
851	1025	1024
852	1026	1025
853	1027	1026
854	1028	1027
855	1029	1028
856	1030	1029
857	1031	1030
858	1032	1031
859	1033	1032
860	1034	1033
861	1035	1034
862	1036	1035
863	1037	1036
864	1038	1037
865	1039	1038
866	1040	1039
867	1041	1040
868	1042	1041
869	1043	1042
870	1044	1043
871	1045	1044
872	1046	1045
873	1047	1046
874	1048	1047
875	1049	1048
876	1050	1049
877	1051	1050
878	1052	1051
879	1053	1052
880	1054	1053
881	1055	1054
882	1056	1055
883	1057	1056
884	1058	1057
885	1059	1058
886	1060	1059
887	1061	1060
888	1062	1061
889	1063	1062
890	1064	1063
891	1065	1064
892	1066	1065
893	1067	1066
894	1068	1067
895	1069	1068
896	1070	1069
897	1071	1070
898	1072	1071
899	1073	1072
900	1074	1073
901	1075	1074
902	1076	1075
903	1077	1076
904	1078	1077
905	1079	1078
906	1080	1079
907	1081	1080
908	1082	1081
909	1083	1082
910	1084	1083
911	1085	1084
912	1086	1085
913	1087	1086
914	1088	1087
915	1089	1088
916	1090	1089
917	1091	1090
918	1092	1091
919	1093	1092
920	1094	1093
921	1095	1094
922	1096	1095
923	1097	1096
924	1098	1097
925	1099	1098
926	1100	1099
927	1101	1100
928	1102	1101
929	1103	1102
930	1104	1103
931	1105	1104
932	1106	1105
933	1107	1106
934	1108	1107
935	1109	1108
936	1110	1109
937	1111	1110
938	1112	1111
939	1113	1112
940	1114	1113
941	1115	1114
942	1116	1115
943	1117	1116
944	1118	1117
945	1119	1118
946	1120	1119
947	1121	1120
948	1122	1121
949	1123	1122
950	1124	1123
951	1125	1124
952	1126	1125
953	1127	1126
954	1128	1127
955	1129	1128
956	1130	1129
957	1131	1130
958	1132	1131
959	1133	1132
960	1134	1133
961	1135	1134
962	1136	1135
963	1137	1136
964	1138	1137
965	1139	1138
966	1140	1139
967	1141	1140
968	1142	1141
969	1143	1142
970	1144	1143
971	1145	1144
972	1146	1145
