Structure Index	PDB Index	Sequence Index
0	27	26
1	28	27
2	29	28
3	30	29
4	31	30
5	32	31
6	33	32
7	34	33
8	35	34
9	36	35
10	37	36
11	38	37
12	39	38
13	40	39
14	41	40
15	42	41
16	43	42
17	44	43
18	45	44
19	46	45
20	47	46
21	48	47
22	49	48
23	50	49
24	51	50
25	52	51
26	53	52
27	54	53
28	55	54
29	56	55
30	57	56
31	58	57
32	59	58
33	60	59
34	61	60
35	62	61
36	63	62
37	64	63
38	65	64
39	66	65
40	79	78
41	80	79
42	81	80
43	82	81
44	83	82
45	84	83
46	85	84
47	86	85
48	87	86
49	88	87
50	89	88
51	90	89
52	91	90
53	92	91
54	93	92
55	94	93
56	95	94
57	99	98
58	100	99
59	101	100
60	102	101
61	103	102
62	104	103
63	105	104
64	106	105
65	107	106
66	108	107
67	109	108
68	110	109
69	111	110
70	112	111
71	113	112
72	114	113
73	115	114
74	116	115
75	117	116
76	118	117
77	119	118
78	120	119
79	121	120
80	122	121
81	123	122
82	124	123
83	125	124
84	126	125
85	127	126
86	128	127
87	129	128
88	130	129
89	131	130
90	132	131
91	133	132
92	134	133
93	135	134
94	136	135
95	137	136
96	138	137
97	139	138
98	140	139
99	141	140
100	142	141
101	156	155
102	157	156
103	158	157
104	159	158
105	160	159
106	161	160
107	162	161
108	163	162
109	164	163
110	165	164
111	166	165
112	167	166
113	168	167
114	169	168
115	170	169
116	171	170
117	172	171
118	173	172
119	174	173
120	175	174
121	176	175
122	187	186
123	188	187
124	189	188
125	190	189
126	191	190
127	192	191
128	193	192
129	194	193
130	195	194
131	196	195
132	197	196
133	198	197
134	199	198
135	200	199
136	201	200
137	202	201
138	203	202
139	204	203
140	205	204
141	206	205
142	207	206
143	208	207
144	209	208
145	210	209
146	211	210
147	212	211
148	213	212
149	214	213
150	215	214
151	216	215
152	217	216
153	218	217
154	219	218
155	220	219
156	221	220
157	222	221
158	223	222
159	224	223
160	225	224
161	226	225
162	227	226
163	228	227
164	229	228
165	230	229
166	231	230
167	232	231
168	233	232
169	234	233
170	235	234
171	236	235
172	237	236
173	238	237
174	239	238
175	240	239
176	241	240
177	242	241
178	243	242
179	244	243
180	245	244
181	246	245
182	261	260
183	262	261
184	263	262
185	264	263
186	265	264
187	266	265
188	267	266
189	268	267
190	269	268
191	270	269
192	271	270
193	272	271
194	273	272
195	274	273
196	275	274
197	276	275
198	277	276
199	278	277
200	279	278
201	280	279
202	281	280
203	282	281
204	283	282
205	284	283
206	285	284
207	286	285
208	287	286
209	288	287
210	289	288
211	290	289
212	291	290
213	292	291
214	293	292
215	294	293
216	295	294
217	296	295
218	297	296
219	298	297
220	299	298
221	300	299
222	301	300
223	302	301
224	303	302
225	304	303
226	305	304
227	306	305
228	307	306
229	308	307
230	309	308
231	310	309
232	311	310
233	312	311
234	313	312
235	314	313
236	315	314
237	316	315
238	317	316
239	318	317
240	319	318
241	320	319
242	321	320
243	322	321
244	323	322
245	324	323
246	325	324
247	326	325
248	327	326
249	328	327
250	335	334
251	336	335
252	337	336
253	338	337
254	339	338
255	340	339
256	341	340
257	342	341
258	343	342
259	344	343
260	345	344
261	346	345
262	347	346
263	348	347
264	349	348
265	350	349
266	351	350
267	352	351
268	353	352
269	354	353
270	355	354
271	356	355
272	357	356
273	358	357
274	359	358
275	360	359
276	361	360
277	362	361
278	363	362
279	364	363
280	365	364
281	366	365
282	367	366
283	368	367
284	369	368
285	370	369
286	371	370
287	372	371
288	373	372
289	374	373
290	375	374
291	376	375
292	377	376
293	378	377
294	379	378
295	380	379
296	381	380
297	382	381
298	383	382
299	384	383
300	385	384
301	386	385
302	387	386
303	388	387
304	389	388
305	390	389
306	391	390
307	392	391
308	393	392
309	394	393
310	395	394
311	396	395
312	397	396
313	398	397
314	399	398
315	400	399
316	401	400
317	402	401
318	403	402
319	404	403
320	405	404
321	406	405
322	407	406
323	408	407
324	409	408
325	410	409
326	411	410
327	412	411
328	413	412
329	414	413
330	415	414
331	416	415
332	417	416
333	418	417
334	419	418
335	420	419
336	421	420
337	422	421
338	423	422
339	424	423
340	425	424
341	426	425
342	427	426
343	428	427
344	429	428
345	430	429
346	431	430
347	432	431
348	433	432
349	434	433
350	435	434
351	436	435
352	437	436
353	438	437
354	439	438
355	440	439
356	441	440
357	442	441
358	443	442
359	449	448
360	450	449
361	451	450
362	452	451
363	453	452
364	454	489
365	491	490
366	492	491
367	493	492
368	494	493
369	495	494
370	496	495
371	497	496
372	498	497
373	499	498
374	500	499
375	503	502
376	504	503
377	505	504
378	506	505
379	507	506
380	508	507
381	509	508
382	510	509
383	511	510
384	512	511
385	513	512
386	514	513
387	515	514
388	516	515
389	517	516
390	518	517
391	519	518
392	520	519
393	521	520
394	522	521
395	523	522
396	524	523
397	525	524
398	526	525
399	527	526
400	528	527
401	529	528
402	530	529
403	531	530
404	532	531
405	533	532
406	534	533
407	535	534
408	536	535
409	537	536
410	538	537
411	539	538
412	540	539
413	541	540
414	542	541
415	543	542
416	544	543
417	545	544
418	546	545
419	547	546
420	548	547
421	549	548
422	550	549
423	551	550
424	552	551
425	553	552
426	554	553
427	555	554
428	556	555
429	557	556
430	558	557
431	559	558
432	560	559
433	561	560
434	562	561
435	563	562
436	564	563
437	565	564
438	566	565
439	567	566
440	568	567
441	569	568
442	570	569
443	571	570
444	572	571
445	573	572
446	574	573
447	575	574
448	576	575
449	577	576
450	578	577
451	579	578
452	580	579
453	581	580
454	582	581
455	583	582
456	584	583
457	585	584
458	586	585
459	587	586
460	588	587
461	589	588
462	590	589
463	591	590
464	592	591
465	593	592
466	594	593
467	595	594
468	596	595
469	597	596
470	598	597
471	599	598
472	600	599
473	601	600
474	602	601
475	603	602
476	604	603
477	605	604
478	606	605
479	607	606
480	608	607
481	609	608
482	610	609
483	611	610
484	612	611
485	613	612
486	614	613
487	615	614
488	616	615
489	617	616
490	618	617
491	619	618
492	620	619
493	640	639
494	641	640
495	642	641
496	643	642
497	644	643
498	645	644
499	646	645
500	647	646
501	648	647
502	649	648
503	650	649
504	651	650
505	652	651
506	653	652
507	654	653
508	655	654
509	656	655
510	657	656
511	658	657
512	659	658
513	660	659
514	661	660
515	662	661
516	663	662
517	664	663
518	665	664
519	666	665
520	667	666
521	668	667
522	669	668
523	670	669
524	671	670
525	672	671
526	687	686
527	688	687
528	689	688
529	690	689
530	691	690
531	692	691
532	693	692
533	694	693
534	695	694
535	696	695
536	697	696
537	698	697
538	699	698
539	700	699
540	701	700
541	702	701
542	703	702
543	704	703
544	705	704
545	706	705
546	707	706
547	708	707
548	709	708
549	710	709
550	711	710
551	712	711
552	713	712
553	714	713
554	715	714
555	716	715
556	717	716
557	718	717
558	719	718
559	720	719
560	721	720
561	722	721
562	723	722
563	724	723
564	725	724
565	726	725
566	727	726
567	728	727
568	729	728
569	730	729
570	731	730
571	732	731
572	733	732
573	734	733
574	735	734
575	736	735
576	737	736
577	738	737
578	739	738
579	740	739
580	741	740
581	742	741
582	743	742
583	744	743
584	745	744
585	746	745
586	747	746
587	748	747
588	749	748
589	750	749
590	751	750
591	752	751
592	753	752
593	754	753
594	755	754
595	756	755
596	757	756
597	758	757
598	759	758
599	760	759
600	761	760
601	762	761
602	763	762
603	764	763
604	765	764
605	766	765
606	767	766
607	768	767
608	769	768
609	770	769
610	771	770
611	772	771
612	773	772
613	774	773
614	775	774
615	776	775
616	777	776
617	778	777
618	779	778
619	780	779
620	781	780
621	782	781
622	783	782
623	784	783
624	785	784
625	786	785
626	787	786
627	788	787
628	789	788
629	790	789
630	791	790
631	792	791
632	793	792
633	794	793
634	795	794
635	796	795
636	797	796
637	798	797
638	799	798
639	800	799
640	801	800
641	802	801
642	803	802
643	804	803
644	805	804
645	806	805
646	807	806
647	808	807
648	809	808
649	810	809
650	811	813
651	815	814
652	816	815
653	817	816
654	818	817
655	819	818
656	820	819
657	821	820
658	822	821
659	823	822
660	824	823
661	825	824
662	826	825
663	827	826
664	828	827
665	853	852
666	854	853
667	855	854
668	856	855
669	857	856
670	858	857
671	859	858
672	860	859
673	861	860
674	862	861
675	863	862
676	864	863
677	865	864
678	866	865
679	867	866
680	868	867
681	869	868
682	870	869
683	871	870
684	872	871
685	873	872
686	874	873
687	875	874
688	876	875
689	877	876
690	878	877
691	879	878
692	880	879
693	881	880
694	882	881
695	883	882
696	884	883
697	885	884
698	886	885
699	887	886
700	888	887
701	889	888
702	890	889
703	891	890
704	892	891
705	893	892
706	894	893
707	895	894
708	896	895
709	897	896
710	898	897
711	899	898
712	900	899
713	901	900
714	902	901
715	903	902
716	904	903
717	905	904
718	906	905
719	907	906
720	908	907
721	909	908
722	910	909
723	911	910
724	912	911
725	913	912
726	914	913
727	915	914
728	916	915
729	917	916
730	918	917
731	919	918
732	920	919
733	921	920
734	922	921
735	923	922
736	924	923
737	925	924
738	926	925
739	927	926
740	928	927
741	929	928
742	930	929
743	931	930
744	932	931
745	933	932
746	934	933
747	935	934
748	936	935
749	937	936
750	938	937
751	939	938
752	940	939
753	941	940
754	942	941
755	943	942
756	944	943
757	945	944
758	946	945
759	947	946
760	948	947
761	949	948
762	950	949
763	951	950
764	952	951
765	953	952
766	954	953
767	955	954
768	956	955
769	957	956
770	958	957
771	959	958
772	960	959
773	961	960
774	962	961
775	963	962
776	964	963
777	965	964
778	966	965
779	967	966
780	968	967
781	969	968
782	970	969
783	971	970
784	972	971
785	973	972
786	974	973
787	975	974
788	976	975
789	977	976
790	978	977
791	979	978
792	980	979
793	981	980
794	982	981
795	983	982
796	984	983
797	985	984
798	986	985
799	987	986
800	988	987
801	989	988
802	990	989
803	991	990
804	992	991
805	993	992
806	994	993
807	995	994
808	996	995
809	997	996
810	998	997
811	999	998
812	1000	999
813	1001	1000
814	1002	1001
815	1003	1002
816	1004	1003
817	1005	1004
818	1006	1005
819	1007	1006
820	1008	1007
821	1009	1008
822	1010	1009
823	1011	1010
824	1012	1011
825	1013	1012
826	1014	1013
827	1015	1014
828	1016	1015
829	1017	1016
830	1018	1017
831	1019	1018
832	1020	1019
833	1021	1020
834	1022	1021
835	1023	1022
836	1024	1023
837	1025	1024
838	1026	1025
839	1027	1026
840	1028	1027
841	1029	1028
842	1030	1029
843	1031	1030
844	1032	1031
845	1033	1032
846	1034	1033
847	1035	1034
848	1036	1035
849	1037	1036
850	1038	1037
851	1039	1038
852	1040	1039
853	1041	1040
854	1042	1041
855	1043	1042
856	1044	1043
857	1045	1044
858	1046	1045
859	1047	1046
860	1048	1047
861	1049	1048
862	1050	1049
863	1051	1050
864	1052	1051
865	1053	1052
866	1054	1053
867	1055	1054
868	1056	1055
869	1057	1056
870	1058	1057
871	1059	1058
872	1060	1059
873	1061	1060
874	1062	1061
875	1063	1062
876	1064	1063
877	1065	1064
878	1066	1065
879	1067	1066
880	1068	1067
881	1069	1068
882	1070	1069
883	1071	1070
884	1072	1071
885	1073	1072
886	1074	1073
887	1075	1074
888	1076	1075
889	1077	1076
890	1078	1077
891	1079	1078
892	1080	1079
893	1081	1080
894	1082	1081
895	1083	1082
896	1084	1083
897	1085	1084
898	1086	1085
899	1087	1086
900	1088	1087
901	1089	1088
902	1090	1089
903	1091	1090
904	1092	1091
905	1093	1092
906	1094	1093
907	1095	1094
908	1096	1095
909	1097	1096
910	1098	1097
911	1099	1098
912	1100	1099
913	1101	1100
914	1102	1101
915	1103	1102
916	1104	1103
917	1105	1104
918	1106	1105
919	1107	1106
920	1108	1107
921	1109	1108
922	1110	1109
923	1111	1110
924	1112	1111
925	1113	1112
926	1114	1113
927	1115	1114
928	1116	1115
929	1117	1116
930	1118	1117
931	1119	1118
932	1120	1119
933	1121	1120
934	1122	1121
935	1123	1122
936	1124	1123
937	1125	1124
938	1126	1125
939	1127	1126
940	1128	1127
941	1129	1128
942	1130	1129
943	1131	1130
944	1132	1131
945	1133	1132
946	1134	1133
947	1135	1134
948	1136	1135
949	1137	1136
950	1138	1137
951	1139	1138
952	1140	1139
953	1141	1140
954	1142	1141
955	1143	1142
956	1144	1143
957	1145	1144
958	1146	1145
