Structure Index	PDB Index	Sequence Index
0	334	15
1	335	16
2	336	17
3	337	18
4	338	19
5	339	20
6	340	21
7	341	22
8	342	23
9	343	24
10	344	25
11	345	26
12	346	27
13	347	28
14	348	29
15	349	30
16	350	31
17	351	32
18	352	33
19	353	34
20	354	35
21	355	36
22	356	37
23	357	38
24	358	39
25	359	40
26	360	41
27	361	42
28	362	43
29	363	44
30	364	45
31	365	46
32	366	47
33	367	48
34	368	49
35	369	50
36	370	51
37	371	52
38	372	53
39	373	54
40	374	55
41	375	56
42	376	57
43	377	58
44	378	59
45	379	60
46	380	61
47	381	62
48	382	63
49	383	64
50	384	65
51	385	66
52	386	67
53	387	68
54	388	69
55	389	70
56	390	71
57	391	72
58	392	73
59	393	74
60	394	75
61	395	76
62	396	77
63	397	78
64	398	79
65	399	80
66	400	81
67	401	82
68	402	83
69	403	84
70	404	85
71	405	86
72	406	87
73	407	88
74	408	89
75	409	90
76	410	91
77	411	92
78	412	93
79	413	94
80	414	95
81	415	96
82	416	97
83	417	98
84	418	99
85	419	100
86	420	101
87	421	102
88	422	103
89	423	104
90	424	105
91	425	106
92	426	107
93	427	108
94	428	109
95	429	110
96	430	111
97	431	112
98	432	113
99	433	114
100	434	115
101	435	116
102	436	117
103	437	118
104	438	119
105	439	120
106	440	121
107	441	122
108	442	123
109	443	124
110	444	125
111	445	126
112	446	127
113	447	128
114	448	129
115	449	130
116	450	131
117	451	132
118	452	133
119	453	134
120	454	135
121	455	136
122	456	137
123	457	138
124	458	139
125	459	140
126	460	141
127	461	142
128	462	143
129	463	144
130	464	145
131	465	146
132	466	147
133	467	148
134	468	149
135	469	150
136	470	151
137	471	152
138	472	153
139	473	154
140	474	155
141	475	156
142	476	157
143	477	158
144	478	159
145	479	160
146	480	161
147	481	162
148	482	163
149	483	164
150	484	165
151	485	166
152	486	167
153	487	168
154	488	169
155	489	170
156	490	171
157	491	172
158	492	173
159	493	174
160	494	175
161	495	176
162	496	177
163	497	178
164	498	179
165	499	180
166	500	181
167	501	182
168	502	183
169	503	184
170	504	185
171	505	186
172	506	187
173	507	188
174	508	189
175	509	190
176	510	191
177	511	192
178	512	193
179	513	194
180	514	195
181	515	196
182	516	197
183	517	198
184	518	199
185	519	200
186	520	201
187	521	202
188	523	204
189	524	205
190	525	206
191	526	207
192	527	208
