Structure Index	PDB Index	Sequence Index
0	27	45
1	28	46
2	29	47
3	30	48
4	31	49
5	32	50
6	33	51
7	34	52
8	35	53
9	36	54
10	37	55
11	38	56
12	39	57
13	40	58
14	41	59
15	42	60
16	43	61
17	44	62
18	45	63
19	46	64
20	47	65
21	48	66
22	49	67
23	50	68
24	51	69
25	52	70
26	53	71
27	54	72
28	55	73
29	56	74
30	57	75
31	58	76
32	59	77
33	60	78
34	61	79
35	62	80
36	63	81
37	64	82
38	65	83
39	66	84
40	67	85
41	68	86
42	69	87
43	80	98
44	81	99
45	82	100
46	83	101
47	84	102
48	85	103
49	86	104
50	87	105
51	88	106
52	89	107
53	90	108
54	91	109
55	92	110
56	93	111
57	94	112
58	95	113
59	96	114
60	97	115
61	98	116
62	99	117
63	100	118
64	101	119
65	102	120
66	103	121
67	104	122
68	105	123
69	106	124
70	107	125
71	108	126
72	109	127
73	110	128
74	111	129
75	112	130
76	113	131
77	114	132
78	115	133
79	116	134
80	117	135
81	118	136
82	119	137
83	120	138
84	121	139
85	122	140
86	123	141
87	124	142
88	125	143
89	126	144
90	127	145
91	128	146
92	129	147
93	130	148
94	131	149
95	132	150
96	133	151
97	134	152
98	135	153
99	136	154
100	137	155
101	138	156
102	139	157
103	140	158
104	141	159
105	142	160
106	143	161
107	165	183
108	166	184
109	167	185
110	168	186
111	169	187
112	170	188
113	171	189
114	172	203
115	186	204
116	187	205
117	188	206
118	189	207
119	190	208
120	191	209
121	192	210
122	193	211
123	194	212
124	195	213
125	196	214
126	197	215
127	198	216
128	199	217
129	200	218
130	201	219
131	202	220
132	203	221
133	204	222
134	205	223
135	206	224
136	207	225
137	208	226
138	209	227
139	210	228
140	211	229
141	212	230
142	213	231
143	214	232
144	215	233
145	216	234
146	217	235
147	218	236
148	219	237
149	220	238
150	221	239
151	222	240
152	223	241
153	224	242
154	225	243
155	226	244
156	227	245
157	228	246
158	229	247
159	230	248
160	231	249
161	232	250
162	233	251
163	234	252
164	235	253
165	236	254
166	237	255
167	238	256
168	239	257
169	240	258
170	241	259
171	242	260
172	243	261
173	244	262
174	245	263
175	263	264
176	264	282
177	265	283
178	266	284
179	267	285
180	268	286
181	269	287
182	270	288
183	271	289
184	272	290
185	273	291
186	274	292
187	275	293
188	276	294
189	277	295
190	278	296
191	279	297
192	280	298
193	281	299
194	282	300
195	283	301
196	284	302
197	285	303
198	286	304
199	287	305
200	288	306
201	289	307
202	290	308
203	291	309
204	292	310
205	293	311
206	294	312
207	295	313
208	296	314
209	297	315
210	298	316
211	299	317
212	300	318
213	301	319
214	302	320
215	303	321
216	304	322
217	305	323
218	306	324
219	307	325
220	308	326
221	309	327
222	310	328
223	311	329
224	312	330
225	313	331
226	314	332
227	315	333
228	316	334
229	317	335
230	318	336
231	319	337
232	320	338
233	321	339
234	322	340
235	323	341
236	324	342
237	325	343
238	326	344
239	327	345
240	328	346
241	329	347
242	330	348
243	331	349
244	332	350
245	333	351
246	334	352
247	335	353
248	336	354
249	337	355
250	338	356
251	339	357
252	340	358
253	341	359
254	342	360
255	343	361
256	344	362
257	345	363
258	346	364
259	347	365
260	348	366
261	349	367
262	350	368
263	351	369
264	352	370
265	353	371
266	354	372
267	355	373
268	356	374
269	357	375
270	358	376
271	359	377
272	360	378
273	361	379
274	362	380
275	363	381
276	364	382
277	365	383
278	366	384
279	367	385
280	368	386
281	369	387
282	370	388
283	371	389
284	372	390
285	373	391
286	374	392
287	375	393
288	376	394
289	377	395
290	378	396
291	379	397
292	380	398
293	381	399
294	382	400
295	383	401
296	384	402
297	385	403
298	386	404
299	387	405
300	388	406
301	389	407
302	390	408
303	391	409
304	392	410
305	393	411
306	394	412
307	395	413
308	396	414
309	397	415
310	398	416
311	399	417
312	400	418
313	401	419
314	402	420
315	403	421
316	404	422
317	405	423
318	406	424
319	407	425
320	408	426
321	409	427
322	410	428
323	411	429
324	412	430
325	413	431
326	414	432
327	415	433
328	416	434
329	417	435
330	418	436
331	419	437
332	420	438
333	421	439
334	422	440
335	423	441
336	424	442
337	425	443
338	426	444
339	427	445
340	428	446
341	429	447
342	430	448
343	431	449
344	432	450
345	433	451
346	434	452
347	435	453
348	436	454
349	437	455
350	438	456
351	439	457
352	440	458
353	441	459
354	442	460
355	443	461
356	444	462
357	447	465
358	448	466
359	449	467
360	450	468
361	451	469
362	452	470
363	453	471
364	454	472
365	462	480
366	463	481
367	464	482
368	465	483
369	466	484
370	467	485
371	468	506
372	489	507
373	490	508
374	491	509
375	492	510
376	493	511
377	494	512
378	495	513
379	496	514
380	497	515
381	498	516
382	499	517
383	500	518
384	501	519
385	503	521
386	504	522
387	505	523
388	506	524
389	507	525
390	508	526
391	509	527
392	510	528
393	511	529
394	512	530
395	513	531
396	514	532
397	515	533
398	516	534
399	517	535
400	518	536
401	519	537
402	520	538
403	521	539
404	522	540
405	523	541
406	524	542
407	525	543
408	526	544
409	527	545
410	528	546
411	529	547
412	530	548
413	531	549
414	532	550
415	533	551
416	534	552
417	535	553
418	536	554
419	537	555
420	538	556
421	539	557
422	540	558
423	541	559
424	542	560
425	543	561
426	544	562
427	545	563
428	546	564
429	547	565
430	548	566
431	549	567
432	550	568
433	551	569
434	552	570
435	553	571
436	554	572
437	555	573
438	556	574
439	557	575
440	558	576
441	559	577
442	560	578
443	561	579
444	562	580
445	563	581
446	564	582
447	565	583
448	566	584
449	567	585
450	568	586
451	569	587
452	570	588
453	571	589
454	572	590
455	573	591
456	574	592
457	575	593
458	576	594
459	577	595
460	578	596
461	579	597
462	580	598
463	581	599
464	582	600
465	583	601
466	584	602
467	585	603
468	586	604
469	587	605
470	588	606
471	589	607
472	590	608
473	591	609
474	592	610
475	593	611
476	594	612
477	595	613
478	596	614
479	597	615
480	598	616
481	599	617
482	600	618
483	601	619
484	602	620
485	603	621
486	604	622
487	605	623
488	606	624
489	607	625
490	608	626
491	609	627
492	610	628
493	611	629
494	612	630
495	613	631
496	614	632
497	615	633
498	616	634
499	617	635
500	618	636
501	619	637
502	620	638
503	641	659
504	642	660
505	643	661
506	644	662
507	645	663
508	646	664
509	647	665
510	648	666
511	649	667
512	650	668
513	651	669
514	652	670
515	653	671
516	654	672
517	655	673
518	656	674
519	657	675
520	658	676
521	659	677
522	660	678
523	661	679
524	662	680
525	663	681
526	664	682
527	665	683
528	666	684
529	667	685
530	668	686
531	669	687
532	670	688
533	671	689
534	672	690
535	673	691
536	674	692
537	675	693
538	676	694
539	689	707
540	690	708
541	691	709
542	692	710
543	693	711
544	694	712
545	695	713
546	696	714
547	697	715
548	698	716
549	699	717
550	700	718
551	701	719
552	702	720
553	703	721
554	704	722
555	705	723
556	706	724
557	707	725
558	708	726
559	709	727
560	710	728
561	711	729
562	712	730
563	713	731
564	714	732
565	715	733
566	716	734
567	717	735
568	718	736
569	719	737
570	720	738
571	721	739
572	722	740
573	723	741
574	724	742
575	725	743
576	726	744
577	727	745
578	728	746
579	729	747
580	730	748
581	731	749
582	732	750
583	733	751
584	734	752
585	735	753
586	736	754
587	737	755
588	738	756
589	739	757
590	740	758
591	741	759
592	742	760
593	743	761
594	744	762
595	745	763
596	746	764
597	747	765
598	748	766
599	749	767
600	750	768
601	751	769
602	752	770
603	753	771
604	754	772
605	755	773
606	756	774
607	757	775
608	758	776
609	759	777
610	760	778
611	761	779
612	762	780
613	763	781
614	764	782
615	765	783
616	766	784
617	767	785
618	768	786
619	769	787
620	770	788
621	771	789
622	772	790
623	773	791
624	774	792
625	775	793
626	776	794
627	777	795
628	778	796
629	779	797
630	780	798
631	781	799
632	782	800
633	783	801
634	784	802
635	785	803
636	786	804
637	787	805
638	788	806
639	789	807
640	790	808
641	791	809
642	792	810
643	793	811
644	794	812
645	795	813
646	796	814
647	797	815
648	798	816
649	799	817
650	800	818
651	801	819
652	802	820
653	803	821
654	804	822
655	805	823
656	806	824
657	807	825
658	808	826
659	809	827
660	810	828
661	811	829
662	812	830
663	813	831
664	814	832
665	815	833
666	816	834
667	817	835
668	818	836
669	819	837
670	820	838
671	821	839
672	822	840
673	823	841
674	824	842
675	825	843
676	826	844
677	827	845
678	854	872
679	855	873
680	856	874
681	857	875
682	858	876
683	859	877
684	860	878
685	861	879
686	862	880
687	863	881
688	864	882
689	865	883
690	866	884
691	867	885
692	868	886
693	869	887
694	870	888
695	871	889
696	872	890
697	873	891
698	874	892
699	875	893
700	876	894
701	877	895
702	878	896
703	879	897
704	880	898
705	881	899
706	882	900
707	883	901
708	884	902
709	885	903
710	886	904
711	887	905
712	888	906
713	889	907
714	890	908
715	891	909
716	892	910
717	893	911
718	894	912
719	895	913
720	896	914
721	897	915
722	898	916
723	899	917
724	900	918
725	901	919
726	902	920
727	903	921
728	904	922
729	905	923
730	906	924
731	907	925
732	908	926
733	909	927
734	910	928
735	911	929
736	912	930
737	913	931
738	914	932
739	915	933
740	916	934
741	917	935
742	918	936
743	919	937
744	920	938
745	921	939
746	922	940
747	923	941
748	924	942
749	925	943
750	926	944
751	927	945
752	928	946
753	929	947
754	930	948
755	931	949
756	932	950
757	933	951
758	934	952
759	935	953
760	936	954
761	937	955
762	938	956
763	939	957
764	940	958
765	941	959
766	942	960
767	943	961
768	944	962
769	945	963
770	946	964
771	947	965
772	948	966
773	949	967
774	950	968
775	951	969
776	952	970
777	953	971
778	954	972
779	955	973
780	956	974
781	957	975
782	958	976
783	959	977
784	960	978
785	961	979
786	962	980
787	963	981
788	964	982
789	965	983
790	966	984
791	967	985
792	968	986
793	969	987
794	970	988
795	971	989
796	972	990
797	973	991
798	974	992
799	975	993
800	976	994
801	977	995
802	978	996
803	979	997
804	980	998
805	981	999
806	982	1000
807	983	1001
808	984	1002
809	985	1003
810	986	1004
811	987	1005
812	988	1006
813	989	1007
814	990	1008
815	991	1009
816	992	1010
817	993	1011
818	994	1012
819	995	1013
820	996	1014
821	997	1015
822	998	1016
823	999	1017
824	1000	1018
825	1001	1019
826	1002	1020
827	1003	1021
828	1004	1022
829	1005	1023
830	1006	1024
831	1007	1025
832	1008	1026
833	1009	1027
834	1010	1028
835	1011	1029
836	1012	1030
837	1013	1031
838	1014	1032
839	1015	1033
840	1016	1034
841	1017	1035
842	1018	1036
843	1019	1037
844	1020	1038
845	1021	1039
846	1022	1040
847	1023	1041
848	1024	1042
849	1025	1043
850	1026	1044
851	1027	1045
852	1028	1046
853	1029	1047
854	1030	1048
855	1031	1049
856	1032	1050
857	1033	1051
858	1034	1052
859	1035	1053
860	1036	1054
861	1037	1055
862	1038	1056
863	1039	1057
864	1040	1058
865	1041	1059
866	1042	1060
867	1043	1061
868	1044	1062
869	1045	1063
870	1046	1064
871	1047	1065
872	1048	1066
873	1049	1067
874	1050	1068
875	1051	1069
876	1052	1070
877	1053	1071
878	1054	1072
879	1055	1073
880	1056	1074
881	1057	1075
882	1058	1076
883	1059	1077
884	1060	1078
885	1061	1079
886	1062	1080
887	1063	1081
888	1064	1082
889	1065	1083
890	1066	1084
891	1067	1085
892	1068	1086
893	1069	1087
894	1070	1088
895	1071	1089
896	1072	1090
897	1073	1091
898	1074	1092
899	1075	1093
900	1076	1094
901	1077	1095
902	1078	1096
903	1079	1097
904	1080	1098
905	1081	1099
906	1082	1100
907	1083	1101
908	1084	1102
909	1085	1103
910	1086	1104
911	1087	1105
912	1088	1106
913	1089	1107
914	1090	1108
915	1091	1109
916	1092	1110
917	1093	1111
918	1094	1112
919	1095	1113
920	1096	1114
921	1097	1115
922	1098	1116
923	1099	1117
924	1100	1118
925	1101	1119
926	1102	1120
927	1103	1121
928	1104	1122
929	1105	1123
930	1106	1124
931	1107	1125
932	1108	1126
933	1109	1127
934	1110	1128
935	1111	1129
936	1112	1130
937	1113	1131
938	1114	1132
939	1115	1133
940	1116	1134
941	1117	1135
942	1118	1136
943	1119	1137
944	1120	1138
945	1121	1139
946	1122	1140
947	1123	1141
948	1124	1142
949	1125	1143
950	1126	1144
951	1127	1145
952	1128	1146
953	1129	1147
954	1130	1148
955	1131	1149
956	1132	1150
957	1133	1151
958	1134	1152
959	1135	1153
960	1136	1154
961	1137	1155
962	1138	1156
963	1139	1157
964	1140	1158
965	1141	1159
966	1142	1160
967	1143	1161
968	1144	1162
969	1145	1163
970	1146	1164
971	1147	1165
