Structure Index	PDB Index	Sequence Index
0	27	45
1	28	46
2	29	47
3	30	48
4	31	49
5	32	50
6	33	51
7	34	52
8	35	53
9	36	54
10	37	55
11	38	56
12	39	57
13	40	58
14	41	59
15	42	60
16	43	61
17	44	62
18	45	63
19	46	64
20	47	65
21	48	66
22	49	67
23	50	68
24	51	69
25	52	70
26	53	71
27	54	72
28	55	73
29	56	74
30	57	75
31	58	76
32	59	77
33	60	78
34	61	79
35	62	80
36	63	81
37	64	82
38	65	83
39	66	84
40	81	99
41	82	100
42	83	101
43	84	102
44	85	103
45	86	104
46	87	105
47	88	106
48	89	107
49	90	108
50	91	109
51	92	110
52	93	111
53	94	112
54	95	113
55	96	114
56	97	115
57	98	116
58	99	117
59	100	118
60	101	119
61	102	120
62	103	121
63	104	122
64	105	123
65	106	124
66	107	125
67	108	126
68	109	127
69	110	128
70	111	129
71	112	130
72	113	131
73	114	132
74	115	133
75	116	134
76	117	135
77	118	136
78	119	137
79	120	138
80	121	139
81	122	140
82	123	141
83	124	142
84	125	143
85	126	144
86	127	145
87	128	146
88	129	147
89	130	148
90	131	149
91	132	150
92	133	151
93	134	152
94	135	153
95	136	154
96	137	155
97	138	156
98	139	157
99	140	158
100	164	182
101	165	183
102	166	184
103	167	185
104	168	186
105	169	187
106	170	188
107	171	189
108	172	190
109	186	204
110	187	205
111	188	206
112	189	207
113	190	208
114	191	209
115	192	210
116	193	211
117	194	212
118	195	213
119	196	217
120	200	218
121	201	219
122	202	220
123	203	221
124	204	222
125	205	223
126	206	224
127	207	225
128	208	226
129	209	227
130	210	228
131	211	229
132	215	233
133	216	234
134	217	235
135	218	236
136	219	237
137	220	238
138	221	239
139	222	240
140	223	241
141	224	242
142	225	243
143	226	244
144	227	245
145	228	246
146	229	247
147	230	248
148	231	249
149	232	250
150	233	251
151	234	252
152	235	253
153	236	254
154	237	255
155	238	256
156	239	257
157	240	258
158	241	259
159	242	260
160	263	281
161	264	282
162	265	283
163	266	284
164	267	285
165	268	286
166	269	287
167	270	288
168	271	289
169	272	290
170	273	291
171	274	292
172	275	293
173	276	294
174	277	295
175	278	296
176	279	297
177	280	298
178	281	299
179	282	300
180	283	301
181	284	302
182	285	303
183	286	304
184	287	305
185	288	306
186	289	307
187	290	308
188	291	309
189	292	310
190	293	311
191	294	312
192	295	313
193	296	314
194	297	315
195	298	316
196	299	317
197	300	318
198	301	319
199	302	320
200	303	321
201	304	322
202	305	323
203	306	324
204	307	325
205	308	326
206	309	327
207	310	328
208	311	329
209	312	330
210	313	331
211	314	332
212	315	333
213	316	334
214	317	335
215	318	336
216	319	337
217	320	338
218	321	339
219	322	340
220	323	341
221	324	342
222	325	343
223	326	344
224	327	345
225	328	346
226	329	347
227	330	348
228	331	349
229	332	350
230	333	351
231	334	352
232	335	353
233	336	354
234	337	355
235	338	356
236	339	357
237	340	358
238	341	359
239	342	360
240	343	361
241	344	362
242	345	363
243	346	364
244	347	365
245	348	366
246	349	367
247	350	368
248	351	369
249	352	370
250	353	371
251	354	372
252	355	373
253	356	374
254	357	375
255	358	376
256	359	377
257	360	378
258	361	379
259	362	380
260	363	381
261	364	382
262	365	383
263	366	384
264	367	385
265	368	386
266	369	387
267	370	388
268	371	389
269	372	390
270	373	391
271	374	392
272	375	393
273	376	394
274	377	395
275	378	396
276	379	397
277	380	398
278	381	399
279	382	400
280	383	401
281	384	402
282	385	403
283	386	404
284	387	405
285	388	406
286	389	407
287	390	408
288	391	409
289	392	410
290	393	411
291	394	412
292	395	413
293	396	414
294	397	415
295	398	416
296	399	417
297	400	418
298	401	419
299	402	420
300	403	421
301	404	422
302	405	423
303	406	424
304	407	425
305	408	426
306	409	427
307	410	428
308	411	429
309	412	430
310	413	431
311	414	432
312	415	433
313	416	434
314	417	435
315	418	436
316	419	437
317	420	438
318	421	439
319	422	440
320	423	441
321	424	442
322	425	443
323	426	444
324	427	445
325	428	446
326	429	447
327	430	448
328	431	449
329	432	450
330	433	451
331	434	452
332	435	453
333	436	454
334	437	455
335	438	456
336	439	457
337	440	458
338	441	459
339	442	460
340	443	461
341	444	462
342	445	463
343	446	464
344	447	465
345	448	466
346	449	467
347	450	468
348	451	469
349	452	470
350	453	471
351	454	472
352	462	473
353	463	481
354	464	482
355	465	483
356	466	508
357	491	509
358	492	510
359	493	511
360	494	512
361	495	513
362	496	514
363	497	515
364	498	516
365	499	517
366	500	518
367	501	519
368	502	520
369	503	521
370	504	522
371	505	523
372	506	524
373	507	525
374	508	526
375	509	527
376	510	528
377	511	529
378	512	530
379	513	531
380	514	532
381	515	533
382	522	540
383	523	541
384	524	542
385	525	543
386	526	544
387	527	545
388	528	546
389	529	547
390	530	548
391	531	549
392	532	550
393	533	551
394	534	552
395	535	553
396	536	554
397	537	555
398	538	556
399	539	557
400	540	558
401	541	559
402	542	560
403	543	561
404	544	562
405	545	563
406	546	564
407	547	565
408	548	566
409	549	567
410	550	568
411	551	569
412	552	570
413	553	571
414	554	572
415	555	573
416	556	574
417	557	575
418	558	576
419	559	577
420	560	578
421	561	579
422	562	580
423	563	581
424	564	582
425	565	583
426	566	584
427	567	585
428	568	586
429	569	587
430	570	588
431	571	589
432	572	590
433	573	591
434	574	592
435	575	593
436	576	594
437	577	595
438	578	596
439	579	597
440	580	598
441	581	599
442	582	600
443	583	601
444	584	602
445	585	603
446	586	604
447	587	605
448	588	606
449	589	607
450	590	608
451	591	609
452	592	610
453	593	611
454	594	612
455	595	613
456	596	614
457	597	615
458	598	616
459	599	617
460	600	618
461	601	619
462	602	620
463	603	621
464	604	622
465	605	623
466	606	624
467	607	625
468	608	626
469	609	627
470	610	628
471	611	629
472	612	630
473	613	631
474	614	632
475	615	633
476	616	634
477	617	635
478	618	636
479	619	637
480	620	638
481	641	659
482	642	660
483	643	661
484	644	662
485	645	663
486	646	664
487	647	665
488	648	666
489	649	667
490	650	668
491	651	669
492	652	670
493	653	671
494	654	672
495	655	673
496	656	674
497	657	675
498	658	676
499	659	677
500	660	678
501	661	679
502	662	680
503	663	681
504	664	682
505	665	683
506	666	684
507	667	685
508	668	686
509	669	687
510	670	688
511	671	689
512	672	690
513	673	691
514	674	692
515	675	693
516	676	694
517	689	707
518	690	708
519	691	709
520	692	710
521	693	711
522	694	712
523	695	713
524	696	714
525	697	715
526	698	716
527	699	717
528	700	718
529	701	719
530	702	720
531	703	721
532	704	722
533	705	723
534	706	724
535	707	725
536	708	726
537	709	727
538	710	728
539	711	729
540	712	730
541	713	731
542	714	732
543	715	733
544	716	734
545	717	735
546	718	736
547	719	737
548	720	738
549	721	739
550	722	740
551	723	741
552	724	742
553	725	743
554	726	744
555	727	745
556	728	746
557	729	747
558	730	748
559	731	749
560	732	750
561	733	751
562	734	752
563	735	753
564	736	754
565	737	755
566	738	756
567	739	757
568	740	758
569	741	759
570	742	760
571	743	761
572	744	762
573	745	763
574	746	764
575	747	765
576	748	766
577	749	767
578	750	768
579	751	769
580	752	770
581	753	771
582	754	772
583	755	773
584	756	774
585	757	775
586	758	776
587	759	777
588	760	778
589	761	779
590	762	780
591	763	781
592	764	782
593	765	783
594	766	784
595	767	785
596	768	786
597	769	787
598	770	788
599	771	789
600	772	790
601	773	791
602	774	792
603	775	793
604	776	794
605	777	795
606	778	796
607	779	797
608	780	798
609	781	799
610	782	800
611	783	801
612	784	802
613	785	803
614	786	804
615	787	805
616	788	806
617	789	807
618	790	808
619	791	809
620	792	810
621	793	811
622	794	812
623	795	813
624	796	814
625	797	815
626	798	816
627	799	817
628	800	818
629	801	819
630	802	820
631	803	821
632	804	822
633	805	823
634	806	824
635	807	825
636	808	826
637	809	827
638	810	828
639	811	829
640	813	831
641	814	832
642	815	833
643	816	834
644	817	835
645	818	836
646	819	837
647	820	838
648	821	839
649	822	840
650	823	841
651	824	842
652	825	843
653	826	844
654	827	845
655	854	872
656	855	873
657	856	874
658	857	875
659	858	876
660	859	877
661	860	878
662	861	879
663	862	880
664	863	881
665	864	882
666	865	883
667	866	884
668	867	885
669	868	886
670	869	887
671	870	888
672	871	889
673	872	890
674	873	891
675	874	892
676	875	893
677	876	894
678	877	895
679	878	896
680	879	897
681	880	898
682	881	899
683	882	900
684	883	901
685	884	902
686	885	903
687	886	904
688	887	905
689	888	906
690	889	907
691	890	908
692	891	909
693	892	910
694	893	911
695	894	912
696	895	913
697	896	914
698	897	915
699	898	916
700	899	917
701	900	918
702	901	919
703	902	920
704	903	921
705	904	922
706	905	923
707	906	924
708	907	925
709	908	926
710	909	927
711	910	928
712	911	929
713	912	930
714	913	931
715	914	932
716	915	933
717	916	934
718	917	935
719	918	936
720	919	937
721	920	938
722	921	939
723	922	940
724	923	941
725	924	942
726	925	943
727	926	944
728	927	945
729	928	946
730	929	947
731	930	948
732	931	949
733	932	950
734	933	951
735	934	952
736	935	953
737	936	954
738	937	955
739	938	956
740	939	957
741	940	958
742	941	959
743	942	960
744	943	961
745	944	962
746	945	963
747	946	964
748	947	965
749	948	966
750	949	967
751	950	968
752	951	969
753	952	970
754	953	971
755	954	972
756	955	973
757	956	974
758	957	975
759	958	976
760	959	977
761	960	978
762	961	979
763	962	980
764	963	981
765	964	982
766	965	983
767	966	984
768	967	985
769	968	986
770	969	987
771	970	988
772	971	989
773	972	990
774	973	991
775	974	992
776	975	993
777	976	994
778	977	995
779	978	996
780	979	997
781	980	998
782	981	999
783	982	1000
784	983	1001
785	984	1002
786	985	1003
787	986	1004
788	987	1005
789	988	1006
790	989	1007
791	990	1008
792	991	1009
793	992	1010
794	993	1011
795	994	1012
796	995	1013
797	996	1014
798	997	1015
799	998	1016
800	999	1017
801	1000	1018
802	1001	1019
803	1002	1020
804	1003	1021
805	1004	1022
806	1005	1023
807	1006	1024
808	1007	1025
809	1008	1026
810	1009	1027
811	1010	1028
812	1011	1029
813	1012	1030
814	1013	1031
815	1014	1032
816	1015	1033
817	1016	1034
818	1017	1035
819	1018	1036
820	1019	1037
821	1020	1038
822	1021	1039
823	1022	1040
824	1023	1041
825	1024	1042
826	1025	1043
827	1026	1044
828	1027	1045
829	1028	1046
830	1029	1047
831	1030	1048
832	1031	1049
833	1032	1050
834	1033	1051
835	1034	1052
836	1035	1053
837	1036	1054
838	1037	1055
839	1038	1056
840	1039	1057
841	1040	1058
842	1041	1059
843	1042	1060
844	1043	1061
845	1044	1062
846	1045	1063
847	1046	1064
848	1047	1065
849	1048	1066
850	1049	1067
851	1050	1068
852	1051	1069
853	1052	1070
854	1053	1071
855	1054	1072
856	1055	1073
857	1056	1074
858	1057	1075
859	1058	1076
860	1059	1077
861	1060	1078
862	1061	1079
863	1062	1080
864	1063	1081
865	1064	1082
866	1065	1083
867	1066	1084
868	1067	1085
869	1068	1086
870	1069	1087
871	1070	1088
872	1071	1089
873	1072	1090
874	1073	1091
875	1074	1092
876	1075	1093
877	1076	1094
878	1077	1095
879	1078	1096
880	1079	1097
881	1080	1098
882	1081	1099
883	1082	1100
884	1083	1101
885	1084	1102
886	1085	1103
887	1086	1104
888	1087	1105
889	1088	1106
890	1089	1107
891	1090	1108
892	1091	1109
893	1092	1110
894	1093	1111
895	1094	1112
896	1095	1113
897	1096	1114
898	1097	1115
899	1098	1116
900	1099	1117
901	1100	1118
902	1101	1119
903	1102	1120
904	1103	1121
905	1104	1122
906	1105	1123
907	1106	1124
908	1107	1125
909	1108	1126
910	1109	1127
911	1110	1128
912	1111	1129
913	1112	1130
914	1113	1131
915	1114	1132
916	1115	1133
917	1116	1134
918	1117	1135
919	1118	1136
920	1119	1137
921	1120	1138
922	1121	1139
923	1122	1140
924	1123	1141
925	1124	1142
926	1125	1143
927	1126	1144
928	1127	1145
929	1128	1146
930	1129	1147
931	1130	1148
932	1131	1149
933	1132	1150
934	1133	1151
935	1134	1152
936	1135	1153
937	1136	1154
938	1137	1155
939	1138	1156
940	1139	1157
941	1140	1158
942	1141	1159
943	1142	1160
944	1143	1161
945	1144	1162
946	1145	1163
947	1146	1164
948	1147	1165
