Structure Index	PDB Index	Sequence Index
0	50	4
1	51	5
2	52	6
3	53	7
4	54	8
5	55	9
6	56	10
7	57	11
8	58	12
9	59	13
10	60	14
11	61	15
12	62	16
13	63	17
14	64	18
15	65	19
16	66	20
17	67	21
18	68	22
19	69	23
20	70	24
21	71	25
22	72	26
23	73	27
24	74	28
25	75	29
26	76	30
27	77	31
28	78	32
29	79	33
30	80	34
31	81	35
32	82	36
33	83	37
34	84	38
35	85	39
36	86	40
37	87	41
38	88	42
39	89	43
40	90	44
41	91	45
42	92	46
43	93	47
44	94	48
45	95	49
46	96	50
47	97	51
48	98	52
49	99	53
50	100	54
51	101	55
52	102	56
53	103	57
54	104	58
55	105	59
56	106	60
57	107	61
58	108	62
59	109	63
60	110	64
61	111	65
62	112	66
63	113	67
64	114	68
65	115	69
66	116	70
67	117	71
68	118	72
69	119	73
70	120	74
71	121	75
72	122	76
73	123	77
74	124	78
75	125	79
76	126	80
77	127	81
78	128	82
79	129	83
80	130	84
81	131	85
82	132	86
83	133	87
84	134	88
85	135	89
86	136	90
87	137	91
88	138	92
89	139	93
90	140	94
91	141	95
92	142	96
93	143	97
94	144	98
95	145	99
96	146	100
97	147	101
98	148	102
99	149	103
100	150	104
101	151	105
102	152	106
103	153	107
104	154	108
105	155	109
106	156	110
107	157	111
108	158	112
109	159	113
110	160	114
111	161	115
112	162	116
113	163	117
114	164	118
115	165	119
116	166	120
117	167	121
118	168	122
119	169	123
120	170	124
121	171	125
122	172	126
123	173	127
