Structure Index	PDB Index	Sequence Index
0	49	3
1	50	4
2	51	5
3	52	6
4	53	7
5	54	8
6	55	9
7	56	10
8	57	11
9	58	12
10	59	13
11	60	14
12	61	15
13	62	16
14	63	17
15	64	18
16	65	19
17	66	20
18	67	21
19	68	22
20	69	23
21	70	24
22	71	25
23	72	26
24	73	27
25	74	28
26	75	29
27	76	30
28	77	31
29	78	32
30	79	33
31	80	34
32	81	35
33	82	36
34	83	37
35	84	38
36	85	39
37	86	40
38	87	41
39	88	42
40	89	43
41	90	44
42	91	45
43	92	46
44	93	47
45	94	48
46	95	49
47	96	50
48	97	51
49	98	52
50	99	53
51	100	54
52	101	55
53	102	56
54	103	57
55	104	58
56	105	59
57	106	60
58	107	61
59	108	62
60	109	63
61	110	64
62	111	65
63	112	66
64	113	67
65	114	68
66	115	69
67	116	70
68	117	71
69	118	72
70	119	73
71	120	74
72	121	75
73	122	76
74	123	77
75	124	78
76	125	79
77	126	80
78	127	81
79	128	82
80	129	83
81	130	84
82	131	85
83	132	86
84	133	87
85	134	88
86	135	89
87	136	90
88	137	91
89	138	92
90	139	93
91	140	94
92	141	95
93	142	96
94	143	97
95	144	98
96	145	99
97	146	100
98	147	101
99	148	102
100	149	103
101	150	104
102	151	105
103	152	106
104	153	107
105	154	108
106	155	109
107	156	110
108	157	111
109	158	112
110	159	113
111	160	114
112	161	115
113	162	116
114	163	117
115	164	118
116	165	119
117	166	120
118	167	121
119	168	122
120	169	123
121	170	124
122	171	125
123	172	126
124	173	127
