Structure Index	PDB Index	Sequence Index
0	4	6
1	5	7
2	6	8
3	7	9
4	8	10
5	9	11
6	10	12
7	11	13
8	12	14
9	13	15
10	14	16
11	15	17
12	16	18
13	17	19
14	18	20
15	19	21
16	20	22
17	21	23
18	22	24
19	23	25
20	24	26
21	25	27
22	26	28
23	27	29
24	28	30
25	29	31
26	30	32
27	31	33
28	32	34
29	33	35
30	34	36
31	35	37
32	36	38
33	37	39
34	38	40
35	39	41
36	40	42
37	41	43
38	42	44
39	43	45
40	44	46
41	45	47
42	46	48
43	47	49
44	48	50
45	49	51
46	50	52
47	51	53
48	52	54
49	53	55
50	54	56
51	55	57
52	56	58
53	57	59
54	58	60
55	59	61
56	60	62
57	61	63
58	62	64
59	63	65
60	64	66
61	65	67
62	66	68
63	67	69
64	68	70
65	69	71
66	70	72
67	71	73
68	72	74
69	73	75
70	74	76
71	75	77
72	76	78
73	77	79
74	78	80
75	79	81
76	80	82
77	81	83
78	82	84
79	83	85
80	84	86
81	85	87
82	86	88
83	87	89
84	88	90
85	89	91
86	90	92
87	91	93
88	92	94
89	93	95
90	94	96
91	95	97
92	96	98
93	97	99
94	98	100
95	99	101
96	100	102
97	101	103
98	102	104
99	103	105
100	104	106
101	105	107
102	106	108
103	107	109
104	108	110
105	109	111
106	110	112
107	111	113
108	112	114
109	113	115
110	114	116
111	115	117
112	116	118
113	117	119
114	118	120
115	119	121
116	120	122
117	121	123
118	122	124
119	123	125
120	124	126
121	125	127
122	126	128
123	127	129
124	128	130
125	129	131
126	130	132
127	131	133
128	132	134
129	133	135
130	134	136
131	135	137
132	136	138
133	137	139
134	138	140
135	139	141
136	140	142
137	141	143
138	142	144
139	143	145
140	144	146
141	145	147
142	146	148
143	147	149
144	148	150
145	149	151
146	150	152
147	151	153
148	152	154
149	153	155
150	154	156
151	155	157
152	156	158
153	157	159
154	158	160
155	159	161
156	160	162
157	161	163
158	162	164
159	163	165
160	164	166
161	165	167
162	166	168
163	167	169
164	168	170
