Structure Index	PDB Index	Sequence Index
0	1	0
1	2	1
2	3	2
3	4	3
4	5	4
5	6	5
6	7	6
7	8	7
8	9	8
9	10	9
10	11	10
11	12	11
12	13	12
13	14	13
14	15	14
15	16	15
16	17	16
17	18	17
18	19	18
19	20	19
20	21	20
21	22	21
22	23	22
23	24	23
24	25	24
25	26	25
26	27	26
27	27	27
28	27	28
29	27	29
30	27	30
31	27	31
32	27	32
33	28	33
34	29	34
35	30	35
36	31	36
37	32	37
38	33	38
39	34	39
40	35	40
41	36	41
42	37	42
43	38	43
44	39	44
45	40	45
46	41	46
47	42	47
48	43	48
49	44	49
50	45	50
51	46	51
52	47	52
53	48	53
54	49	54
55	50	55
56	51	56
57	52	57
58	53	58
59	54	59
60	55	60
61	56	61
62	57	62
63	58	63
64	59	64
65	60	65
66	61	66
67	62	67
68	63	68
69	64	69
70	65	70
71	66	71
72	67	72
73	68	73
74	69	74
75	70	75
76	71	76
77	72	77
78	73	78
79	74	79
80	75	80
81	76	81
82	77	82
83	78	83
84	79	84
85	80	85
86	81	86
87	82	87
88	83	88
89	84	89
90	85	90
91	86	91
92	87	92
93	88	93
94	89	94
95	90	95
96	91	96
97	92	97
98	93	98
99	94	99
100	95	100
101	96	101
102	97	102
103	98	103
104	99	104
105	100	105
106	101	106
107	102	107
108	103	108
109	104	109
110	105	110
111	106	111
112	107	112
113	108	113
114	109	114
115	110	115
116	111	116
117	112	117
118	113	118
119	114	119
120	115	120
121	116	121
122	117	122
123	118	123
124	119	124
125	120	125
126	121	126
127	122	127
128	123	128
129	124	129
130	125	130
131	126	131
132	127	132
133	128	133
134	129	134
135	130	135
136	131	136
137	132	137
138	133	138
139	134	139
140	135	140
141	136	141
142	137	142
143	138	143
144	139	144
145	140	145
146	141	146
147	142	147
148	143	148
149	144	149
150	145	150
151	146	151
152	147	152
153	148	153
154	149	154
155	150	155
156	151	156
157	152	157
158	153	158
159	154	159
160	155	160
161	156	161
162	157	162
163	158	163
164	159	164
165	160	165
166	161	166
167	162	167
168	163	168
169	164	169
170	165	170
171	166	171
172	167	172
173	168	173
174	169	174
175	170	175
176	171	176
177	172	177
178	173	178
179	174	179
180	175	180
181	176	181
182	177	182
183	178	183
184	179	184
185	180	185
186	181	186
187	182	187
188	183	188
189	184	189
190	185	190
191	186	191
192	187	192
193	188	193
194	189	194
195	190	195
196	191	196
197	192	197
198	193	198
199	194	199
200	195	200
201	196	201
202	197	202
203	198	203
204	199	204
205	200	205
206	201	206
207	202	207
208	203	208
209	204	209
210	205	210
211	206	211
212	207	212
213	208	213
214	209	214
215	210	215
216	211	216
217	212	217
218	213	218
219	214	219
220	215	220
