Structure Index	PDB Index	Sequence Index
0	3	2
1	4	3
2	5	4
3	6	5
4	7	6
5	8	7
6	9	8
7	10	9
8	11	10
9	12	11
10	13	12
11	14	13
12	15	14
13	16	15
14	17	16
15	18	17
16	19	18
17	20	19
18	21	20
19	22	21
20	23	22
21	24	23
22	25	24
23	26	25
24	27	26
25	28	27
26	29	28
27	30	29
28	31	30
29	32	31
30	33	32
31	34	33
32	35	34
33	36	35
34	37	36
35	38	37
36	39	38
37	40	39
38	41	40
39	42	41
40	43	42
41	44	43
42	45	44
43	46	45
44	47	46
45	48	47
46	49	48
47	50	49
48	51	50
49	52	51
50	53	52
51	54	53
52	55	54
53	56	55
54	57	56
55	58	57
56	59	58
57	60	59
58	61	60
59	62	61
60	63	62
61	64	63
62	65	64
63	66	65
64	67	66
65	68	67
66	69	68
67	70	69
68	71	70
69	72	71
70	73	72
71	74	73
72	75	74
73	76	75
74	77	76
75	78	77
76	79	78
77	80	79
78	81	80
79	82	81
80	83	82
81	84	83
82	85	84
83	86	85
84	87	86
85	88	87
86	89	88
87	90	89
88	91	90
89	92	91
90	93	92
91	94	93
92	95	94
93	96	95
94	97	96
95	98	97
96	99	98
97	100	99
98	101	100
99	102	101
100	103	102
101	104	103
102	105	104
103	106	105
104	107	106
105	108	107
106	109	108
107	110	109
108	111	110
109	112	111
110	113	112
111	114	113
112	115	114
113	116	115
114	117	116
115	118	117
116	119	118
117	120	119
118	121	120
119	122	121
120	123	122
121	124	123
122	125	124
123	126	125
124	127	126
125	128	127
126	129	128
127	130	129
128	131	130
129	132	131
130	133	132
131	134	133
132	135	134
133	136	135
134	137	136
135	138	137
136	139	138
137	140	139
138	141	140
139	142	141
140	143	142
141	144	143
142	145	144
143	146	145
144	147	146
145	148	147
146	149	148
147	150	149
148	151	150
149	152	151
150	153	152
151	154	153
152	155	154
153	156	155
154	157	156
155	158	157
156	159	158
157	160	159
158	161	160
159	162	161
160	163	162
161	164	163
162	165	164
163	166	165
164	167	166
165	168	167
166	169	168
