Structure Index	PDB Index	Sequence Index
0	6800	4
1	6801	5
2	6802	6
3	6803	7
4	6804	8
5	6805	9
6	6806	10
7	6807	11
8	6808	12
9	6809	13
10	6810	14
11	6811	15
12	6812	16
13	6813	17
14	6814	18
15	6815	19
16	6816	20
17	6817	21
18	6818	22
19	6819	23
20	6820	24
21	6821	25
22	6822	26
23	6823	27
24	6824	28
25	6825	29
26	6826	30
27	6827	31
28	6828	32
29	6829	33
30	6830	34
31	6831	35
32	6832	36
33	6833	37
34	6834	38
35	6835	39
36	6836	40
37	6837	41
38	6838	42
39	6839	43
40	6840	44
41	6841	45
42	6842	46
43	6843	47
44	6844	48
45	6845	49
46	6846	50
47	6847	51
48	6848	52
49	6849	53
50	6850	54
51	6851	55
52	6852	56
53	6853	57
54	6854	58
55	6855	59
56	6856	60
57	6857	61
58	6858	62
59	6859	63
60	6860	64
61	6861	65
62	6862	66
63	6863	67
64	6864	68
65	6865	69
66	6866	70
67	6867	71
68	6868	72
69	6869	73
70	6870	74
71	6871	75
72	6872	76
73	6873	77
74	6874	78
75	6875	79
76	6876	80
77	6877	81
78	6878	82
79	6879	83
80	6880	84
81	6881	85
82	6882	86
83	6883	87
84	6884	88
85	6885	89
86	6886	90
87	6887	91
88	6888	92
89	6889	93
90	6890	94
91	6891	95
92	6892	96
93	6893	97
94	6894	98
95	6895	99
96	6896	100
97	6897	101
98	6898	102
99	6899	103
100	6900	104
101	6901	105
102	6902	106
103	6903	107
104	6904	108
105	6905	109
106	6906	110
107	6907	111
108	6908	112
109	6909	113
110	6910	114
111	6911	115
112	6912	116
113	6913	117
114	6914	118
115	6915	119
116	6916	120
117	6917	121
118	6918	122
119	6919	123
120	6920	124
121	6921	125
122	6922	126
123	6923	127
124	6924	128
125	6925	129
126	6926	130
127	6927	131
128	6928	132
129	6929	133
130	6930	134
131	6931	135
132	6932	136
133	6933	137
134	6934	138
135	6935	139
136	6936	140
137	6937	141
138	6938	142
139	6939	143
140	6940	144
141	6941	145
142	6942	146
143	6943	147
144	6944	148
145	6945	149
146	6946	150
147	6947	151
148	6948	152
149	6949	153
150	6950	154
151	6951	155
152	6952	156
153	6953	157
154	6954	158
155	6955	159
156	6956	160
157	6957	161
158	6958	162
159	6959	163
160	6960	164
161	6961	165
162	6962	166
163	6963	167
164	6964	168
165	6965	169
166	6966	170
167	6967	171
168	6968	172
169	6969	173
170	6970	174
171	6971	175
172	6972	176
173	6973	177
174	6974	178
175	6975	179
176	6976	180
177	6977	181
178	6978	182
179	6979	183
180	6980	184
181	6981	185
182	6982	186
183	6983	187
184	6984	188
185	6985	189
186	6986	190
187	6987	191
188	6988	192
189	6989	193
190	6990	194
191	6991	195
192	6992	196
193	6993	197
194	6994	198
195	6995	199
196	6996	200
197	6997	201
198	6998	202
199	6999	203
200	7000	204
201	7001	205
202	7002	206
203	7003	207
204	7004	208
205	7005	209
206	7006	210
207	7007	211
208	7008	212
209	7009	213
210	7010	214
211	7011	215
212	7012	216
213	7013	217
214	7014	218
215	7015	219
216	7016	220
217	7017	221
218	7018	222
219	7019	223
220	7020	224
221	7021	225
222	7022	226
223	7023	227
224	7024	228
225	7025	229
226	7026	230
227	7027	231
228	7028	232
229	7029	233
230	7030	234
231	7031	235
232	7032	236
233	7033	237
234	7034	238
235	7035	239
236	7036	240
237	7037	241
238	7038	242
239	7039	243
240	7040	244
241	7041	245
242	7042	246
243	7043	247
244	7044	248
245	7045	249
246	7046	250
247	7047	251
248	7048	252
249	7049	253
250	7050	254
251	7051	255
252	7052	256
253	7053	257
254	7054	258
255	7055	259
256	7056	260
257	7057	261
258	7058	262
259	7059	263
260	7060	264
261	7061	265
262	7062	266
263	7063	267
264	7064	268
265	7065	269
266	7066	270
267	7067	271
268	7068	272
269	7069	273
270	7070	274
271	7071	275
272	7072	276
273	7073	277
274	7074	278
275	7075	279
276	7076	280
277	7077	281
278	7078	282
279	7079	283
280	7080	284
281	7081	285
282	7082	286
283	7083	287
284	7084	288
285	7085	289
286	7086	290
287	7087	291
288	7088	292
289	7089	293
290	7090	294
291	7091	295
292	7092	296
293	7093	297
294	7094	298
295	7095	299
296	7096	300
