Structure Index	PDB Index	Sequence Index
0	6799	3
1	6800	4
2	6801	5
3	6802	6
4	6803	7
5	6804	8
6	6805	9
7	6806	10
8	6807	11
9	6808	12
10	6809	13
11	6810	14
12	6811	15
13	6812	16
14	6813	17
15	6814	18
16	6815	19
17	6816	20
18	6817	21
19	6818	22
20	6819	23
21	6820	24
22	6821	25
23	6822	26
24	6823	27
25	6824	28
26	6825	29
27	6826	30
28	6827	31
29	6828	32
30	6829	33
31	6830	34
32	6831	35
33	6832	36
34	6833	37
35	6834	38
36	6835	39
37	6836	40
38	6837	41
39	6838	42
40	6839	43
41	6840	44
42	6841	45
43	6842	46
44	6843	47
45	6844	48
46	6845	49
47	6846	50
48	6847	51
49	6848	52
50	6849	53
51	6850	54
52	6851	55
53	6852	56
54	6853	57
55	6854	58
56	6855	59
57	6856	60
58	6857	61
59	6858	62
60	6859	63
61	6860	64
62	6861	65
63	6862	66
64	6863	67
65	6864	68
66	6865	69
67	6866	70
68	6867	71
69	6868	72
70	6869	73
71	6870	74
72	6871	75
73	6872	76
74	6873	77
75	6874	78
76	6875	79
77	6876	80
78	6877	81
79	6878	82
80	6879	83
81	6880	84
82	6881	85
83	6882	86
84	6883	87
85	6884	88
86	6885	89
87	6886	90
88	6887	91
89	6888	92
90	6889	93
91	6890	94
92	6891	95
93	6892	96
94	6893	97
95	6894	98
96	6895	99
97	6896	100
98	6897	101
99	6898	102
100	6899	103
101	6900	104
102	6901	105
103	6902	106
104	6903	107
105	6904	108
106	6905	109
107	6906	110
108	6907	111
109	6908	112
110	6909	113
111	6910	114
112	6911	115
113	6912	116
114	6913	117
115	6914	118
116	6915	119
117	6916	120
118	6917	121
119	6918	122
120	6919	123
121	6920	124
122	6921	125
123	6922	126
124	6923	127
125	6924	128
126	6925	129
127	6926	130
128	6927	131
129	6928	132
130	6929	133
131	6930	134
132	6931	135
133	6932	136
134	6933	137
135	6939	138
136	6940	144
137	6941	145
138	6942	146
139	6943	147
140	6944	148
141	6945	149
142	6946	150
143	6947	151
144	6948	152
145	6949	153
146	6950	154
147	6951	155
148	6952	156
149	6953	157
150	6954	158
151	6955	159
152	6956	160
153	6957	161
154	6958	162
155	6959	163
156	6960	164
157	6961	165
158	6962	166
159	6963	167
160	6964	168
161	6965	169
162	6966	170
163	6967	171
164	6968	172
165	6969	173
166	6970	174
167	6971	175
168	6972	176
169	6973	177
170	6974	178
171	6975	179
172	6976	180
173	6977	181
174	6978	182
175	6979	183
176	6980	184
177	6981	185
178	6982	186
179	6983	187
180	6984	188
181	6985	189
182	6986	190
183	6987	191
184	6988	192
185	6989	193
186	6990	194
187	6991	195
188	6992	196
189	6993	197
190	6994	198
191	6995	199
192	6996	200
193	6997	201
194	6998	202
195	6999	203
196	7000	204
197	7001	205
198	7002	206
199	7003	207
200	7004	208
201	7005	209
202	7006	210
203	7007	211
204	7008	212
205	7009	213
206	7010	214
207	7011	215
208	7012	216
209	7013	217
210	7014	218
211	7015	219
212	7016	220
213	7017	221
214	7018	222
215	7019	223
216	7020	224
217	7021	225
218	7022	226
219	7023	227
220	7024	228
221	7025	229
222	7026	230
223	7027	231
224	7028	232
225	7029	233
226	7030	234
227	7031	235
228	7032	236
229	7033	237
230	7034	238
231	7035	239
232	7036	240
233	7037	241
234	7038	242
235	7039	243
236	7040	244
237	7041	245
238	7042	246
239	7043	247
240	7044	248
241	7045	249
242	7046	250
243	7047	251
244	7048	252
245	7049	253
246	7050	254
247	7051	255
248	7052	256
249	7053	257
250	7054	258
251	7055	259
252	7056	260
253	7057	261
254	7058	262
255	7059	263
256	7060	264
257	7061	265
258	7062	266
259	7063	267
260	7064	268
261	7065	269
262	7066	270
263	7067	271
264	7068	272
265	7069	273
266	7070	274
267	7071	275
268	7072	276
269	7073	277
270	7074	278
271	7075	279
272	7076	280
273	7077	281
274	7078	282
275	7079	283
276	7080	284
277	7081	285
278	7082	286
279	7083	287
280	7084	288
281	7085	289
282	7086	290
283	7087	291
284	7088	292
285	7089	293
286	7090	294
287	7091	295
288	7092	296
289	7093	297
290	7094	298
291	7095	299
292	7105	300
