Structure Index	PDB Index	Sequence Index
0	3	2
1	4	3
2	5	4
3	6	5
4	7	6
5	8	7
6	9	8
7	10	9
8	11	10
9	12	11
10	13	12
11	14	13
12	15	14
13	16	15
14	17	16
15	18	17
16	19	18
17	20	19
18	21	20
19	22	21
20	23	22
21	24	23
22	25	24
23	26	25
24	27	26
25	28	27
26	29	28
27	30	29
28	31	30
29	32	31
30	33	32
31	34	33
32	35	34
33	36	35
34	37	36
35	38	37
36	39	38
37	40	39
38	41	40
39	42	41
40	43	42
41	44	43
42	45	44
43	46	45
44	47	46
45	48	47
46	49	48
47	50	49
48	51	50
49	52	51
50	53	52
51	54	53
52	55	54
53	56	55
54	57	56
55	58	57
56	59	58
57	60	59
58	61	60
59	62	61
60	63	62
61	64	63
62	65	64
63	66	65
64	67	66
65	68	67
66	69	68
67	70	69
68	71	70
69	72	71
70	73	72
71	74	73
72	75	74
73	76	75
74	77	76
75	78	77
76	79	78
77	80	79
78	81	80
79	82	81
80	83	82
81	84	83
82	85	84
83	86	85
84	87	86
85	88	87
86	89	88
87	90	89
88	91	90
89	92	91
90	93	92
91	94	93
92	95	94
93	96	95
94	97	96
95	98	97
96	99	98
97	100	99
98	101	100
99	102	101
100	103	102
101	104	103
102	105	104
103	106	105
104	107	106
105	108	107
106	109	108
107	110	109
108	111	110
109	112	111
110	113	112
111	114	113
112	115	114
113	116	115
114	117	116
115	118	117
116	119	118
117	120	119
118	121	120
119	122	121
120	123	122
121	124	123
122	125	124
123	126	125
124	127	126
125	128	127
126	129	128
127	130	129
128	131	130
129	132	131
130	133	132
131	134	133
132	135	134
133	136	135
134	137	136
135	138	137
136	139	138
137	140	139
138	141	140
139	142	141
140	143	142
141	144	143
142	145	144
143	146	145
144	147	146
145	148	147
146	149	148
147	150	149
148	151	150
149	152	151
150	153	152
151	154	153
152	155	154
153	156	155
154	157	156
155	158	157
156	159	158
157	160	159
158	161	160
159	162	161
160	163	162
161	164	163
162	165	164
163	166	165
164	167	166
165	168	167
166	169	168
167	170	169
168	171	170
169	172	171
170	173	172
171	174	173
172	175	174
173	176	175
174	177	176
175	178	177
176	179	178
177	180	179
178	181	180
179	182	181
180	183	182
181	184	183
182	185	184
183	186	185
184	187	186
185	188	187
186	189	188
187	190	189
188	191	190
189	192	191
190	193	192
191	194	193
192	195	194
193	196	195
194	197	196
195	198	197
196	199	198
197	200	199
198	201	200
199	202	201
200	203	202
201	204	203
202	205	204
203	206	205
204	207	206
205	208	207
206	209	208
207	210	209
208	211	210
209	212	211
210	213	212
211	214	213
212	215	214
213	216	215
214	217	216
215	218	217
216	219	218
217	220	219
218	221	220
219	222	221
220	223	222
221	224	223
222	225	224
223	226	225
224	227	226
225	228	227
226	229	228
227	230	229
228	231	230
229	232	231
230	233	232
231	234	233
232	235	234
233	236	235
234	237	236
235	238	237
236	239	238
237	240	239
238	241	240
239	242	241
240	243	242
241	244	243
242	245	244
243	246	245
244	247	246
245	248	247
246	249	248
247	250	249
248	251	250
249	252	251
250	253	252
251	254	253
252	255	254
253	256	255
254	257	256
255	258	257
256	259	258
257	260	259
258	261	260
259	262	261
260	263	262
261	264	263
262	265	264
263	266	265
264	267	266
265	268	267
266	269	268
267	270	269
268	271	270
269	272	271
270	273	272
271	274	273
272	275	274
273	276	275
274	277	276
275	278	277
276	279	278
277	280	279
278	281	280
279	282	281
280	283	282
281	284	283
282	285	284
283	286	285
284	287	286
285	288	287
286	289	288
287	290	289
288	291	290
289	292	291
290	293	292
291	294	293
292	295	294
293	296	295
294	297	296
295	298	297
296	299	298
297	300	299
298	301	300
299	302	301
300	303	302
301	304	303
302	305	304
303	306	305
304	307	306
305	308	307
306	309	308
307	310	309
308	311	310
309	312	311
310	313	312
311	314	313
312	315	314
