Structure Index	PDB Index	Sequence Index
0	4	3
1	5	4
2	6	5
3	7	6
4	8	7
5	9	8
6	10	9
7	11	10
8	12	11
9	13	12
10	14	13
11	15	14
12	16	15
13	17	16
14	18	17
15	19	18
16	20	19
17	21	20
18	22	21
19	23	22
20	24	23
21	25	24
22	26	25
23	27	26
24	28	27
25	29	28
26	30	29
27	31	30
28	32	31
29	33	32
30	34	33
31	35	34
32	36	35
33	37	36
34	38	37
35	39	38
36	40	39
37	41	40
38	42	41
39	43	42
40	44	43
41	45	44
42	46	45
43	47	46
44	48	47
45	49	48
46	50	49
47	51	50
48	52	51
49	53	52
50	54	53
51	55	54
52	56	55
53	57	56
54	58	57
55	59	58
56	60	59
57	61	60
58	62	61
59	63	62
60	64	63
61	65	64
62	66	65
63	67	66
64	68	67
65	69	68
66	70	69
67	71	70
68	72	71
69	73	72
70	74	73
71	75	74
72	76	75
73	77	76
74	78	77
75	79	78
76	80	79
77	81	80
78	82	81
79	83	82
80	84	83
81	85	84
82	86	85
83	87	86
84	88	87
85	89	88
86	90	89
87	91	90
88	92	91
89	93	92
90	94	93
91	95	94
92	96	95
93	97	96
94	98	97
95	99	98
96	100	99
97	101	100
98	102	101
99	103	102
100	104	103
101	105	104
102	106	105
103	107	106
104	108	107
105	109	108
106	110	109
107	111	110
108	112	111
109	113	112
110	114	113
111	115	114
112	116	115
113	117	116
114	118	117
115	119	118
116	120	119
117	121	120
118	122	121
119	123	122
120	124	123
121	125	124
122	126	125
123	127	126
124	128	127
125	129	128
126	130	129
127	131	130
128	132	131
129	133	132
130	134	133
131	135	134
132	136	135
133	137	136
134	138	137
135	139	138
136	140	139
137	141	140
138	142	141
139	143	142
140	144	143
141	145	144
142	146	145
143	147	146
144	148	147
145	149	148
146	150	149
147	151	150
148	152	151
149	153	152
150	154	153
151	155	154
152	156	155
153	157	156
154	158	157
155	159	158
156	160	159
157	161	160
158	162	161
159	163	162
160	164	163
161	165	164
162	166	165
163	167	166
164	168	167
165	169	168
166	170	169
167	171	170
168	172	171
169	173	172
170	174	173
171	175	174
172	176	175
173	177	176
174	178	177
175	179	178
176	180	179
177	181	180
178	182	181
179	183	182
180	184	183
181	185	184
182	186	185
183	187	186
184	188	187
185	189	188
186	190	189
187	191	190
188	192	191
189	193	192
190	194	193
191	195	194
192	196	195
193	197	196
194	198	197
195	199	198
196	200	199
197	201	200
198	202	201
199	203	202
200	204	203
201	205	204
202	206	205
203	207	206
204	208	207
205	209	208
206	210	209
207	211	210
208	212	211
209	213	212
210	214	213
211	215	214
212	216	215
213	217	216
214	218	217
215	219	218
216	220	219
217	221	220
218	222	221
219	223	222
220	229	228
221	230	229
222	231	230
223	232	231
224	233	232
225	234	233
226	235	234
227	236	235
228	237	236
229	238	237
230	239	238
231	240	239
232	241	240
233	242	241
234	243	242
235	244	243
236	245	244
237	246	245
238	247	246
239	248	247
240	249	248
241	250	249
242	251	250
243	252	251
244	253	252
245	254	253
246	255	254
247	256	255
248	257	256
249	258	257
250	259	258
251	260	259
252	261	260
253	262	261
254	263	262
255	264	263
256	265	264
257	266	265
258	267	266
259	268	267
260	269	268
261	270	269
262	271	270
263	272	271
264	273	272
265	274	273
266	275	274
267	276	275
268	277	276
269	278	277
270	279	278
271	280	279
272	281	280
273	282	281
274	283	282
275	284	283
276	285	284
277	286	285
278	287	286
279	288	287
280	289	288
281	290	289
282	291	290
283	292	291
284	293	292
285	294	293
286	295	294
287	296	295
288	297	296
289	298	297
290	299	298
291	300	299
292	301	300
293	302	301
294	303	302
295	304	303
296	305	304
297	306	305
298	307	306
299	308	307
300	309	308
301	310	309
302	311	310
303	312	311
304	313	312
305	314	313
