Structure Index	PDB Index	Sequence Index
0	4	3
1	5	4
2	6	5
3	7	6
4	8	7
5	9	8
6	10	9
7	11	10
8	12	11
9	13	12
10	14	13
11	15	14
12	16	15
13	17	16
14	18	17
15	19	18
16	20	19
17	21	20
18	22	21
19	23	22
20	24	23
21	25	24
22	26	25
23	27	26
24	28	27
25	29	28
26	30	29
27	31	30
28	32	31
29	33	32
30	34	33
31	35	34
32	36	35
33	37	36
34	38	37
35	39	38
36	40	39
37	41	40
38	42	41
39	43	42
40	44	43
41	45	44
42	46	45
43	47	46
44	48	47
45	49	48
46	50	49
47	51	50
48	52	51
49	53	52
50	54	53
51	55	54
52	56	55
53	57	56
54	58	57
55	59	58
56	60	59
57	61	60
58	62	61
59	63	62
60	64	63
61	65	64
62	66	65
63	67	66
64	68	67
65	69	68
66	70	69
67	71	70
68	72	71
69	73	72
70	74	73
71	75	74
72	76	75
73	77	76
74	78	77
75	79	78
76	80	79
77	81	80
78	82	81
79	83	82
80	84	83
81	85	84
82	86	85
83	87	86
84	88	87
85	89	88
86	90	89
87	91	90
88	92	91
89	93	92
90	94	93
91	95	94
92	96	95
93	97	96
94	98	97
95	99	98
96	100	99
97	101	100
98	102	101
99	103	102
100	104	103
101	105	104
102	106	105
103	107	106
104	108	107
105	109	108
106	110	109
107	111	110
108	112	111
109	113	112
110	114	113
111	115	114
112	116	115
113	117	116
114	118	117
115	119	118
116	120	119
117	121	120
118	122	121
119	123	122
120	124	123
121	125	124
122	126	125
123	127	126
124	128	127
125	129	128
126	130	129
127	131	130
128	132	131
129	133	132
130	134	133
131	135	134
132	136	135
133	137	136
134	138	137
135	139	138
136	140	139
137	141	140
138	142	141
139	143	142
140	144	143
141	145	144
142	146	145
143	147	146
144	148	147
145	149	148
146	150	149
147	151	150
148	152	151
149	153	152
150	154	153
151	155	154
152	156	155
153	157	156
154	158	157
155	159	158
156	160	159
157	161	160
158	162	161
159	163	162
160	164	163
161	165	164
162	166	165
163	167	166
164	168	167
165	169	168
166	170	169
167	171	170
168	172	171
169	173	172
170	174	173
171	175	174
172	176	175
173	177	176
174	178	177
175	179	178
176	180	179
177	181	180
178	182	181
179	183	182
180	184	183
181	185	184
182	186	185
183	187	186
184	188	187
185	189	188
186	190	189
187	191	190
188	192	191
189	193	192
190	194	193
191	195	194
192	196	195
193	197	196
194	198	197
195	199	198
196	200	199
197	201	200
198	202	201
199	203	202
200	204	203
201	205	204
202	206	205
203	207	206
204	208	207
205	209	208
206	210	209
207	211	210
208	212	211
209	213	212
210	214	213
211	215	214
212	216	215
213	217	216
214	218	217
215	219	218
216	220	219
217	221	220
218	222	221
219	223	222
220	224	223
221	225	224
222	226	225
223	227	226
224	228	227
225	229	228
226	230	229
227	231	230
228	232	231
229	233	232
230	234	233
231	235	234
232	236	235
233	237	236
234	238	237
235	239	238
236	240	239
237	241	240
238	242	241
239	243	242
240	244	243
241	245	244
242	246	245
243	247	246
244	248	247
245	249	248
246	250	249
247	251	250
248	252	251
249	253	252
250	254	253
251	255	254
252	256	255
253	257	256
254	258	257
255	259	258
256	260	259
257	261	260
258	262	261
259	263	262
260	264	263
261	265	264
262	266	265
263	267	266
264	268	267
265	269	268
266	270	269
267	271	270
268	272	271
269	273	272
270	274	273
271	275	274
272	276	275
273	277	276
274	278	277
275	279	278
276	280	279
277	281	280
278	282	281
279	283	282
280	284	283
281	285	284
282	286	285
283	287	286
284	288	287
285	289	288
286	290	289
287	291	290
288	292	291
289	293	292
290	294	293
291	295	294
292	296	295
293	297	296
294	298	297
295	299	298
296	300	299
297	301	300
298	302	301
299	303	302
300	304	303
301	305	304
302	306	305
303	307	306
304	308	307
305	309	308
306	310	309
307	311	310
308	312	311
309	313	312
310	314	313
311	315	314
