1	604
2	605
3	606
4	607
5	608
6	609
7	610
8	611
9	612
10	613
11	614
12	615
13	616
14	617
15	618
16	619
17	620
18	621
19	622
20	623
21	624
22	625
23	626
24	627
25	628
26	629
27	630
28	631
29	632
30	633
31	634
32	635
33	636
34	637
35	638
36	639
37	640
38	641
39	642
40	643
41	644
42	645
43	646
44	647
45	648
46	649
47	650
48	651
49	652
50	653
51	654
52	655
53	656
54	657
55	658
56	659
57	660
58	661
59	662
60	663
61	664
62	665
63	666
64	667
65	668
66	669
67	670
68	671
69	672
70	673
71	674
72	675
73	676
74	677
75	678
76	679
77	680
78	681
79	682
80	683
81	684
82	685
83	686
84	687
85	688
86	689
87	690
88	691
89	692
90	693
91	694
92	695
93	696
94	697
95	698
96	699
97	700
98	701
99	702
100	703
101	704
102	705
103	706
104	707
105	708
106	709
107	710
108	711
109	712
110	713
111	714
112	715
113	716
114	717
115	718
116	719
117	720
118	721
119	722
120	723
121	724
122	725
123	726
124	727
125	728
126	729
127	730
128	731
129	732
130	733
131	734
132	735
133	736
134	737
135	738
136	739
137	740
138	741
139	742
140	743
141	744
142	745
143	746
144	747
145	748
146	749
147	750
148	751
149	752
150	753
151	754
152	755
