1	626
2	627
3	628
4	629
5	630
6	631
7	632
8	633
9	634
10	635
11	636
12	637
13	638
14	639
15	640
16	641
17	642
18	643
19	644
20	645
21	646
22	647
23	648
24	649
25	650
26	651
27	652
28	653
29	654
30	655
31	656
32	657
33	658
34	659
35	660
36	661
37	662
38	663
39	664
40	665
41	666
42	667
43	668
44	669
45	670
46	671
47	672
48	673
49	674
50	675
51	676
52	677
53	678
54	679
55	680
56	681
57	682
58	683
59	684
60	685
61	686
62	687
63	688
64	689
65	690
66	691
67	692
68	693
69	694
70	695
71	696
72	697
73	698
74	699
75	700
76	701
77	702
78	703
79	704
80	705
81	706
82	707
83	708
84	709
85	710
86	711
87	712
88	713
89	714
90	715
91	716
92	717
93	718
94	719
95	720
96	721
97	722
98	723
99	724
100	725
101	726
102	727
103	728
104	729
105	730
106	731
107	732
108	733
109	734
110	735
111	736
112	737
113	738
114	739
115	740
116	741
117	742
118	743
119	744
120	745
121	746
122	747
123	748
124	749
125	750
126	751
127	752
128	753
129	754
130	755
131	756
132	757
133	758
134	759
135	760
136	761
137	762
138	763
139	764
140	765
141	766
142	767
143	768
144	769
145	770
146	771
147	772
148	773
149	774
150	775
151	776
152	777
153	778
154	779
155	780
156	781
157	782
158	783
159	784
160	785
161	786
