1	910
2	911
3	912
4	913
5	914
6	915
7	916
8	917
9	918
10	919
11	920
12	921
13	922
14	923
15	924
16	925
17	926
18	927
19	928
20	929
21	930
22	931
23	932
24	933
25	934
26	935
27	936
28	937
29	938
30	939
31	940
32	941
33	942
34	943
35	944
36	945
37	946
38	947
39	948
40	949
41	950
42	951
43	952
44	953
45	954
46	955
47	956
48	957
49	958
50	959
51	960
52	961
53	962
54	963
55	964
56	965
57	966
58	967
59	968
60	969
61	970
62	971
63	972
64	973
65	974
66	975
67	976
68	977
69	978
70	979
71	980
72	981
73	982
74	983
75	984
76	985
77	986
78	987
79	988
80	989
81	990
82	1044
83	1045
84	1046
85	1161
86	1162
87	1163
88	1164
89	1165
90	1166
91	1167
92	1168
93	1169
94	1170
95	1171
96	1172
97	1173
98	1174
99	1175
100	1176
101	1177
102	1178
103	1179
104	1180
105	1181
106	1182
107	1183
108	1184
109	1185
110	1186
111	1187
112	1188
113	1189
114	1190
115	1191
116	1192
117	1193
118	1194
119	1195
120	1196
121	1197
122	1198
123	1199
124	1200
125	1201
126	1202
127	1203
128	1204
129	1205
130	1206
131	1207
132	1208
