1	166
2	167
3	168
4	169
5	170
6	171
7	172
8	173
9	174
10	175
11	176
12	177
13	178
14	179
15	180
16	181
17	182
18	183
19	184
20	185
21	186
22	187
23	188
24	189
25	190
26	191
27	192
28	193
29	194
30	195
31	196
32	197
33	198
34	199
35	200
36	201
37	202
38	203
39	204
40	205
41	206
42	207
43	208
44	209
45	210
46	211
47	212
48	213
49	214
50	215
51	216
52	217
53	218
54	219
55	220
56	221
57	222
58	223
59	224
60	225
61	226
62	227
63	228
64	229
65	230
66	231
67	232
68	233
69	234
70	235
71	236
72	237
73	238
74	239
75	240
76	241
77	242
78	243
79	244
80	245
81	246
82	247
83	248
84	249
85	250
86	251
87	252
88	253
89	254
90	255
91	256
92	257
93	258
94	259
95	260
96	261
97	262
98	263
99	264
100	265
101	266
102	267
103	268
104	269
105	270
106	271
107	272
108	273
109	274
110	275
