1	69
2	70
3	71
4	72
5	73
6	74
7	75
8	76
9	77
10	78
11	79
12	80
13	81
14	82
15	83
16	84
17	85
18	86
19	87
20	88
21	89
22	90
23	91
24	92
25	93
26	94
27	95
28	96
29	97
30	98
31	99
32	100
33	101
34	102
35	103
36	104
37	105
38	106
39	107
40	108
41	109
42	110
43	111
44	112
45	113
46	114
47	115
48	116
49	117
50	118
51	119
52	120
53	121
54	122
55	123
56	124
57	125
58	126
59	127
60	128
61	129
62	130
63	131
64	132
65	133
66	134
67	135
68	136
69	137
70	138
71	139
72	140
73	141
74	142
75	143
76	144
77	145
78	146
79	147
80	148
81	149
82	150
83	151
84	152
85	153
86	154
87	155
88	156
89	157
90	158
91	159
92	160
93	161
94	162
95	163
96	164
97	165
98	166
99	167
100	168
101	169
102	170
103	171
104	172
105	173
106	174
107	175
108	176
109	177
110	178
111	179
112	180
113	181
114	182
115	183
116	184
117	185
118	186
119	187
120	188
121	189
122	190
123	191
124	192
125	193
126	194
127	195
128	196
129	197
130	198
131	199
132	200
133	201
134	202
135	203
136	204
137	205
138	206
139	207
140	208
141	209
142	210
143	211
144	212
145	213
146	214
147	215
148	216
149	217
150	218
151	219
152	220
153	221
154	222
155	223
156	224
157	225
158	226
159	227
160	228
161	229
162	230
163	231
164	232
165	233
166	234
167	235
168	236
169	237
170	238
171	239
172	240
173	241
174	242
175	243
176	244
177	245
178	246
179	247
180	248
181	249
182	250
183	251
184	252
185	253
186	254
187	255
188	256
189	257
190	258
191	259
192	260
193	261
194	262
195	263
196	264
197	265
198	266
199	267
200	268
201	269
202	270
203	271
204	272
205	273
206	274
207	275
208	276
209	277
210	278
211	279
212	280
213	281
214	282
215	283
216	284
217	285
218	286
219	287
220	288
221	289
222	290
223	291
224	292
225	293
226	294
227	295
228	296
229	297
230	298
231	299
232	300
233	301
234	302
235	303
236	304
237	305
238	306
239	307
240	308
241	309
242	310
243	311
244	312
245	313
246	314
247	315
248	316
249	317
250	318
251	319
252	320
253	321
254	322
255	323
256	324
257	325
258	326
259	327
260	328
261	329
262	330
263	331
264	332
265	333
266	334
267	335
268	336
269	337
270	338
271	339
272	340
273	341
274	342
275	343
276	344
277	345
278	346
279	347
280	348
281	349
282	350
283	351
284	352
285	353
286	354
287	355
288	356
289	357
290	358
291	359
292	360
293	361
294	362
295	363
296	364
297	365
298	366
299	367
300	368
301	369
302	370
303	371
304	372
305	373
306	374
307	375
308	376
309	377
310	378
311	379
312	380
313	381
314	382
315	383
316	384
317	385
318	386
319	387
320	388
321	389
322	390
323	391
324	392
325	393
326	394
327	395
328	396
329	397
330	398
331	399
332	400
333	401
334	402
335	403
336	404
337	405
338	406
339	407
340	408
341	409
342	410
343	411
344	412
345	413
346	414
347	415
348	416
349	417
350	418
351	419
352	420
353	421
354	422
355	423
356	424
357	425
358	426
359	427
360	428
361	429
362	430
363	431
364	432
365	433
366	434
367	435
368	436
369	437
370	438
371	439
372	440
373	441
374	442
375	443
376	444
377	445
378	446
379	447
380	448
381	449
382	450
383	451
384	452
385	453
386	454
387	455
388	456
389	457
390	458
391	459
392	460
393	461
394	462
395	463
396	464
397	465
398	466
399	467
400	468
401	469
402	470
403	471
404	472
405	473
406	474
407	475
408	476
409	477
410	478
411	479
412	480
413	481
414	482
415	483
416	484
417	485
418	486
419	487
420	488
421	489
422	490
423	491
424	492
425	493
426	494
427	495
428	496
429	497
430	498
431	499
432	500
433	501
434	502
435	503
436	504
437	505
438	506
439	507
440	508
441	509
442	510
443	511
444	512
445	513
446	514
447	515
448	516
449	517
450	518
451	519
452	520
453	521
454	522
455	523
456	524
457	525
458	526
459	527
460	528
461	529
462	530
463	531
464	532
465	533
466	534
467	535
468	536
469	537
470	538
471	539
472	540
473	541
474	542
475	543
476	544
477	545
478	546
479	547
480	548
481	549
482	550
483	551
484	552
485	553
486	554
487	555
488	556
489	557
490	558
491	559
492	560
493	561
494	562
495	563
496	564
497	565
498	566
499	567
500	568
501	569
502	570
503	571
504	572
505	573
506	574
507	575
508	576
509	577
510	578
511	579
512	580
513	581
514	582
515	583
516	584
517	585
518	586
519	587
520	588
521	589
522	590
523	591
524	592
525	593
526	594
527	595
528	596
529	597
530	598
531	599
532	600
533	601
534	602
535	603
536	604
537	605
538	606
539	607
540	608
541	609
542	610
543	611
544	612
545	613
546	614
547	615
548	616
549	617
550	618
551	619
552	620
553	621
554	622
555	623
556	624
557	625
558	626
559	627
560	628
561	629
562	630
563	631
564	632
565	633
566	634
567	635
568	636
569	637
570	638
571	639
572	640
573	641
574	642
575	643
576	644
577	645
578	646
579	647
580	648
581	649
582	650
583	651
584	652
585	653
586	654
587	655
588	656
589	657
590	658
591	659
592	660
593	661
594	662
595	663
596	664
597	665
598	666
599	667
600	668
601	669
602	670
603	671
604	672
605	673
606	674
607	675
608	676
609	677
610	678
611	679
612	680
613	681
614	682
615	683
616	684
617	685
618	686
619	687
620	688
621	689
622	690
623	691
624	692
625	693
626	694
627	695
628	696
629	697
630	698
631	699
632	700
633	701
634	702
635	703
636	704
637	705
638	706
639	707
640	708
641	709
642	710
643	711
644	712
645	713
646	714
647	715
648	716
649	717
650	718
651	719
652	720
653	721
654	722
655	723
656	724
657	725
658	726
659	727
660	728
661	729
662	730
663	731
664	732
665	733
666	734
667	735
668	736
669	737
670	738
671	739
672	740
673	741
674	742
675	743
676	744
677	745
678	746
679	747
680	748
681	749
682	750
683	751
684	752
685	753
686	754
687	755
688	756
689	757
690	758
691	759
692	760
693	761
694	762
695	763
696	764
697	765
698	766
699	767
700	768
701	769
702	770
703	771
704	772
705	773
706	774
707	775
708	776
709	777
710	778
711	779
712	780
713	781
714	782
715	783
716	784
717	785
718	786
719	787
720	788
721	789
722	790
723	791
724	792
725	793
726	794
727	795
728	796
729	797
730	798
731	799
732	800
733	801
734	802
735	803
736	804
737	805
738	806
739	807
740	808
741	809
742	810
743	811
744	812
745	813
746	814
747	815
748	816
749	817
750	818
751	819
752	820
753	821
754	822
755	823
756	824
757	825
758	826
759	827
760	828
761	829
762	830
763	831
764	832
765	833
766	834
767	835
768	836
769	837
770	838
771	839
772	840
773	841
774	842
775	843
776	844
777	845
778	846
779	847
780	848
781	849
782	850
783	851
784	852
785	853
786	854
787	855
788	856
789	857
790	858
791	859
792	860
793	861
794	862
795	863
796	864
797	865
798	866
799	867
800	868
801	869
802	870
803	871
804	872
805	873
806	874
807	875
808	876
809	877
810	878
811	879
812	880
813	881
814	882
815	883
816	884
817	885
818	886
819	887
820	888
821	889
822	890
823	891
824	892
825	893
826	894
827	895
828	896
829	897
830	898
831	899
832	900
833	901
834	902
835	903
836	904
837	905
838	906
839	907
840	908
841	909
842	910
843	911
844	912
845	913
846	914
847	915
848	916
849	917
850	918
851	919
852	920
853	921
854	922
855	923
856	924
857	925
858	926
859	927
860	928
861	929
862	930
863	931
864	932
865	933
866	934
867	935
868	936
869	937
870	938
871	939
872	940
873	941
874	942
875	943
876	944
877	945
878	946
879	947
880	948
881	949
882	950
883	951
884	952
885	953
886	954
887	955
888	956
889	957
890	958
891	959
892	960
893	961
894	962
895	963
896	964
897	965
898	966
899	967
900	968
901	969
902	970
903	971
904	972
905	973
906	974
907	975
908	976
909	977
910	978
911	979
912	980
913	981
914	982
915	983
916	984
917	985
918	986
919	987
920	988
921	989
922	990
923	991
924	992
925	993
926	994
927	995
928	996
929	997
930	998
931	999
932	1000
933	1001
934	1002
935	1003
936	1004
937	1005
938	1006
939	1007
940	1008
941	1009
942	1010
943	1011
944	1012
945	1013
946	1014
947	1015
948	1016
949	1017
950	1018
951	1019
952	1020
953	1021
954	1022
955	1023
956	1024
957	1025
958	1026
959	1027
960	1028
961	1029
962	1030
963	1031
964	1032
965	1033
966	1034
967	1035
968	1036
969	1037
970	1038
971	1039
972	1040
973	1041
974	1042
975	1043
976	1044
977	1045
978	1046
979	1047
980	1048
981	1049
982	1050
983	1051
984	1052
985	1053
986	1054
987	1055
988	1056
989	1057
990	1058
991	1059
992	1060
993	1061
994	1062
995	1063
996	1064
997	1065
998	1066
999	1067
1000	1068
1001	1069
1002	1070
1003	1071
1004	1072
1005	1073
1006	1074
1007	1075
1008	1076
1009	1077
1010	1078
1011	1079
1012	1080
1013	1081
1014	1082
1015	1083
1016	1084
1017	1085
1018	1086
1019	1087
1020	1088
1021	1089
1022	1090
1023	1091
1024	1092
1025	1093
1026	1094
1027	1095
1028	1096
1029	1097
1030	1098
1031	1099
1032	1100
1033	1101
1034	1102
1035	1103
1036	1104
1037	1105
1038	1106
1039	1107
1040	1108
1041	1109
1042	1110
1043	1111
1044	1112
1045	1113
1046	1114
1047	1115
1048	1116
1049	1117
1050	1118
1051	1119
1052	1120
1053	1121
1054	1122
1055	1123
1056	1124
1057	1125
1058	1126
1059	1127
1060	1128
1061	1129
1062	1130
1063	1131
1064	1132
1065	1133
1066	1134
1067	1135
1068	1136
1069	1137
1070	1138
1071	1139
1072	1140
1073	1141
1074	1142
1075	1143
1076	1144
1077	1145
1078	1146
1079	1147
1080	1148
1081	1149
1082	1150
1083	1151
1084	1152
1085	1153
1086	1154
1087	1155
1088	1156
1089	1157
1090	1158
1091	1159
1092	1160
1093	1161
1094	1162
1095	1163
1096	1164
1097	1165
1098	1166
1099	1167
1100	1168
1101	1169
1102	1170
1103	1171
1104	1172
1105	1173
1106	1174
1107	1175
1108	1176
1109	1177
1110	1178
1111	1179
1112	1180
1113	1181
1114	1182
1115	1183
1116	1184
1117	1185
1118	1186
1119	1187
1120	1188
1121	1189
1122	1190
1123	1191
1124	1192
1125	1193
1126	1194
1127	1195
1128	1196
1129	1197
1130	1198
1131	1199
1132	1200
1133	1201
1134	1202
1135	1203
1136	1204
1137	1205
1138	1206
1139	1207
1140	1208
1141	1209
1142	1210
1143	1211
1144	1212
1145	1213
1146	1214
1147	1215
1148	1216
1149	1217
1150	1218
1151	1219
1152	1220
1153	1221
1154	1222
1155	1223
1156	1224
1157	1225
1158	1226
1159	1227
1160	1228
1161	1229
1162	1230
1163	1231
1164	1232
1165	1233
1166	1234
1167	1235
1168	1236
1169	1237
1170	1238
1171	1239
1172	1240
1173	1241
1174	1242
1175	1243
1176	1244
1177	1245
1178	1246
1179	1247
1180	1248
1181	1249
1182	1250
1183	1251
1184	1252
1185	1253
1186	1254
1187	1255
1188	1256
1189	1257
1190	1258
1191	1259
1192	1260
1193	1261
1194	1262
1195	1263
1196	1264
1197	1265
1198	1266
1199	1267
1200	1268
1201	1269
1202	1270
1203	1271
1204	1272
1205	1273
1206	1274
1207	1275
1208	1276
1209	1277
1210	1278
1211	1279
1212	1280
1213	1281
1214	1282
1215	1283
1216	1284
1217	1285
1218	1286
1219	1287
1220	1288
1221	1289
1222	1290
1223	1291
1224	1292
1225	1293
1226	1294
1227	1295
1228	1296
1229	1297
1230	1298
1231	1299
1232	1300
1233	1301
1234	1302
1235	1303
1236	1304
1237	1305
1238	1306
1239	1307
1240	1308
1241	1309
1242	1310
1243	1311
1244	1312
1245	1313
1246	1314
1247	1315
1248	1316
1249	1317
1250	1318
1251	1319
1252	1320
1253	1321
1254	1322
1255	1323
1256	1324
1257	1325
1258	1326
1259	1327
1260	1328
1261	1329
1262	1330
1263	1331
1264	1332
1265	1333
1266	1334
1267	1335
1268	1336
1269	1337
1270	1338
1271	1339
1272	1340
1273	1341
1274	1342
1275	1343
1276	1344
1277	1345
1278	1346
1279	1347
1280	1348
1281	1349
1282	1350
1283	1351
1284	1352
1285	1353
1286	1354
1287	1355
1288	1356
1289	1357
1290	1358
1291	1359
1292	1360
1293	1361
1294	1362
1295	1363
1296	1364
1297	1365
1298	1366
1299	1367
1300	1368
1301	1369
1302	1370
1303	1371
1304	1372
1305	1373
1306	1374
1307	1375
1308	1376
1309	1377
1310	1378
1311	1379
1312	1380
1313	1381
1314	1382
1315	1383
1316	1384
1317	1385
1318	1386
1319	1387
1320	1388
1321	1389
1322	1390
1323	1391
1324	1392
1325	1393
1326	1394
1327	1395
1328	1396
1329	1397
1330	1398
1331	1399
1332	1400
1333	1401
1334	1402
1335	1403
1336	1404
1337	1405
1338	1406
1339	1407
1340	1408
1341	1409
1342	1410
1343	1411
1344	1412
1345	1413
1346	1414
1347	1415
1348	1416
1349	1417
1350	1418
1351	1419
1352	1420
1353	1421
1354	1422
1355	1423
1356	1424
1357	1425
1358	1426
1359	1427
1360	1428
1361	1429
1362	1430
1363	1431
1364	1432
1365	1433
1366	1434
1367	1435
1368	1436
1369	1437
1370	1438
1371	1439
1372	1440
1373	1441
1374	1442
1375	1443
1376	1444
1377	1445
1378	1446
1379	1447
1380	1448
1381	1449
1382	1450
1383	1451
1384	1452
1385	1453
1386	1454
1387	1455
1388	1456
1389	1457
1390	1458
1391	1459
1392	1460
1393	1461
1394	1462
1395	1463
1396	1464
1397	1465
1398	1466
1399	1467
1400	1468
1401	1469
1402	1470
1403	1471
1404	1472
1405	1473
1406	1474
1407	1475
1408	1476
1409	1477
1410	1478
1411	1479
1412	1480
1413	1481
1414	1482
1415	1483
1416	1484
1417	1485
1418	1486
1419	1487
1420	1488
1421	1489
1422	1490
1423	1491
1424	1492
1425	1493
1426	1494
1427	1495
1428	1496
1429	1497
1430	1498
1431	1499
1432	1500
1433	1501
1434	1502
1435	1503
1436	1504
1437	1505
1438	1506
1439	1507
1440	1508
1441	1509
1442	1510
1443	1511
1444	1512
1445	1513
1446	1514
1447	1515
1448	1516
1449	1517
1450	1518
1451	1519
1452	1520
1453	1521
1454	1522
1455	1523
1456	1524
1457	1525
1458	1526
1459	1527
1460	1528
1461	1529
1462	1530
1463	1531
1464	1532
1465	1533
1466	1534
1467	1535
1468	1536
1469	1537
1470	1538
1471	1539
1472	1540
1473	1541
1474	1542
1475	1543
1476	1544
1477	1545
1478	1546
1479	1547
1480	1548
1481	1549
1482	1550
1483	1551
1484	1552
1485	1553
1486	1554
1487	1555
1488	1556
1489	1557
1490	1558
1491	1559
1492	1560
1493	1561
1494	1562
1495	1563
1496	1564
1497	1565
1498	1566
1499	1567
1500	1568
1501	1569
1502	1570
1503	1571
1504	1572
1505	1573
1506	1574
1507	1575
1508	1576
1509	1577
1510	1578
1511	1579
1512	1580
1513	1581
1514	1582
1515	1583
1516	1584
1517	1585
1518	1586
1519	1587
1520	1588
1521	1589
1522	1590
1523	1591
1524	1592
1525	1593
1526	1594
1527	1595
1528	1596
1529	1597
1530	1598
1531	1599
1532	1600
1533	1601
1534	1602
1535	1603
1536	1604
1537	1605
1538	1606
1539	1607
1540	1608
1541	1609
1542	1610
1543	1611
1544	1612
1545	1613
1546	1614
1547	1615
1548	1616
1549	1617
1550	1618
1551	1619
1552	1620
1553	1621
1554	1622
1555	1623
1556	1624
1557	1625
1558	1626
1559	1627
1560	1628
1561	1629
1562	1630
1563	1631
1564	1632
1565	1633
1566	1634
1567	1635
1568	1636
1569	1637
1570	1638
1571	1639
1572	1640
1573	1641
1574	1642
1575	1643
1576	1644
1577	1645
1578	1646
1579	1647
1580	1648
1581	1649
1582	1650
1583	1651
1584	1652
1585	1653
1586	1654
1587	1655
1588	1656
1589	1657
1590	1658
1591	1659
1592	1660
1593	1661
1594	1662
1595	1663
1596	1664
1597	1665
1598	1666
1599	1667
1600	1668
1601	1669
1602	1670
1603	1671
1604	1672
1605	1673
1606	1674
1607	1675
1608	1676
1609	1677
1610	1678
1611	1679
1612	1680
1613	1681
1614	1682
1615	1683
1616	1684
1617	1685
1618	1686
1619	1687
1620	1688
1621	1689
1622	1690
1623	1691
1624	1692
1625	1693
1626	1694
1627	1695
1628	1696
1629	1697
1630	1698
1631	1699
1632	1700
1633	1701
1634	1702
1635	1703
1636	1704
1637	1705
1638	1706
1639	1707
1640	1708
1641	1709
1642	1710
1643	1711
1644	1712
1645	1713
1646	1714
1647	1715
1648	1716
1649	1717
1650	1718
1651	1719
1652	1720
1653	1721
1654	1722
1655	1723
1656	1724
1657	1725
1658	1726
1659	1727
1660	1728
1661	1729
1662	1730
1663	1731
1664	1732
1665	1733
1666	1734
1667	1735
1668	1736
1669	1737
1670	1738
1671	1739
1672	1740
1673	1741
1674	1742
1675	1743
1676	1744
1677	1745
1678	1746
1679	1747
1680	1748
1681	1749
1682	1750
1683	1751
1684	1752
1685	1753
1686	1754
1687	1755
1688	1756
1689	1757
1690	1758
1691	1759
1692	1760
1693	1761
1694	1762
1695	1763
1696	1764
1697	1765
1698	1766
1699	1767
1700	1768
1701	1769
1702	1770
1703	1771
1704	1772
1705	1773
1706	1774
1707	1775
1708	1776
1709	1777
1710	1778
1711	1779
1712	1780
1713	1781
1714	1782
1715	1783
1716	1784
1717	1785
1718	1786
1719	1787
1720	1788
1721	1789
1722	1790
1723	1791
1724	1792
1725	1793
1726	1794
1727	1795
1728	1796
1729	1797
1730	1798
1731	1799
1732	1800
1733	1801
1734	1802
1735	1803
1736	1804
1737	1805
1738	1806
1739	1807
1740	1808
1741	1809
1742	1810
1743	1811
1744	1812
1745	1813
1746	1814
1747	1815
1748	1816
1749	1817
1750	1818
1751	1819
1752	1820
1753	1821
1754	1822
1755	1823
1756	1824
1757	1825
1758	1826
1759	1827
1760	1828
1761	1829
1762	1830
1763	1831
1764	1832
1765	1833
1766	1834
1767	1835
1768	1836
1769	1837
1770	1838
1771	1839
1772	1840
1773	1841
1774	1842
1775	1843
1776	1844
1777	1845
1778	1846
1779	1847
1780	1848
1781	1849
1782	1850
1783	1851
1784	1852
1785	1853
1786	1854
1787	1855
1788	1856
1789	1857
1790	1858
1791	1859
1792	1860
1793	1861
1794	1862
1795	1863
1796	1864
1797	1865
1798	1866
1799	1867
1800	1868
1801	1869
1802	1870
1803	1871
1804	1872
1805	1873
1806	1874
1807	1875
1808	1876
1809	1877
1810	1878
1811	1879
1812	1880
1813	1881
1814	1882
1815	1883
1816	1884
1817	1885
1818	1886
1819	1887
1820	1888
1821	1889
1822	1890
1823	1891
1824	1892
1825	1893
1826	1894
1827	1895
1828	1896
1829	1897
1830	1898
1831	1899
1832	1900
1833	1901
1834	1902
1835	1903
1836	1904
1837	1905
1838	1906
1839	1907
1840	1908
1841	1909
1842	1910
1843	1911
1844	1912
1845	1913
1846	1914
1847	1915
1848	1916
1849	1917
1850	1918
1851	1919
1852	1920
1853	1921
1854	1922
1855	1923
1856	1924
1857	1925
1858	1926
1859	1927
1860	1928
1861	1929
1862	1930
1863	1931
1864	1932
1865	1933
1866	1934
1867	1935
1868	1936
1869	1937
1870	1938
1871	1939
1872	1940
1873	1941
1874	1942
1875	1943
1876	1944
1877	1945
1878	1946
1879	1947
1880	1948
1881	1949
1882	1950
1883	1951
1884	1952
1885	1953
1886	1954
1887	1955
1888	1956
1889	1957
1890	1958
1891	1959
1892	1960
1893	1961
1894	1962
1895	1963
1896	1964
1897	1965
1898	1966
1899	1967
1900	1968
1901	1969
1902	1970
1903	1971
1904	1972
1905	1973
1906	1974
1907	1975
1908	1976
1909	1977
1910	1978
1911	1979
1912	1980
1913	1981
1914	1982
1915	1983
1916	1984
1917	1985
1918	1986
1919	1987
1920	1988
1921	1989
1922	1990
1923	1991
1924	1992
1925	1993
1926	1994
1927	1995
1928	1996
1929	1997
1930	1998
1931	1999
1932	2000
1933	2001
1934	2002
1935	2003
1936	2004
1937	2005
1938	2006
1939	2007
1940	2008
1941	2009
1942	2010
1943	2011
1944	2012
1945	2013
1946	2014
1947	2015
1948	2016
1949	2017
1950	2018
1951	2019
1952	2020
1953	2021
1954	2022
1955	2023
1956	2024
1957	2025
1958	2026
1959	2027
1960	2028
1961	2029
1962	2030
1963	2031
1964	2032
1965	2033
1966	2034
1967	2035
1968	2036
1969	2037
1970	2038
1971	2039
1972	2040
1973	2041
1974	2042
1975	2043
1976	2044
1977	2045
1978	2046
1979	2047
1980	2048
1981	2049
1982	2050
1983	2051
1984	2052
1985	2053
1986	2054
1987	2055
1988	2056
1989	2057
1990	2058
1991	2059
1992	2060
1993	2061
1994	2062
1995	2063
1996	2064
1997	2065
1998	2066
1999	2067
2000	2068
2001	2069
2002	2070
2003	2071
2004	2072
2005	2073
2006	2074
2007	2075
2008	2076
2009	2077
2010	2078
2011	2079
2012	2080
2013	2081
2014	2082
2015	2083
2016	2084
2017	2085
2018	2086
2019	2087
2020	2088
2021	2089
2022	2090
2023	2091
2024	2092
2025	2093
2026	2094
2027	2095
2028	2096
2029	2097
2030	2098
2031	2099
2032	2100
2033	2101
2034	2102
2035	2103
2036	2104
2037	2105
2038	2106
2039	2107
2040	2108
2041	2109
2042	2110
2043	2111
2044	2112
2045	2113
2046	2114
2047	2115
2048	2116
2049	2117
2050	2118
2051	2119
2052	2120
2053	2121
2054	2122
2055	2123
2056	2124
2057	2125
2058	2126
2059	2127
2060	2128
2061	2129
2062	2130
2063	2131
2064	2132
2065	2133
2066	2134
2067	2135
2068	2136
2069	2137
2070	2138
2071	2139
2072	2140
2073	2141
2074	2142
2075	2143
2076	2144
2077	2145
2078	2146
2079	2147
2080	2148
2081	2149
2082	2150
2083	2151
2084	2152
2085	2153
2086	2154
2087	2155
2088	2156
2089	2157
2090	2158
2091	2159
2092	2160
2093	2161
2094	2162
2095	2163
2096	2164
2097	2165
2098	2166
2099	2167
2100	2168
2101	2169
2102	2170
2103	2171
2104	2172
2105	2173
2106	2174
2107	2175
2108	2176
2109	2177
2110	2178
2111	2179
2112	2180
2113	2181
2114	2182
2115	2183
2116	2184
2117	2185
2118	2186
2119	2187
2120	2188
2121	2189
2122	2190
2123	2191
2124	2192
2125	2193
2126	2194
2127	2195
2128	2196
2129	2197
2130	2198
2131	2199
2132	2200
2133	2201
2134	2202
2135	2203
2136	2204
2137	2205
2138	2206
2139	2207
2140	2208
2141	2209
2142	2210
2143	2211
2144	2212
2145	2213
2146	2214
2147	2215
2148	2216
2149	2217
2150	2218
2151	2219
2152	2220
2153	2221
2154	2222
2155	2223
2156	2224
2157	2225
2158	2226
2159	2227
2160	2228
2161	2229
2162	2230
2163	2231
2164	2232
2165	2233
2166	2234
2167	2235
2168	2236
2169	2237
2170	2238
2171	2239
2172	2240
2173	2241
2174	2242
2175	2243
2176	2244
2177	2245
2178	2246
2179	2247
2180	2248
2181	2249
2182	2250
2183	2251
2184	2252
2185	2253
2186	2254
2187	2255
2188	2256
2189	2257
2190	2258
2191	2259
2192	2260
2193	2261
2194	2262
2195	2263
2196	2264
2197	2265
2198	2266
2199	2267
2200	2268
2201	2269
2202	2270
2203	2271
2204	2272
2205	2273
2206	2274
2207	2275
2208	2276
2209	2277
2210	2278
2211	2279
2212	2280
2213	2281
2214	2282
2215	2283
2216	2284
2217	2285
2218	2286
2219	2287
2220	2288
2221	2289
2222	2290
2223	2291
2224	2292
2225	2293
2226	2294
2227	2295
2228	2296
2229	2297
2230	2298
2231	2299
2232	2300
2233	2301
2234	2302
2235	2303
2236	2304
2237	2305
2238	2306
2239	2307
2240	2308
2241	2309
2242	2310
2243	2311
2244	2312
2245	2313
2246	2314
2247	2315
2248	2316
2249	2317
2250	2318
2251	2319
2252	2320
2253	2321
2254	2322
2255	2323
2256	2324
2257	2325
2258	2326
2259	2327
2260	2328
2261	2329
2262	2330
2263	2331
2264	2332
2265	2333
2266	2334
2267	2335
2268	2336
2269	2337
2270	2338
2271	2339
2272	2340
2273	2341
2274	2342
2275	2343
2276	2344
2277	2345
2278	2346
2279	2347
2280	2348
2281	2349
2282	2350
2283	2351
2284	2352
2285	2353
2286	2354
2287	2355
2288	2356
2289	2357
2290	2358
2291	2359
2292	2360
2293	2361
2294	2362
2295	2363
2296	2364
2297	2365
2298	2366
2299	2367
2300	2368
2301	2369
2302	2370
2303	2371
2304	2372
2305	2373
2306	2374
2307	2375
2308	2376
2309	2377
2310	2378
2311	2379
2312	2380
2313	2381
2314	2382
2315	2383
2316	2384
2317	2385
2318	2386
2319	2387
2320	2388
2321	2389
2322	2390
2323	2391
2324	2392
2325	2393
2326	2394
2327	2395
2328	2396
2329	2397
2330	2398
2331	2399
2332	2400
2333	2401
2334	2402
2335	2403
2336	2404
2337	2405
2338	2406
2339	2407
2340	2408
2341	2409
2342	2410
2343	2411
2344	2412
2345	2413
2346	2414
2347	2415
2348	2416
2349	2417
2350	2418
2351	2419
2352	2420
2353	2421
2354	2422
2355	2423
2356	2424
2357	2425
2358	2426
2359	2427
2360	2428
2361	2429
2362	2430
2363	2431
2364	2432
2365	2433
2366	2434
2367	2435
2368	2436
2369	2437
2370	2438
2371	2439
2372	2440
2373	2441
2374	2442
2375	2443
2376	2444
2377	2445
2378	2446
2379	2447
2380	2448
2381	2449
2382	2450
2383	2451
2384	2452
2385	2453
2386	2454
2387	2455
2388	2456
2389	2457
2390	2458
2391	2459
2392	2460
2393	2461
2394	2462
2395	2463
2396	2464
2397	2465
2398	2466
2399	2467
2400	2468
2401	2469
2402	2470
2403	2471
2404	2472
2405	2473
2406	2474
2407	2475
2408	2476
2409	2477
2410	2478
2411	2479
2412	2480
2413	2481
2414	2482
2415	2483
2416	2484
2417	2485
2418	2486
2419	2487
2420	2488
2421	2489
2422	2490
2423	2491
2424	2492
2425	2493
2426	2494
2427	2495
2428	2496
2429	2497
2430	2498
2431	2499
2432	2500
2433	2501
2434	2502
2435	2503
2436	2504
2437	2505
2438	2506
2439	2507
2440	2508
2441	2509
2442	2510
2443	2511
2444	2512
2445	2513
2446	2514
2447	2515
2448	2516
2449	2517
2450	2518
2451	2519
2452	2520
2453	2521
2454	2522
2455	2523
2456	2524
2457	2525
2458	2526
2459	2527
2460	2528
2461	2529
2462	2530
2463	2531
2464	2532
2465	2533
2466	2534
2467	2535
2468	2536
2469	2537
2470	2538
2471	2539
2472	2540
2473	2541
2474	2542
2475	2543
2476	2544
2477	2545
2478	2546
2479	2547
2480	2548
2481	2549
2482	2550
2483	2551
2484	2552
2485	2553
2486	2554
2487	2555
2488	2556
2489	2557
2490	2558
2491	2559
2492	2560
2493	2561
2494	2562
2495	2563
2496	2564
2497	2565
2498	2566
2499	2567
2500	2568
2501	2569
2502	2570
2503	2571
2504	2572
2505	2573
2506	2574
2507	2575
2508	2576
2509	2577
2510	2578
2511	2579
2512	2580
2513	2581
2514	2582
2515	2583
2516	2584
2517	2585
2518	2586
2519	2587
2520	2588
2521	2589
2522	2590
2523	2591
2524	2592
2525	2593
2526	2594
2527	2595
2528	2596
2529	2597
2530	2598
2531	2599
2532	2600
2533	2601
2534	2602
2535	2603
2536	2604
2537	2605
2538	2606
2539	2607
2540	2608
2541	2609
2542	2610
2543	2611
2544	2612
2545	2613
2546	2614
2547	2615
2548	2616
2549	2617
2550	2618
2551	2619
2552	2620
2553	2621
2554	2622
2555	2623
2556	2624
2557	2625
2558	2626
2559	2627
2560	2628
2561	2629
2562	2630
2563	2631
2564	2632
2565	2633
2566	2634
2567	2635
2568	2636
2569	2637
2570	2638
2571	2639
2572	2640
2573	2641
2574	2642
2575	2643
2576	2644
2577	2645
2578	2646
2579	2647
2580	2648
2581	2649
2582	2650
2583	2651
2584	2652
2585	2653
2586	2654
2587	2655
2588	2656
2589	2657
2590	2658
2591	2659
2592	2660
2593	2661
2594	2662
2595	2663
2596	2664
2597	2665
2598	2666
2599	2667
2600	2668
2601	2669
2602	2670
2603	2671
2604	2672
2605	2673
2606	2674
2607	2675
2608	2676
2609	2677
2610	2678
2611	2679
2612	2680
2613	2681
2614	2682
2615	2683
2616	2684
2617	2685
2618	2686
2619	2687
2620	2688
2621	2689
2622	2690
2623	2691
2624	2692
2625	2693
2626	2694
2627	2695
2628	2696
2629	2697
2630	2698
2631	2699
2632	2700
2633	2701
2634	2702
2635	2703
2636	2704
2637	2705
2638	2706
2639	2707
2640	2708
2641	2709
2642	2710
2643	2711
2644	2712
2645	2713
2646	2714
2647	2715
2648	2716
2649	2717
2650	2718
2651	2719
2652	2720
2653	2721
2654	2722
2655	2723
2656	2724
2657	2725
2658	2726
2659	2727
2660	2728
2661	2729
2662	2730
2663	2731
2664	2732
2665	2733
2666	2734
2667	2735
2668	2736
2669	2737
2670	2738
2671	2739
2672	2740
2673	2741
2674	2742
2675	2743
2676	2744
2677	2745
2678	2746
2679	2747
2680	2748
2681	2749
2682	2750
2683	2751
2684	2752
2685	2753
2686	2754
2687	2755
2688	2756
2689	2757
2690	2758
2691	2759
2692	2760
2693	2761
2694	2762
2695	2763
2696	2764
2697	2765
2698	2766
2699	2767
2700	2768
2701	2769
2702	2770
2703	2771
2704	2772
2705	2773
2706	2774
2707	2775
2708	2776
2709	2777
2710	2778
2711	2779
2712	2780
2713	2781
2714	2782
2715	2783
2716	2784
2717	2785
2718	2786
2719	2787
2720	2788
2721	2789
2722	2790
2723	2791
2724	2792
2725	2793
2726	2794
2727	2795
2728	2796
2729	2797
2730	2798
2731	2799
2732	2800
2733	2801
2734	2802
2735	2803
2736	2804
2737	2805
2738	2806
2739	2807
2740	2808
2741	2809
2742	2810
2743	2811
2744	2812
2745	2813
2746	2814
2747	2815
2748	2816
2749	2817
2750	2818
2751	2819
2752	2820
2753	2821
2754	2822
2755	2823
2756	2824
2757	2825
2758	2826
2759	2827
2760	2828
2761	2829
2762	2830
2763	2831
2764	2832
2765	2833
2766	2834
2767	2835
2768	2836
2769	2837
2770	2838
2771	2839
2772	2840
2773	2841
2774	2842
2775	2843
2776	2844
2777	2845
2778	2846
2779	2847
2780	2848
2781	2849
2782	2850
2783	2851
2784	2852
2785	2853
2786	2854
2787	2855
2788	2856
2789	2857
2790	2858
2791	2859
2792	2860
2793	2861
2794	2862
2795	2863
2796	2864
2797	2865
2798	2866
2799	2867
2800	2868
2801	2869
2802	2870
2803	2871
2804	2872
2805	2873
2806	2874
2807	2875
2808	2876
2809	2877
2810	2878
2811	2879
2812	2880
2813	2881
2814	2882
2815	2883
2816	2884
2817	2885
2818	2886
2819	2887
2820	2888
2821	2889
2822	2890
2823	2891
2824	2892
2825	2893
2826	2894
2827	2895
2828	2896
2829	2897
2830	2898
2831	2899
2832	2900
2833	2901
2834	2902
2835	2903
2836	2904
2837	2905
2838	2906
2839	2907
2840	2908
2841	2909
2842	2910
2843	2911
2844	2912
2845	2913
2846	2914
2847	2915
2848	2916
2849	2917
2850	2918
2851	2919
2852	2920
2853	2921
2854	2922
2855	2923
2856	2924
2857	2925
2858	2926
2859	2927
2860	2928
2861	2929
2862	2930
2863	2931
2864	2932
2865	2933
2866	2934
2867	2935
2868	2936
2869	2937
2870	2938
2871	2939
2872	2940
2873	2941
2874	2942
2875	2943
2876	2944
2877	2945
2878	2946
2879	2947
2880	2948
2881	2949
2882	2950
2883	2951
2884	2952
2885	2953
2886	2954
2887	2955
2888	2956
2889	2957
2890	2958
2891	2959
2892	2960
2893	2961
2894	2962
2895	2963
2896	2964
2897	2965
2898	2966
2899	2967
2900	2968
2901	2969
2902	2970
2903	2971
2904	2972
2905	2973
2906	2974
2907	2975
2908	2976
2909	2977
2910	2978
2911	2979
2912	2980
2913	2981
2914	2982
2915	2983
2916	2984
2917	2985
2918	2986
2919	2987
2920	2988
2921	2989
2922	2990
2923	2991
2924	2992
2925	2993
2926	2994
2927	2995
2928	2996
2929	2997
2930	2998
2931	2999
2932	3000
2933	3001
2934	3002
2935	3003
2936	3004
2937	3005
2938	3006
2939	3007
2940	3008
2941	3009
2942	3010
2943	3011
2944	3012
2945	3013
2946	3014
2947	3015
2948	3016
2949	3017
2950	3018
2951	3019
2952	3020
2953	3021
2954	3022
2955	3023
2956	3024
2957	3025
2958	3026
2959	3027
2960	3028
2961	3029
2962	3030
2963	3031
2964	3032
2965	3033
2966	3034
2967	3035
2968	3036
2969	3037
2970	3038
2971	3039
2972	3040
2973	3041
2974	3042
2975	3043
2976	3044
2977	3045
2978	3046
2979	3047
2980	3048
2981	3049
2982	3050
2983	3051
2984	3052
2985	3053
2986	3054
2987	3055
2988	3056
2989	3057
2990	3058
2991	3059
2992	3060
2993	3061
2994	3062
2995	3063
2996	3064
2997	3065
2998	3066
2999	3067
3000	3068
3001	3069
3002	3070
3003	3071
3004	3072
3005	3073
3006	3074
3007	3075
3008	3076
3009	3077
3010	3078
3011	3079
3012	3080
3013	3081
3014	3082
3015	3083
3016	3084
3017	3085
3018	3086
3019	3087
3020	3088
3021	3089
3022	3090
3023	3091
3024	3092
3025	3093
3026	3094
3027	3095
3028	3096
3029	3097
3030	3098
3031	3099
3032	3100
3033	3101
3034	3102
3035	3103
3036	3104
3037	3105
3038	3106
3039	3107
3040	3108
3041	3109
3042	3110
3043	3111
3044	3112
3045	3113
3046	3114
3047	3115
3048	3116
3049	3117
3050	3118
3051	3119
3052	3120
3053	3121
3054	3122
3055	3123
3056	3124
3057	3125
3058	3126
3059	3127
3060	3128
3061	3129
3062	3130
3063	3131
3064	3132
3065	3133
3066	3134
3067	3135
3068	3136
3069	3137
3070	3138
3071	3139
3072	3140
3073	3141
3074	3142
3075	3143
3076	3144
3077	3145
3078	3146
3079	3147
3080	3148
3081	3149
3082	3150
3083	3151
3084	3152
3085	3153
3086	3154
3087	3155
3088	3156
3089	3157
3090	3158
3091	3159
3092	3160
3093	3161
3094	3162
3095	3163
3096	3164
3097	3165
3098	3166
3099	3167
3100	3168
3101	3169
3102	3170
3103	3171
3104	3172
3105	3173
3106	3174
3107	3175
3108	3176
3109	3177
3110	3178
3111	3179
3112	3180
3113	3181
3114	3182
3115	3183
3116	3184
3117	3185
3118	3186
3119	3187
3120	3188
3121	3189
3122	3190
3123	3191
3124	3192
3125	3193
3126	3194
3127	3195
3128	3196
3129	3197
3130	3198
3131	3199
3132	3200
3133	3201
3134	3202
3135	3203
3136	3204
3137	3205
3138	3206
3139	3207
3140	3208
3141	3209
3142	3210
3143	3211
3144	3212
3145	3213
3146	3214
3147	3215
3148	3216
3149	3217
3150	3218
3151	3219
3152	3220
3153	3221
3154	3222
3155	3223
3156	3224
3157	3225
3158	3226
3159	3227
3160	3228
3161	3229
3162	3230
3163	3231
3164	3232
3165	3233
3166	3234
3167	3235
3168	3236
3169	3237
3170	3238
3171	3239
3172	3240
3173	3241
3174	3242
3175	3243
3176	3244
3177	3245
3178	3246
3179	3247
3180	3248
3181	3249
3182	3250
3183	3251
3184	3252
3185	3253
3186	3254
3187	3255
3188	3256
3189	3257
3190	3258
3191	3259
3192	3260
3193	3261
3194	3262
3195	3263
3196	3264
3197	3265
3198	3266
3199	3267
3200	3268
3201	3269
3202	3270
3203	3271
3204	3272
3205	3273
3206	3274
3207	3275
3208	3276
3209	3277
3210	3278
3211	3279
3212	3280
3213	3281
3214	3282
3215	3283
3216	3284
3217	3285
3218	3286
3219	3287
3220	3288
3221	3289
3222	3290
3223	3291
3224	3292
3225	3293
3226	3294
3227	3295
3228	3296
3229	3297
3230	3298
3231	3299
3232	3300
3233	3301
3234	3302
3235	3303
3236	3304
3237	3305
3238	3306
3239	3307
3240	3308
3241	3309
3242	3310
3243	3311
3244	3312
3245	3313
3246	3314
3247	3315
3248	3316
3249	3317
3250	3318
3251	3319
3252	3320
3253	3321
3254	3322
3255	3323
3256	3324
3257	3325
3258	3326
3259	3327
3260	3328
3261	3329
3262	3330
3263	3331
3264	3332
3265	3333
3266	3334
3267	3335
3268	3336
3269	3337
3270	3338
3271	3339
3272	3340
3273	3341
3274	3342
3275	3343
3276	3344
3277	3345
3278	3346
3279	3347
3280	3348
3281	3349
3282	3350
3283	3351
3284	3352
3285	3353
3286	3354
3287	3355
3288	3356
3289	3357
3290	3358
3291	3359
3292	3360
3293	3361
3294	3362
3295	3363
3296	3364
3297	3365
3298	3366
3299	3367
3300	3368
3301	3369
3302	3370
3303	3371
3304	3372
3305	3373
3306	3374
3307	3375
3308	3376
3309	3377
3310	3378
3311	3379
3312	3380
3313	3381
3314	3382
3315	3383
3316	3384
3317	3385
3318	3386
3319	3387
3320	3388
3321	3389
3322	3390
3323	3391
3324	3392
3325	3393
3326	3394
3327	3395
3328	3396
3329	3397
3330	3398
3331	3399
3332	3400
3333	3401
3334	3402
3335	3403
3336	3404
3337	3405
3338	3406
3339	3407
3340	3408
3341	3409
3342	3410
3343	3411
3344	3412
3345	3413
3346	3414
3347	3415
3348	3416
3349	3417
3350	3418
3351	3419
3352	3420
3353	3421
3354	3422
3355	3423
3356	3424
3357	3425
3358	3426
3359	3427
3360	3428
3361	3429
3362	3430
3363	3431
3364	3432
3365	3433
3366	3434
3367	3435
3368	3436
3369	3437
3370	3438
3371	3439
3372	3440
3373	3441
3374	3442
3375	3443
3376	3444
3377	3445
3378	3446
3379	3447
3380	3448
3381	3449
3382	3450
3383	3451
3384	3452
3385	3453
3386	3454
3387	3455
3388	3456
3389	3457
3390	3458
3391	3459
3392	3460
3393	3461
3394	3462
3395	3463
3396	3464
3397	3465
3398	3466
3399	3467
3400	3468
3401	3469
3402	3470
3403	3471
3404	3472
3405	3473
3406	3474
3407	3475
3408	3476
3409	3477
3410	3478
3411	3479
3412	3480
3413	3481
3414	3482
3415	3483
3416	3484
3417	3485
3418	3486
3419	3487
3420	3488
3421	3489
3422	3490
3423	3491
3424	3492
3425	3493
3426	3494
3427	3495
3428	3496
3429	3497
3430	3498
3431	3499
3432	3500
3433	3501
3434	3502
3435	3503
3436	3504
3437	3505
3438	3506
3439	3507
3440	3508
3441	3509
3442	3510
3443	3511
3444	3512
3445	3513
3446	3514
3447	3515
3448	3516
3449	3517
3450	3518
3451	3519
3452	3520
3453	3521
3454	3522
3455	3523
3456	3524
3457	3525
3458	3526
3459	3527
3460	3528
3461	3529
3462	3530
3463	3531
3464	3532
3465	3533
3466	3534
3467	3535
3468	3536
3469	3537
3470	3538
3471	3539
3472	3540
3473	3541
3474	3542
3475	3543
3476	3544
3477	3545
3478	3546
3479	3547
3480	3548
3481	3549
3482	3550
3483	3551
3484	3552
3485	3553
3486	3554
3487	3555
3488	3556
3489	3557
3490	3558
3491	3559
3492	3560
3493	3561
3494	3562
3495	3563
3496	3564
3497	3565
3498	3566
3499	3567
3500	3568
3501	3569
3502	3570
3503	3571
3504	3572
3505	3573
3506	3574
3507	3575
3508	3576
3509	3577
3510	3578
3511	3579
3512	3580
3513	3581
3514	3582
3515	3583
3516	3584
3517	3585
3518	3586
3519	3587
3520	3588
3521	3589
3522	3590
3523	3591
3524	3592
3525	3593
3526	3594
3527	3595
3528	3596
3529	3597
3530	3598
3531	3599
3532	3600
3533	3601
3534	3602
3535	3603
3536	3604
3537	3605
3538	3606
3539	3607
3540	3608
3541	3609
3542	3610
3543	3611
3544	3612
3545	3613
3546	3614
3547	3615
3548	3616
3549	3617
3550	3618
3551	3619
3552	3620
3553	3621
3554	3622
3555	3623
3556	3624
3557	3625
3558	3626
3559	3627
3560	3628
3561	3629
3562	3630
3563	3631
3564	3632
3565	3633
3566	3634
3567	3635
3568	3636
3569	3637
3570	3638
3571	3639
3572	3640
3573	3641
3574	3642
3575	3643
3576	3644
3577	3645
3578	3646
3579	3647
3580	3648
3581	3649
3582	3650
3583	3651
3584	3652
3585	3653
3586	3654
3587	3655
3588	3656
3589	3657
3590	3658
3591	3659
3592	3660
3593	3661
3594	3662
3595	3663
3596	3664
3597	3665
3598	3666
3599	3667
3600	3668
3601	3669
3602	3670
3603	3671
3604	3672
3605	3673
3606	3674
3607	3675
3608	3676
3609	3677
3610	3678
3611	3679
3612	3680
3613	3681
3614	3682
3615	3683
3616	3684
3617	3685
3618	3686
3619	3687
3620	3688
3621	3689
3622	3690
3623	3691
3624	3692
3625	3693
3626	3694
3627	3695
3628	3696
3629	3697
3630	3698
3631	3699
3632	3700
3633	3701
3634	3702
3635	3703
3636	3704
3637	3705
3638	3706
3639	3707
3640	3708
3641	3709
3642	3710
3643	3711
3644	3712
3645	3713
3646	3714
3647	3715
3648	3716
3649	3717
3650	3718
3651	3719
3652	3720
3653	3721
3654	3722
3655	3723
3656	3724
3657	3725
3658	3726
3659	3727
3660	3728
3661	3729
3662	3730
3663	3731
3664	3732
3665	3733
3666	3734
3667	3735
3668	3736
3669	3737
3670	3738
3671	3739
3672	3740
3673	3741
3674	3742
3675	3743
3676	3744
3677	3745
3678	3746
3679	3747
3680	3748
3681	3749
3682	3750
3683	3751
3684	3752
3685	3753
3686	3754
3687	3755
3688	3756
3689	3757
3690	3758
3691	3759
3692	3760
3693	3761
3694	3762
3695	3763
3696	3764
3697	3765
3698	3766
3699	3767
3700	3768
3701	3769
3702	3770
3703	3771
3704	3772
3705	3773
3706	3774
3707	3775
3708	3776
3709	3777
3710	3778
3711	3779
3712	3780
3713	3781
3714	3782
3715	3783
3716	3784
3717	3785
3718	3786
3719	3787
3720	3788
3721	3789
3722	3790
3723	3791
3724	3792
3725	3793
3726	3794
3727	3795
3728	3796
3729	3797
3730	3798
3731	3799
3732	3800
3733	3801
3734	3802
3735	3803
3736	3804
3737	3805
3738	3806
3739	3807
3740	3808
3741	3809
3742	3810
3743	3811
3744	3812
3745	3813
3746	3814
3747	3815
3748	3816
3749	3817
3750	3818
3751	3819
3752	3820
3753	3821
3754	3822
3755	3823
3756	3824
3757	3825
3758	3826
3759	3827
3760	3828
3761	3829
3762	3830
3763	3831
3764	3832
3765	3833
3766	3834
3767	3835
3768	3836
3769	3837
3770	3838
3771	3839
3772	3840
3773	3841
3774	3842
3775	3843
3776	3844
3777	3845
3778	3846
3779	3847
3780	3848
3781	3849
3782	3850
3783	3851
3784	3852
3785	3853
3786	3854
3787	3855
3788	3856
3789	3857
3790	3858
3791	3859
3792	3860
3793	3861
3794	3862
3795	3863
3796	3864
3797	3865
3798	3866
3799	3867
3800	3868
3801	3869
3802	3870
3803	3871
3804	3872
3805	3873
3806	3874
3807	3875
3808	3876
3809	3877
3810	3878
3811	3879
3812	3880
3813	3881
3814	3882
3815	3883
3816	3884
3817	3885
3818	3886
3819	3887
3820	3888
3821	3889
3822	3890
3823	3891
3824	3892
3825	3893
3826	3894
3827	3895
3828	3896
3829	3897
3830	3898
3831	3899
3832	3900
3833	3901
3834	3902
3835	3903
3836	3904
3837	3905
3838	3906
3839	3907
3840	3908
3841	3909
3842	3910
3843	3911
3844	3912
3845	3913
3846	3914
3847	3915
3848	3916
3849	3917
3850	3918
3851	3919
3852	3920
3853	3921
3854	3922
3855	3923
3856	3924
3857	3925
3858	3926
3859	3927
3860	3928
3861	3929
3862	3930
3863	3931
3864	3932
3865	3933
3866	3934
3867	3935
3868	3936
3869	3937
3870	3938
3871	3939
3872	3940
3873	3941
3874	3942
3875	3943
3876	3944
3877	3945
3878	3946
3879	3947
3880	3948
3881	3949
3882	3950
3883	3951
3884	3952
3885	3953
3886	3954
3887	3955
3888	3956
3889	3957
3890	3958
3891	3959
3892	3960
3893	3961
3894	3962
3895	3963
3896	3964
3897	3965
3898	3966
3899	3967
3900	3968
3901	3969
3902	3970
3903	3971
3904	3972
3905	3973
3906	3974
3907	3975
3908	3976
3909	3977
3910	3978
3911	3979
3912	3980
3913	3981
3914	3982
3915	3983
3916	3984
3917	3985
3918	3986
3919	3987
3920	3988
3921	3989
3922	3990
3923	3991
3924	3992
3925	3993
3926	3994
3927	3995
3928	3996
3929	3997
3930	3998
3931	3999
3932	4000
3933	4001
3934	4002
3935	4003
3936	4004
3937	4005
3938	4006
3939	4007
3940	4008
3941	4009
3942	4010
3943	4011
3944	4012
3945	4013
3946	4014
3947	4015
3948	4016
3949	4017
3950	4018
3951	4019
3952	4020
3953	4021
3954	4022
3955	4023
3956	4024
3957	4025
3958	4026
3959	4027
3960	4028
3961	4029
3962	4030
3963	4031
3964	4032
3965	4033
3966	4034
3967	4035
3968	4036
3969	4037
3970	4038
3971	4039
3972	4040
3973	4041
3974	4042
3975	4043
3976	4044
3977	4045
3978	4046
3979	4047
3980	4048
3981	4049
3982	4050
3983	4051
3984	4052
3985	4053
3986	4054
3987	4055
3988	4056
3989	4057
3990	4058
3991	4059
3992	4060
3993	4061
3994	4062
3995	4063
3996	4064
3997	4065
3998	4066
3999	4067
4000	4068
4001	4069
4002	4070
4003	4071
4004	4072
4005	4073
4006	4074
4007	4075
4008	4076
4009	4077
4010	4078
4011	4079
4012	4080
4013	4081
4014	4082
4015	4083
4016	4084
4017	4085
4018	4086
4019	4087
4020	4088
4021	4089
4022	4090
4023	4091
4024	4092
4025	4093
4026	4094
4027	4095
4028	4096
4029	4097
4030	4098
4031	4099
4032	4100
4033	4101
4034	4102
4035	4103
4036	4104
4037	4105
4038	4106
4039	4107
4040	4108
4041	4109
4042	4110
4043	4111
4044	4112
4045	4113
4046	4114
4047	4115
4048	4116
4049	4117
4050	4118
4051	4119
4052	4120
4053	4121
4054	4122
4055	4123
4056	4124
4057	4125
4058	4126
4059	4127
4060	4128
4061	4129
4062	4130
4063	4131
4064	4132
4065	4133
4066	4134
4067	4135
4068	4136
4069	4137
4070	4138
4071	4139
4072	4140
4073	4141
4074	4142
4075	4143
4076	4144
4077	4145
4078	4146
4079	4147
4080	4148
4081	4149
4082	4150
4083	4151
4084	4152
4085	4153
4086	4154
4087	4155
4088	4156
4089	4157
4090	4158
4091	4159
4092	4160
4093	4161
4094	4162
4095	4163
4096	4164
4097	4165
4098	4166
4099	4167
4100	4168
4101	4169
4102	4170
4103	4171
4104	4172
4105	4173
4106	4174
4107	4175
4108	4176
4109	4177
4110	4178
4111	4179
4112	4180
4113	4181
4114	4182
4115	4183
4116	4184
4117	4185
4118	4186
4119	4187
4120	4188
4121	4189
4122	4190
4123	4191
4124	4192
4125	4193
4126	4194
4127	4195
4128	4196
4129	4197
4130	4198
4131	4199
4132	4200
4133	4201
4134	4202
4135	4203
4136	4204
4137	4205
4138	4206
4139	4207
4140	4208
4141	4209
4142	4210
4143	4211
4144	4212
4145	4213
4146	4214
4147	4215
4148	4216
4149	4217
4150	4218
4151	4219
4152	4220
4153	4221
4154	4222
4155	4223
4156	4224
4157	4225
4158	4226
4159	4227
4160	4228
4161	4229
4162	4230
4163	4231
4164	4232
4165	4233
4166	4234
4167	4235
4168	4236
4169	4237
4170	4238
4171	4239
4172	4240
4173	4241
4174	4242
4175	4243
4176	4244
4177	4245
4178	4246
4179	4247
4180	4248
4181	4249
4182	4250
4183	4251
4184	4252
4185	4253
4186	4254
4187	4255
4188	4256
4189	4257
4190	4258
4191	4259
4192	4260
4193	4261
4194	4262
4195	4263
4196	4264
4197	4265
4198	4266
4199	4267
4200	4268
4201	4269
4202	4270
4203	4271
4204	4272
4205	4273
4206	4274
4207	4275
4208	4276
4209	4277
4210	4278
4211	4279
4212	4280
4213	4281
4214	4282
4215	4283
4216	4284
4217	4285
4218	4286
4219	4287
4220	4288
4221	4289
4222	4290
4223	4291
4224	4292
4225	4293
4226	4294
4227	4295
4228	4296
4229	4297
4230	4298
4231	4299
4232	4300
4233	4301
4234	4302
4235	4303
4236	4304
4237	4305
4238	4306
4239	4307
4240	4308
4241	4309
4242	4310
4243	4311
4244	4312
4245	4313
4246	4314
4247	4315
4248	4316
4249	4317
4250	4318
4251	4319
4252	4320
4253	4321
4254	4322
4255	4323
4256	4324
4257	4325
4258	4326
4259	4327
4260	4328
4261	4329
4262	4330
4263	4331
4264	4332
4265	4333
4266	4334
4267	4335
4268	4336
4269	4337
4270	4338
4271	4339
4272	4340
4273	4341
4274	4342
4275	4343
4276	4344
4277	4345
4278	4346
4279	4347
4280	4348
4281	4349
4282	4350
4283	4351
4284	4352
4285	4353
4286	4354
4287	4355
4288	4356
4289	4357
4290	4358
4291	4359
4292	4360
4293	4361
4294	4362
4295	4363
4296	4364
4297	4365
4298	4366
4299	4367
4300	4368
4301	4369
4302	4370
4303	4371
4304	4372
4305	4373
4306	4374
4307	4375
4308	4376
4309	4377
4310	4378
4311	4379
4312	4380
4313	4381
4314	4382
4315	4383
4316	4384
4317	4385
4318	4386
4319	4387
4320	4388
4321	4389
4322	4390
4323	4391
4324	4392
4325	4393
4326	4394
4327	4395
4328	4396
4329	4397
4330	4398
4331	4399
4332	4400
4333	4401
4334	4402
4335	4403
4336	4404
4337	4405
4338	4406
4339	4407
4340	4408
4341	4409
4342	4410
4343	4411
4344	4412
4345	4413
4346	4414
4347	4415
4348	4416
4349	4417
4350	4418
4351	4419
4352	4420
4353	4421
4354	4422
4355	4423
4356	4424
4357	4425
4358	4426
4359	4427
4360	4428
4361	4429
4362	4430
4363	4431
4364	4432
4365	4433
4366	4434
4367	4435
4368	4436
4369	4437
4370	4438
4371	4439
4372	4440
4373	4441
4374	4442
4375	4443
4376	4444
4377	4445
4378	4446
4379	4447
4380	4448
4381	4449
4382	4450
4383	4451
4384	4452
4385	4453
4386	4454
4387	4455
4388	4456
4389	4457
4390	4458
4391	4459
4392	4460
4393	4461
4394	4462
4395	4463
4396	4464
4397	4465
4398	4466
4399	4467
4400	4468
4401	4469
4402	4470
4403	4471
4404	4472
4405	4473
4406	4474
4407	4475
4408	4476
4409	4477
4410	4478
4411	4479
4412	4480
4413	4481
4414	4482
4415	4483
4416	4484
4417	4485
4418	4486
4419	4487
4420	4488
4421	4489
4422	4490
4423	4491
4424	4492
4425	4493
4426	4494
4427	4495
4428	4496
4429	4497
4430	4498
4431	4499
4432	4500
4433	4501
4434	4502
4435	4503
4436	4504
4437	4505
4438	4506
4439	4507
4440	4508
4441	4509
4442	4510
4443	4511
4444	4512
4445	4513
4446	4514
4447	4515
4448	4516
4449	4517
4450	4518
4451	4519
4452	4520
4453	4521
4454	4522
4455	4523
4456	4524
4457	4525
4458	4526
4459	4527
4460	4528
4461	4529
4462	4530
4463	4531
4464	4532
4465	4533
4466	4534
4467	4535
4468	4536
4469	4537
4470	4538
4471	4539
4472	4540
4473	4541
4474	4542
4475	4543
4476	4544
4477	4545
4478	4546
4479	4547
4480	4548
4481	4549
4482	4550
4483	4551
4484	4552
4485	4553
4486	4554
4487	4555
4488	4556
4489	4557
4490	4558
4491	4559
4492	4560
4493	4561
4494	4562
4495	4563
4496	4564
4497	4565
4498	4566
4499	4567
4500	4568
4501	4569
4502	4570
4503	4571
4504	4572
4505	4573
4506	4574
4507	4575
4508	4576
4509	4577
4510	4578
4511	4579
4512	4580
4513	4581
4514	4582
4515	4583
4516	4584
4517	4585
4518	4586
4519	4587
4520	4588
4521	4589
4522	4590
4523	4591
4524	4592
4525	4593
4526	4594
4527	4595
4528	4596
4529	4597
4530	4598
4531	4599
4532	4600
4533	4601
4534	4602
4535	4603
4536	4604
4537	4605
4538	4606
4539	4607
4540	4608
4541	4609
4542	4610
4543	4611
4544	4612
4545	4613
4546	4614
4547	4615
4548	4616
4549	4617
4550	4618
4551	4619
4552	4620
4553	4621
4554	4622
4555	4623
4556	4624
4557	4625
4558	4626
4559	4627
4560	4628
4561	4629
4562	4630
4563	4631
4564	4632
4565	4633
4566	4634
4567	4635
4568	4636
4569	4637
4570	4638
4571	4639
4572	4640
4573	4641
4574	4642
4575	4643
4576	4644
4577	4645
4578	4646
4579	4647
4580	4648
4581	4649
4582	4650
4583	4651
4584	4652
4585	4653
4586	4654
4587	4655
4588	4656
4589	4657
4590	4658
4591	4659
4592	4660
4593	4661
4594	4662
4595	4663
4596	4664
4597	4665
4598	4666
4599	4667
4600	4668
4601	4669
4602	4670
4603	4671
4604	4672
4605	4673
4606	4674
4607	4675
4608	4676
4609	4677
4610	4678
4611	4679
4612	4680
4613	4681
4614	4682
4615	4683
4616	4684
4617	4685
4618	4686
4619	4687
4620	4688
4621	4689
4622	4690
4623	4691
4624	4692
4625	4693
4626	4694
4627	4695
4628	4696
4629	4697
4630	4698
4631	4699
4632	4700
4633	4701
4634	4702
4635	4703
4636	4704
4637	4705
4638	4706
4639	4707
4640	4708
4641	4709
4642	4710
4643	4711
4644	4712
4645	4713
4646	4714
4647	4715
4648	4716
4649	4717
4650	4718
4651	4719
4652	4720
4653	4721
4654	4722
4655	4723
4656	4724
4657	4725
4658	4726
4659	4727
4660	4728
4661	4729
4662	4730
4663	4731
4664	4732
4665	4733
4666	4734
4667	4735
4668	4736
4669	4737
4670	4738
4671	4739
4672	4740
4673	4741
4674	4742
4675	4743
4676	4744
4677	4745
4678	4746
4679	4747
4680	4748
4681	4749
4682	4750
4683	4751
4684	4752
4685	4753
4686	4754
4687	4755
4688	4756
4689	4757
4690	4758
4691	4759
4692	4760
4693	4761
4694	4762
4695	4763
4696	4764
4697	4765
4698	4766
4699	4767
4700	4768
4701	4769
4702	4770
4703	4771
4704	4772
4705	4773
4706	4774
4707	4775
4708	4776
4709	4777
4710	4778
4711	4779
4712	4780
4713	4781
4714	4782
4715	4783
4716	4784
4717	4785
4718	4786
4719	4787
4720	4788
4721	4789
4722	4790
4723	4791
4724	4792
4725	4793
4726	4794
4727	4795
4728	4796
4729	4797
4730	4798
4731	4799
4732	4800
4733	4801
4734	4802
4735	4803
4736	4804
4737	4805
4738	4806
4739	4807
4740	4808
4741	4809
4742	4810
4743	4811
4744	4812
4745	4813
4746	4814
4747	4815
4748	4816
4749	4817
4750	4818
4751	4819
4752	4820
4753	4821
4754	4822
4755	4823
4756	4824
4757	4825
4758	4826
4759	4827
4760	4828
4761	4829
4762	4830
4763	4831
4764	4832
4765	4833
4766	4834
4767	4835
4768	4836
4769	4837
4770	4838
4771	4839
4772	4840
4773	4841
4774	4842
4775	4843
4776	4844
4777	4845
4778	4846
4779	4847
4780	4848
4781	4849
4782	4850
4783	4851
4784	4852
4785	4853
4786	4854
4787	4855
4788	4856
4789	4857
4790	4858
4791	4859
4792	4860
4793	4861
4794	4862
4795	4863
4796	4864
4797	4865
4798	4866
4799	4867
4800	4868
4801	4869
4802	4870
4803	4871
4804	4872
4805	4873
4806	4874
4807	4875
4808	4876
4809	4877
4810	4878
4811	4879
4812	4880
4813	4881
4814	4882
4815	4883
4816	4884
4817	4885
4818	4886
4819	4887
4820	4888
4821	4889
4822	4890
4823	4891
4824	4892
4825	4893
4826	4894
4827	4895
4828	4896
4829	4897
4830	4898
4831	4899
4832	4900
4833	4901
4834	4902
4835	4903
4836	4904
4837	4905
4838	4906
4839	4907
4840	4908
4841	4909
4842	4910
4843	4911
4844	4912
4845	4913
4846	4914
4847	4915
4848	4916
4849	4917
4850	4918
4851	4919
4852	4920
4853	4921
4854	4922
4855	4923
4856	4924
4857	4925
4858	4926
4859	4927
4860	4928
4861	4929
4862	4930
4863	4931
4864	4932
4865	4933
4866	4934
4867	4935
4868	4936
4869	4937
4870	4938
4871	4939
4872	4940
4873	4941
4874	4942
4875	4943
4876	4944
4877	4945
4878	4946
4879	4947
4880	4948
4881	4949
4882	4950
4883	4951
4884	4952
4885	4953
4886	4954
4887	4955
4888	4956
4889	4957
4890	4958
4891	4959
4892	4960
4893	4961
4894	4962
4895	4963
4896	4964
4897	4965
4898	4966
4899	4967
4900	4968
4901	4969
4902	4970
4903	4971
4904	4972
4905	4973
4906	4974
4907	4975
4908	4976
4909	4977
4910	4978
4911	4979
4912	4980
4913	4981
4914	4982
4915	4983
4916	4984
4917	4985
4918	4986
4919	4987
4920	4988
4921	4989
4922	4990
4923	4991
4924	4992
4925	4993
4926	4994
4927	4995
4928	4996
4929	4997
4930	4998
4931	4999
4932	5000
4933	5001
4934	5002
4935	5003
4936	5004
4937	5005
4938	5006
4939	5007
4940	5008
4941	5009
4942	5010
4943	5011
4944	5012
4945	5013
4946	5014
4947	5015
4948	5016
4949	5017
4950	5018
4951	5019
4952	5020
4953	5021
4954	5022
4955	5023
4956	5024
4957	5025
4958	5026
4959	5027
4960	5028
4961	5029
4962	5030
4963	5031
4964	5032
4965	5033
4966	5034
4967	5035
4968	5036
4969	5037
4970	5038
4971	5039
4972	5040
4973	5041
4974	5042
4975	5043
4976	5044
4977	5045
4978	5046
4979	5047
4980	5048
4981	5049
4982	5050
4983	5051
4984	5052
4985	5053
4986	5054
4987	5055
4988	5056
4989	5057
4990	5058
4991	5059
4992	5060
4993	5061
4994	5062
4995	5063
4996	5064
4997	5065
4998	5066
4999	5067
5000	5068
5001	5069
5002	5070
5003	5071
5004	5072
5005	5073
5006	5074
5007	5075
5008	5076
5009	5077
5010	5078
5011	5079
5012	5080
5013	5081
5014	5082
5015	5083
5016	5084
5017	5085
5018	5086
5019	5087
5020	5088
5021	5089
5022	5090
5023	5091
5024	5092
5025	5093
5026	5094
5027	5095
5028	5096
5029	5097
5030	5098
5031	5099
5032	5100
5033	5101
5034	5102
5035	5103
5036	5104
5037	5105
5038	5106
5039	5107
5040	5108
5041	5109
5042	5110
5043	5111
5044	5112
5045	5113
5046	5114
5047	5115
5048	5116
5049	5117
5050	5118
5051	5119
5052	5120
5053	5121
5054	5122
5055	5123
5056	5124
5057	5125
5058	5126
5059	5127
5060	5128
5061	5129
5062	5130
5063	5131
5064	5132
5065	5133
5066	5134
5067	5135
5068	5136
5069	5137
5070	5138
5071	5139
5072	5140
5073	5141
5074	5142
5075	5143
5076	5144
5077	5145
5078	5146
5079	5147
5080	5148
5081	5149
5082	5150
5083	5151
5084	5152
5085	5153
5086	5154
5087	5155
5088	5156
5089	5157
5090	5158
5091	5159
5092	5160
5093	5161
5094	5162
5095	5163
5096	5164
5097	5165
5098	5166
5099	5167
5100	5168
5101	5169
5102	5170
5103	5171
5104	5172
5105	5173
5106	5174
5107	5175
5108	5176
5109	5177
5110	5178
5111	5179
5112	5180
5113	5181
5114	5182
5115	5183
5116	5184
5117	5185
5118	5186
5119	5187
5120	5188
5121	5189
5122	5190
5123	5191
5124	5192
5125	5193
5126	5194
5127	5195
5128	5196
5129	5197
5130	5198
5131	5199
5132	5200
5133	5201
5134	5202
5135	5203
5136	5204
5137	5205
5138	5206
5139	5207
5140	5208
5141	5209
5142	5210
5143	5211
5144	5212
5145	5213
5146	5214
5147	5215
5148	5216
5149	5217
5150	5218
5151	5219
5152	5220
5153	5221
5154	5222
5155	5223
5156	5224
5157	5225
5158	5226
5159	5227
5160	5228
5161	5229
5162	5230
5163	5231
5164	5232
5165	5233
5166	5234
5167	5235
5168	5236
5169	5237
5170	5238
5171	5239
5172	5240
5173	5241
5174	5242
5175	5243
5176	5244
5177	5245
5178	5246
5179	5247
5180	5248
5181	5249
5182	5250
5183	5251
5184	5252
5185	5253
5186	5254
5187	5255
5188	5256
5189	5257
5190	5258
5191	5259
5192	5260
5193	5261
5194	5262
5195	5263
5196	5264
5197	5265
5198	5266
5199	5267
5200	5268
5201	5269
5202	5270
5203	5271
5204	5272
5205	5273
5206	5274
5207	5275
5208	5276
5209	5277
5210	5278
5211	5279
5212	5280
5213	5281
5214	5282
5215	5283
5216	5284
5217	5285
5218	5286
5219	5287
5220	5288
5221	5289
5222	5290
5223	5291
5224	5292
5225	5293
5226	5294
5227	5295
5228	5296
5229	5297
5230	5298
5231	5299
5232	5300
5233	5301
5234	5302
5235	5303
5236	5304
5237	5305
5238	5306
5239	5307
5240	5308
5241	5309
5242	5310
5243	5311
5244	5312
5245	5313
5246	5314
5247	5315
5248	5316
5249	5317
5250	5318
5251	5319
5252	5320
5253	5321
5254	5322
5255	5323
5256	5324
5257	5325
5258	5326
5259	5327
5260	5328
5261	5329
5262	5330
5263	5331
5264	5332
5265	5333
5266	5334
5267	5335
5268	5336
5269	5337
5270	5338
5271	5339
5272	5340
5273	5341
5274	5342
5275	5343
5276	5344
5277	5345
5278	5346
5279	5347
5280	5348
5281	5349
5282	5350
5283	5351
5284	5352
5285	5353
5286	5354
5287	5355
5288	5356
5289	5357
5290	5358
5291	5359
5292	5360
5293	5361
5294	5362
5295	5363
5296	5364
5297	5365
5298	5366
5299	5367
5300	5368
5301	5369
5302	5370
5303	5371
5304	5372
5305	5373
5306	5374
5307	5375
5308	5376
5309	5377
5310	5378
5311	5379
5312	5380
5313	5381
5314	5382
5315	5383
5316	5384
5317	5385
5318	5386
5319	5387
5320	5388
5321	5389
5322	5390
5323	5391
5324	5392
5325	5393
5326	5394
5327	5395
5328	5396
5329	5397
5330	5398
5331	5399
5332	5400
5333	5401
5334	5402
5335	5403
5336	5404
5337	5405
5338	5406
5339	5407
5340	5408
5341	5409
5342	5410
5343	5411
5344	5412
5345	5413
5346	5414
5347	5415
5348	5416
5349	5417
5350	5418
5351	5419
5352	5420
5353	5421
5354	5422
5355	5423
5356	5424
5357	5425
5358	5426
5359	5427
5360	5428
5361	5429
5362	5430
5363	5431
5364	5432
5365	5433
5366	5434
5367	5435
5368	5436
5369	5437
5370	5438
5371	5439
5372	5440
5373	5441
5374	5442
5375	5443
5376	5444
5377	5445
5378	5446
5379	5447
5380	5448
5381	5449
5382	5450
5383	5451
5384	5452
5385	5453
5386	5454
5387	5455
5388	5456
5389	5457
5390	5458
5391	5459
5392	5460
5393	5461
5394	5462
5395	5463
5396	5464
5397	5465
5398	5466
5399	5467
5400	5468
5401	5469
5402	5470
5403	5471
5404	5472
5405	5473
5406	5474
5407	5475
5408	5476
5409	5477
5410	5478
5411	5479
5412	5480
5413	5481
5414	5482
5415	5483
5416	5484
5417	5485
5418	5486
5419	5487
5420	5488
5421	5489
5422	5490
5423	5491
5424	5492
5425	5493
5426	5494
5427	5495
5428	5496
5429	5497
5430	5498
5431	5499
5432	5500
5433	5501
5434	5502
5435	5503
5436	5504
5437	5505
5438	5506
5439	5507
5440	5508
5441	5509
5442	5510
5443	5511
5444	5512
5445	5513
5446	5514
5447	5515
5448	5516
5449	5517
5450	5518
5451	5519
5452	5520
5453	5521
5454	5522
5455	5523
5456	5524
5457	5525
5458	5526
5459	5527
5460	5528
5461	5529
5462	5530
5463	5531
5464	5532
5465	5533
5466	5534
5467	5535
5468	5536
5469	5537
5470	5538
5471	5539
5472	5540
5473	5541
5474	5542
5475	5543
5476	5544
5477	5545
5478	5546
5479	5547
5480	5548
5481	5549
5482	5550
5483	5551
5484	5552
5485	5553
5486	5554
5487	5555
5488	5556
5489	5557
5490	5558
5491	5559
5492	5560
5493	5561
5494	5562
5495	5563
5496	5564
5497	5565
5498	5566
5499	5567
5500	5568
5501	5569
5502	5570
5503	5571
5504	5572
5505	5573
5506	5574
5507	5575
5508	5576
5509	5577
5510	5578
5511	5579
5512	5580
5513	5581
5514	5582
5515	5583
5516	5584
5517	5585
5518	5586
5519	5587
5520	5588
5521	5589
5522	5590
5523	5591
5524	5592
5525	5593
5526	5594
5527	5595
5528	5596
5529	5597
5530	5598
5531	5599
5532	5600
5533	5601
5534	5602
5535	5603
5536	5604
5537	5605
5538	5606
5539	5607
5540	5608
5541	5609
5542	5610
5543	5611
5544	5612
5545	5613
5546	5614
5547	5615
5548	5616
5549	5617
5550	5618
5551	5619
5552	5620
5553	5621
5554	5622
5555	5623
5556	5624
5557	5625
5558	5626
5559	5627
5560	5628
5561	5629
5562	5630
5563	5631
5564	5632
5565	5633
5566	5634
5567	5635
5568	5636
5569	5637
5570	5638
5571	5639
5572	5640
5573	5641
5574	5642
5575	5643
5576	5644
5577	5645
5578	5646
5579	5647
5580	5648
5581	5649
5582	5650
5583	5651
5584	5652
5585	5653
5586	5654
5587	5655
5588	5656
5589	5657
5590	5658
5591	5659
5592	5660
5593	5661
5594	5662
5595	5663
5596	5664
5597	5665
5598	5666
5599	5667
5600	5668
5601	5669
5602	5670
5603	5671
5604	5672
5605	5673
5606	5674
5607	5675
5608	5676
5609	5677
5610	5678
5611	5679
5612	5680
5613	5681
5614	5682
5615	5683
5616	5684
5617	5685
5618	5686
5619	5687
5620	5688
5621	5689
5622	5690
5623	5691
5624	5692
5625	5693
5626	5694
5627	5695
5628	5696
5629	5697
5630	5698
5631	5699
5632	5700
5633	5701
5634	5702
5635	5703
5636	5704
5637	5705
5638	5706
5639	5707
5640	5708
5641	5709
5642	5710
5643	5711
5644	5712
5645	5713
5646	5714
5647	5715
5648	5716
5649	5717
5650	5718
5651	5719
5652	5720
5653	5721
5654	5722
5655	5723
5656	5724
5657	5725
5658	5726
5659	5727
5660	5728
5661	5729
5662	5730
5663	5731
5664	5732
5665	5733
5666	5734
5667	5735
5668	5736
5669	5737
5670	5738
5671	5739
5672	5740
5673	5741
5674	5742
5675	5743
5676	5744
5677	5745
5678	5746
5679	5747
5680	5748
5681	5749
5682	5750
5683	5751
5684	5752
5685	5753
5686	5754
5687	5755
5688	5756
5689	5757
5690	5758
5691	5759
5692	5760
5693	5761
5694	5762
5695	5763
5696	5764
5697	5765
5698	5766
5699	5767
5700	5768
5701	5769
5702	5770
5703	5771
5704	5772
5705	5773
5706	5774
5707	5775
5708	5776
5709	5777
5710	5778
5711	5779
5712	5780
5713	5781
5714	5782
5715	5783
5716	5784
5717	5785
5718	5786
5719	5787
5720	5788
5721	5789
5722	5790
5723	5791
5724	5792
5725	5793
5726	5794
5727	5795
5728	5796
5729	5797
5730	5798
5731	5799
5732	5800
5733	5801
5734	5802
5735	5803
5736	5804
5737	5805
5738	5806
5739	5807
5740	5808
5741	5809
5742	5810
5743	5811
5744	5812
5745	5813
5746	5814
5747	5815
5748	5816
5749	5817
5750	5818
5751	5819
5752	5820
5753	5821
5754	5822
5755	5823
5756	5824
5757	5825
5758	5826
5759	5827
5760	5828
5761	5829
5762	5830
5763	5831
5764	5832
5765	5833
5766	5834
5767	5835
5768	5836
5769	5837
5770	5838
5771	5839
5772	5840
5773	5841
5774	5842
5775	5843
5776	5844
5777	5845
5778	5846
5779	5847
5780	5848
5781	5849
5782	5850
5783	5851
5784	5852
5785	5853
5786	5854
5787	5855
5788	5856
5789	5857
5790	5858
5791	5859
5792	5860
5793	5861
5794	5862
5795	5863
5796	5864
5797	5865
5798	5866
5799	5867
5800	5868
5801	5869
5802	5870
5803	5871
5804	5872
5805	5873
5806	5874
5807	5875
5808	5876
5809	5877
5810	5878
5811	5879
5812	5880
5813	5881
5814	5882
5815	5883
5816	5884
5817	5885
5818	5886
5819	5887
5820	5888
5821	5889
5822	5890
5823	5891
5824	5892
5825	5893
5826	5894
5827	5895
5828	5896
5829	5897
5830	5898
5831	5899
5832	5900
5833	5901
5834	5902
5835	5903
5836	5904
5837	5905
5838	5906
5839	5907
5840	5908
5841	5909
5842	5910
5843	5911
5844	5912
5845	5913
5846	5914
5847	5915
5848	5916
5849	5917
5850	5918
5851	5919
5852	5920
5853	5921
5854	5922
5855	5923
5856	5924
5857	5925
5858	5926
5859	5927
5860	5928
5861	5929
5862	5930
5863	5931
5864	5932
5865	5933
5866	5934
5867	5935
5868	5936
5869	5937
5870	5938
5871	5939
5872	5940
5873	5941
5874	5942
5875	5943
5876	5944
5877	5945
5878	5946
5879	5947
5880	5948
5881	5949
5882	5950
5883	5951
5884	5952
5885	5953
5886	5954
5887	5955
5888	5956
5889	5957
5890	5958
5891	5959
5892	5960
5893	5961
5894	5962
5895	5963
5896	5964
5897	5965
5898	5966
5899	5967
5900	5968
5901	5969
5902	5970
5903	5971
5904	5972
5905	5973
5906	5974
5907	5975
5908	5976
5909	5977
5910	5978
5911	5979
5912	5980
5913	5981
5914	5982
5915	5983
5916	5984
5917	5985
5918	5986
5919	5987
5920	5988
5921	5989
5922	5990
5923	5991
5924	5992
5925	5993
5926	5994
5927	5995
5928	5996
5929	5997
5930	5998
5931	5999
5932	6000
5933	6001
5934	6002
5935	6003
5936	6004
5937	6005
5938	6006
5939	6007
5940	6008
5941	6009
5942	6010
5943	6011
5944	6012
5945	6013
5946	6014
5947	6015
5948	6016
5949	6017
5950	6018
5951	6019
5952	6020
5953	6021
5954	6022
5955	6023
5956	6024
5957	6025
5958	6026
5959	6027
5960	6028
5961	6029
5962	6030
5963	6031
5964	6032
5965	6033
5966	6034
5967	6035
5968	6036
5969	6037
5970	6038
5971	6039
5972	6040
5973	6041
5974	6042
5975	6043
5976	6044
5977	6045
5978	6046
5979	6047
5980	6048
5981	6049
5982	6050
5983	6051
5984	6052
5985	6053
5986	6054
5987	6055
5988	6056
5989	6057
5990	6058
5991	6059
5992	6060
5993	6061
5994	6062
5995	6063
5996	6064
5997	6065
5998	6066
5999	6067
6000	6068
6001	6069
6002	6070
6003	6071
6004	6072
6005	6073
6006	6074
6007	6075
6008	6076
6009	6077
6010	6078
6011	6079
6012	6080
6013	6081
6014	6082
6015	6083
6016	6084
6017	6085
6018	6086
6019	6087
6020	6088
6021	6089
6022	6090
6023	6091
6024	6092
6025	6093
6026	6094
6027	6095
6028	6096
6029	6097
6030	6098
6031	6099
6032	6100
6033	6101
6034	6102
6035	6103
6036	6104
6037	6105
6038	6106
6039	6107
6040	6108
6041	6109
6042	6110
6043	6111
6044	6112
6045	6113
6046	6114
6047	6115
6048	6116
6049	6117
6050	6118
6051	6119
6052	6120
6053	6121
6054	6122
6055	6123
6056	6124
6057	6125
6058	6126
6059	6127
6060	6128
6061	6129
6062	6130
6063	6131
6064	6132
6065	6133
6066	6134
6067	6135
6068	6136
6069	6137
6070	6138
6071	6139
6072	6140
6073	6141
6074	6142
6075	6143
6076	6144
6077	6145
6078	6146
6079	6147
6080	6148
6081	6149
6082	6150
6083	6151
6084	6152
6085	6153
6086	6154
6087	6155
6088	6156
6089	6157
6090	6158
6091	6159
6092	6160
6093	6161
6094	6162
6095	6163
6096	6164
6097	6165
6098	6166
6099	6167
6100	6168
6101	6169
6102	6170
6103	6171
6104	6172
6105	6173
6106	6174
6107	6175
6108	6176
6109	6177
6110	6178
6111	6179
6112	6180
6113	6181
6114	6182
6115	6183
6116	6184
6117	6185
6118	6186
6119	6187
6120	6188
6121	6189
6122	6190
6123	6191
6124	6192
6125	6193
6126	6194
6127	6195
6128	6196
6129	6197
6130	6198
6131	6199
6132	6200
6133	6201
6134	6202
6135	6203
6136	6204
6137	6205
6138	6206
6139	6207
6140	6208
6141	6209
6142	6210
6143	6211
6144	6212
6145	6213
6146	6214
6147	6215
6148	6216
6149	6217
6150	6218
6151	6219
6152	6220
6153	6221
6154	6222
6155	6223
6156	6224
6157	6225
6158	6226
6159	6227
6160	6228
6161	6229
6162	6230
6163	6231
6164	6232
6165	6233
6166	6234
6167	6235
6168	6236
6169	6237
6170	6238
6171	6239
6172	6240
6173	6241
6174	6242
6175	6243
6176	6244
6177	6245
6178	6246
6179	6247
6180	6248
6181	6249
6182	6250
6183	6251
6184	6252
6185	6253
6186	6254
6187	6255
6188	6256
6189	6257
6190	6258
6191	6259
6192	6260
6193	6261
6194	6262
6195	6263
6196	6264
6197	6265
6198	6266
6199	6267
6200	6268
6201	6269
6202	6270
6203	6271
6204	6272
6205	6273
6206	6274
6207	6275
6208	6276
6209	6277
6210	6278
6211	6279
6212	6280
6213	6281
6214	6282
6215	6283
6216	6284
6217	6285
6218	6286
6219	6287
6220	6288
6221	6289
6222	6290
6223	6291
6224	6292
6225	6293
6226	6294
6227	6295
6228	6296
6229	6297
6230	6298
6231	6299
6232	6300
6233	6301
6234	6302
6235	6303
6236	6304
6237	6305
6238	6306
6239	6307
6240	6308
6241	6309
6242	6310
6243	6311
6244	6312
6245	6313
6246	6314
6247	6315
6248	6316
6249	6317
6250	6318
6251	6319
6252	6320
6253	6321
6254	6322
6255	6323
6256	6324
6257	6325
6258	6326
6259	6327
6260	6328
6261	6329
6262	6330
6263	6331
6264	6332
6265	6333
6266	6334
6267	6335
6268	6336
6269	6337
6270	6338
6271	6339
6272	6340
6273	6341
6274	6342
6275	6343
6276	6344
6277	6345
6278	6346
6279	6347
6280	6348
6281	6349
6282	6350
6283	6351
6284	6352
6285	6353
6286	6354
6287	6355
6288	6356
6289	6357
6290	6358
6291	6359
6292	6360
6293	6361
6294	6362
6295	6363
6296	6364
6297	6365
6298	6366
6299	6367
6300	6368
6301	6369
6302	6370
6303	6371
6304	6372
6305	6373
6306	6374
6307	6375
6308	6376
6309	6377
6310	6378
6311	6379
6312	6380
6313	6381
6314	6382
6315	6383
6316	6384
6317	6385
6318	6386
6319	6387
6320	6388
6321	6389
6322	6390
6323	6391
6324	6392
6325	6393
6326	6394
6327	6395
6328	6396
6329	6397
6330	6398
6331	6399
6332	6400
6333	6401
6334	6402
6335	6403
6336	6404
6337	6405
6338	6406
6339	6407
6340	6408
6341	6409
6342	6410
6343	6411
6344	6412
6345	6413
6346	6414
6347	6415
6348	6416
6349	6417
6350	6418
6351	6419
6352	6420
6353	6421
6354	6422
6355	6423
6356	6424
6357	6425
6358	6426
6359	6427
6360	6428
6361	6429
6362	6430
6363	6431
6364	6432
6365	6433
6366	6434
6367	6435
6368	6436
6369	6437
6370	6438
6371	6439
6372	6440
6373	6441
6374	6442
6375	6443
6376	6444
6377	6445
6378	6446
6379	6447
6380	6448
6381	6449
6382	6450
6383	6451
6384	6452
6385	6453
6386	6454
6387	6455
6388	6456
6389	6457
6390	6458
6391	6459
6392	6460
6393	6461
6394	6462
6395	6463
6396	6464
6397	6465
6398	6466
6399	6467
6400	6468
6401	6469
6402	6470
6403	6471
6404	6472
6405	6473
6406	6474
6407	6475
6408	6476
6409	6477
6410	6478
6411	6479
6412	6480
6413	6481
6414	6482
6415	6483
6416	6484
6417	6485
6418	6486
6419	6487
6420	6488
6421	6489
6422	6490
6423	6491
6424	6492
6425	6493
6426	6494
6427	6495
6428	6496
6429	6497
6430	6498
6431	6499
6432	6500
6433	6501
6434	6502
6435	6503
6436	6504
6437	6505
6438	6506
6439	6507
6440	6508
6441	6509
6442	6510
6443	6511
6444	6512
6445	6513
6446	6514
6447	6515
6448	6516
6449	6517
6450	6518
6451	6519
6452	6520
6453	6521
6454	6522
6455	6523
6456	6524
6457	6525
6458	6526
6459	6527
6460	6528
6461	6529
6462	6530
6463	6531
6464	6532
6465	6533
6466	6534
6467	6535
6468	6536
6469	6537
6470	6538
6471	6539
6472	6540
6473	6541
6474	6542
6475	6543
6476	6544
6477	6545
6478	6546
6479	6547
6480	6548
6481	6549
6482	6550
6483	6551
6484	6552
6485	6553
6486	6554
6487	6555
6488	6556
6489	6557
6490	6558
6491	6559
6492	6560
6493	6561
6494	6562
6495	6563
6496	6564
6497	6565
6498	6566
6499	6567
6500	6568
6501	6569
6502	6570
6503	6571
6504	6572
6505	6573
6506	6574
6507	6575
6508	6576
6509	6577
6510	6578
6511	6579
6512	6580
6513	6581
6514	6582
6515	6583
6516	6584
6517	6585
6518	6586
6519	6587
6520	6588
6521	6589
6522	6590
6523	6591
6524	6592
6525	6593
6526	6594
6527	6595
6528	6596
6529	6597
6530	6598
6531	6599
6532	6600
6533	6601
6534	6602
6535	6603
6536	6604
6537	6605
6538	6606
6539	6607
6540	6608
6541	6609
6542	6610
6543	6611
6544	6612
6545	6613
6546	6614
6547	6615
6548	6616
6549	6617
6550	6618
6551	6619
6552	6620
6553	6621
6554	6622
6555	6623
6556	6624
6557	6625
6558	6626
6559	6627
6560	6628
6561	6629
6562	6630
6563	6631
6564	6632
6565	6633
6566	6634
6567	6635
6568	6636
6569	6637
6570	6638
6571	6639
6572	6640
6573	6641
6574	6642
6575	6643
6576	6644
6577	6645
6578	6646
6579	6647
6580	6648
6581	6649
6582	6650
6583	6651
6584	6652
6585	6653
6586	6654
6587	6655
6588	6656
6589	6657
6590	6658
6591	6659
6592	6660
6593	6661
6594	6662
6595	6663
6596	6664
6597	6665
6598	6666
6599	6667
6600	6668
6601	6669
6602	6670
6603	6671
6604	6672
6605	6673
6606	6674
6607	6675
6608	6676
6609	6677
6610	6678
6611	6679
6612	6680
6613	6681
6614	6682
6615	6683
6616	6684
6617	6685
6618	6686
6619	6687
6620	6688
6621	6689
6622	6690
6623	6691
6624	6692
6625	6693
6626	6694
6627	6695
6628	6696
6629	6697
6630	6698
6631	6699
6632	6700
6633	6701
6634	6702
6635	6703
6636	6704
6637	6705
6638	6706
6639	6707
6640	6708
6641	6709
6642	6710
6643	6711
6644	6712
6645	6713
6646	6714
6647	6715
6648	6716
6649	6717
6650	6718
6651	6719
6652	6720
6653	6721
6654	6722
6655	6723
6656	6724
6657	6725
6658	6726
6659	6727
6660	6728
6661	6729
6662	6730
6663	6731
6664	6732
6665	6733
6666	6734
6667	6735
6668	6736
6669	6737
6670	6738
6671	6739
6672	6740
6673	6741
6674	6742
6675	6743
6676	6744
6677	6745
6678	6746
6679	6747
6680	6748
6681	6749
6682	6750
6683	6751
6684	6752
6685	6753
6686	6754
6687	6755
6688	6756
6689	6757
6690	6758
6691	6759
6692	6760
6693	6761
6694	6762
6695	6763
6696	6764
6697	6765
6698	6766
6699	6767
6700	6768
6701	6769
6702	6770
6703	6771
6704	6772
6705	6773
6706	6774
6707	6775
6708	6776
6709	6777
6710	6778
6711	6779
6712	6780
6713	6781
6714	6782
6715	6783
6716	6784
6717	6785
6718	6786
6719	6787
6720	6788
6721	6789
6722	6790
6723	6791
6724	6792
6725	6793
6726	6794
6727	6795
6728	6796
6729	6797
6730	6798
6731	6799
6732	6800
6733	6801
6734	6802
6735	6803
6736	6804
6737	6805
6738	6806
6739	6807
6740	6808
6741	6809
6742	6810
6743	6811
6744	6812
6745	6813
6746	6814
6747	6815
6748	6816
6749	6817
6750	6818
6751	6819
6752	6820
6753	6821
6754	6822
6755	6823
6756	6824
6757	6825
6758	6826
6759	6827
6760	6828
6761	6829
6762	6830
6763	6831
6764	6832
6765	6833
6766	6834
6767	6835
6768	6836
6769	6837
6770	6838
6771	6839
6772	6840
6773	6841
6774	6842
6775	6843
6776	6844
6777	6845
6778	6846
6779	6847
6780	6848
6781	6849
6782	6850
6783	6851
6784	6852
6785	6853
6786	6854
6787	6855
6788	6856
6789	6857
6790	6858
6791	6859
6792	6860
6793	6861
6794	6862
6795	6863
6796	6864
6797	6865
6798	6866
6799	6867
6800	6868
6801	6869
6802	6870
6803	6871
6804	6872
6805	6873
6806	6874
6807	6875
6808	6876
6809	6877
6810	6878
6811	6879
6812	6880
6813	6881
6814	6882
6815	6883
6816	6884
6817	6885
6818	6886
6819	6887
6820	6888
6821	6889
6822	6890
6823	6891
6824	6892
6825	6893
6826	6894
6827	6895
6828	6896
6829	6897
6830	6898
6831	6899
6832	6900
6833	6901
6834	6902
6835	6903
6836	6904
6837	6905
6838	6906
6839	6907
6840	6908
6841	6909
6842	6910
6843	6911
6844	6912
6845	6913
6846	6914
6847	6915
6848	6916
6849	6917
6850	6918
6851	6919
6852	6920
6853	6921
6854	6922
6855	6923
6856	6924
6857	6925
6858	6926
6859	6927
6860	6928
6861	6929
6862	6930
6863	6931
6864	6932
6865	6933
6866	6934
6867	6935
6868	6936
6869	6937
6870	6938
6871	6939
6872	6940
6873	6941
6874	6942
6875	6943
6876	6944
6877	6945
6878	6946
6879	6947
6880	6948
6881	6949
6882	6950
6883	6951
6884	6952
6885	6953
6886	6954
6887	6955
6888	6956
6889	6957
6890	6958
6891	6959
6892	6960
6893	6961
6894	6962
6895	6963
6896	6964
6897	6965
6898	6966
6899	6967
6900	6968
6901	6969
6902	6970
6903	6971
6904	6972
6905	6973
6906	6974
6907	6975
6908	6976
6909	6977
6910	6978
6911	6979
6912	6980
6913	6981
6914	6982
6915	6983
6916	6984
6917	6985
6918	6986
6919	6987
6920	6988
6921	6989
6922	6990
6923	6991
6924	6992
6925	6993
6926	6994
6927	6995
6928	6996
6929	6997
6930	6998
6931	6999
6932	7000
6933	7001
6934	7002
6935	7003
6936	7004
6937	7005
6938	7006
6939	7007
6940	7008
6941	7009
6942	7010
6943	7011
6944	7012
6945	7013
6946	7014
6947	7015
6948	7016
6949	7017
6950	7018
6951	7019
6952	7020
6953	7021
6954	7022
6955	7023
6956	7024
6957	7025
6958	7026
6959	7027
6960	7028
6961	7029
6962	7030
6963	7031
6964	7032
6965	7033
6966	7034
6967	7035
6968	7036
6969	7037
6970	7038
6971	7039
6972	7040
6973	7041
6974	7042
6975	7043
6976	7044
6977	7045
6978	7046
6979	7047
6980	7048
6981	7049
6982	7050
6983	7051
6984	7052
6985	7053
6986	7054
6987	7055
6988	7056
6989	7057
6990	7058
6991	7059
6992	7060
6993	7061
6994	7062
6995	7063
6996	7064
6997	7065
6998	7066
6999	7067
7000	7068
7001	7069
7002	7070
7003	7071
7004	7072
7005	7073
7006	7074
7007	7075
7008	7076
7009	7077
7010	7078
7011	7079
7012	7080
7013	7081
7014	7082
7015	7083
7016	7084
7017	7085
7018	7086
7019	7087
7020	7088
7021	7089
7022	7090
7023	7091
7024	7092
7025	7093
7026	7094
7027	7095
7028	7096
