1	63
2	64
3	65
4	66
5	67
6	68
7	69
8	70
9	71
10	72
11	73
12	74
13	75
14	76
15	77
16	78
17	79
18	80
19	81
20	82
21	83
22	84
23	85
24	86
25	87
26	88
27	89
28	90
29	91
30	92
31	93
32	94
33	95
34	96
35	97
36	98
37	99
38	100
39	101
40	102
41	103
42	104
43	105
44	106
45	107
46	108
47	109
48	110
49	111
50	112
51	113
52	114
53	115
54	116
55	117
56	118
57	119
58	120
59	121
60	122
61	123
62	124
63	125
64	126
65	127
66	128
67	129
68	130
69	131
70	132
71	133
72	134
73	135
74	136
75	137
76	138
77	139
78	140
79	141
80	142
81	143
82	144
83	145
84	146
85	147
86	148
87	149
88	150
89	151
90	152
91	153
92	154
93	155
94	156
95	157
96	158
97	159
98	160
99	161
100	162
101	163
102	164
103	165
104	166
105	167
106	168
107	169
108	170
109	171
110	172
111	173
112	174
113	175
114	176
115	177
116	178
117	179
118	180
119	181
120	182
121	183
122	184
123	185
124	186
125	187
126	188
127	189
128	190
129	191
130	192
131	193
132	194
133	195
134	196
135	197
136	198
137	199
138	200
139	201
140	202
141	203
142	204
143	205
144	206
145	207
146	208
147	209
148	210
149	211
150	212
151	213
152	214
153	215
154	216
155	217
156	218
157	219
158	220
159	221
160	222
161	223
162	224
163	225
164	226
165	227
166	228
167	229
168	230
169	231
170	232
171	233
172	234
173	235
174	236
175	237
176	238
177	239
178	240
179	241
180	242
181	243
182	244
183	245
184	246
185	247
186	248
187	249
188	250
189	251
190	252
191	253
192	254
193	255
194	256
195	257
196	258
197	259
198	260
199	261
200	262
201	263
202	264
203	265
204	266
205	267
206	268
207	269
208	270
209	271
210	272
211	273
212	274
213	275
214	276
215	277
216	278
217	279
218	280
219	281
220	282
221	283
222	284
223	285
224	286
225	287
226	288
227	289
228	290
229	291
230	292
231	293
232	294
233	295
234	296
235	297
236	298
237	299
238	300
239	301
240	302
241	303
242	304
243	305
244	306
245	307
246	308
247	309
248	310
249	311
250	312
251	313
252	314
253	315
254	316
255	317
256	318
257	319
258	320
259	321
260	322
261	323
262	324
263	325
264	326
265	327
266	328
267	329
268	330
269	331
270	332
271	333
272	334
273	335
274	336
275	337
276	338
277	339
278	340
279	341
280	342
281	343
282	344
283	345
284	346
285	347
286	348
287	349
288	350
289	351
290	352
291	353
292	354
293	355
294	356
295	357
296	358
297	359
298	360
299	361
300	362
301	363
302	364
303	365
304	366
305	367
306	368
307	369
308	370
309	371
310	372
311	373
312	374
313	375
314	376
315	377
316	378
317	379
318	380
319	381
320	382
321	383
322	384
323	385
324	386
325	387
326	388
327	389
328	390
329	391
330	392
331	393
332	394
333	395
334	396
335	397
336	398
337	399
338	400
339	401
340	402
341	403
342	404
343	405
344	406
345	407
346	408
347	409
348	410
349	411
350	412
351	413
352	414
353	415
354	416
355	417
356	418
357	419
358	420
359	421
360	422
361	423
362	424
363	425
364	426
365	427
366	428
367	429
368	430
369	431
370	432
371	433
372	434
373	435
374	436
375	437
376	438
377	439
378	440
379	441
380	442
381	443
382	444
383	445
384	446
385	447
386	448
387	449
388	450
389	451
390	452
391	453
392	454
393	455
394	456
395	457
396	458
397	459
398	460
399	461
400	462
401	463
402	464
403	465
404	466
405	467
406	468
407	469
408	470
409	471
410	472
411	473
412	474
413	475
414	476
415	477
416	478
417	479
418	480
419	481
420	482
421	483
422	484
423	485
424	486
425	487
426	488
427	489
428	490
429	491
430	492
431	493
432	494
433	495
434	496
435	497
436	498
437	499
438	500
439	501
440	502
441	503
442	504
443	505
444	506
445	507
446	508
447	509
448	510
449	511
450	512
451	513
452	514
453	515
454	516
455	517
456	518
457	519
458	520
459	521
460	522
461	523
462	524
463	525
464	526
465	527
466	528
467	529
468	530
469	531
470	532
471	533
472	534
473	535
474	536
475	537
476	538
477	539
478	540
479	541
480	542
481	543
482	544
483	545
484	546
485	547
486	548
487	549
488	550
489	551
490	552
491	553
492	554
493	555
494	556
495	557
496	558
497	559
498	560
499	561
500	562
501	563
502	564
503	565
504	566
505	567
506	568
507	569
508	570
509	571
510	572
511	573
512	574
513	575
514	576
515	577
516	578
517	579
518	580
519	581
520	582
521	583
522	584
523	585
524	586
525	587
526	588
527	589
528	590
529	591
530	592
531	593
532	594
533	595
534	596
535	597
536	598
537	599
538	600
539	601
540	602
541	603
542	604
543	605
544	606
545	607
546	608
547	609
548	610
549	611
550	612
551	613
552	614
553	615
554	616
555	617
556	618
557	619
558	620
559	621
560	622
561	623
562	624
563	625
564	626
565	627
566	628
567	629
568	630
569	631
570	632
571	633
572	634
573	635
574	636
575	637
576	638
577	639
578	640
579	641
580	642
581	643
582	644
583	645
584	646
585	647
586	648
587	649
588	650
589	651
590	652
591	653
592	654
593	655
594	656
595	657
596	658
597	659
598	660
599	661
600	662
601	663
602	664
603	665
604	666
605	667
606	668
607	669
608	670
609	671
610	672
611	673
612	674
613	675
614	676
615	677
616	678
617	679
618	680
619	681
620	682
621	683
622	684
623	685
624	686
625	687
626	688
627	689
628	690
629	691
630	692
631	693
632	694
633	695
634	696
635	697
636	698
637	699
638	700
639	701
640	702
641	703
642	704
643	705
644	706
645	707
646	708
647	709
648	710
649	711
650	712
651	713
652	714
653	715
654	716
655	717
656	718
657	719
658	720
659	721
660	722
661	723
662	724
663	725
664	726
665	727
666	728
667	729
668	730
669	731
670	732
671	733
672	734
673	735
674	736
675	737
676	738
677	739
678	740
679	741
680	742
681	743
682	744
683	745
684	746
685	747
686	748
687	749
688	750
689	751
690	752
691	753
692	754
693	755
694	756
695	757
696	758
697	759
698	760
699	761
700	762
701	763
702	764
703	765
704	766
705	767
706	768
707	769
708	770
709	771
710	772
711	773
712	774
713	775
714	776
715	777
716	778
717	779
718	780
719	781
720	782
721	783
722	784
723	785
724	786
725	787
726	788
727	789
728	790
729	791
730	792
731	793
732	794
733	795
734	796
735	797
736	798
737	799
738	800
739	801
740	802
741	803
742	804
743	805
744	806
745	807
746	808
747	809
748	810
749	811
750	812
751	813
752	814
753	815
754	816
755	817
756	818
757	819
758	820
759	821
760	822
761	823
762	824
763	825
764	826
765	827
766	828
767	829
768	830
769	831
770	832
771	833
772	834
773	835
774	836
775	837
776	838
777	839
778	840
779	841
780	842
781	843
782	844
783	845
784	846
785	847
786	848
787	849
788	850
789	851
790	852
791	853
792	854
793	855
794	856
795	857
796	858
797	859
798	860
799	861
800	862
801	863
802	864
803	865
804	866
805	867
806	868
807	869
808	870
809	871
810	872
811	873
812	874
813	875
814	876
815	877
816	878
817	879
818	880
819	881
820	882
821	883
822	884
823	885
824	886
825	887
826	888
827	889
828	890
829	891
830	892
831	893
832	894
833	895
834	896
835	897
836	898
837	899
838	900
839	901
840	902
841	903
842	904
843	905
844	906
845	907
846	908
847	909
848	910
849	911
850	912
851	913
852	914
853	915
854	916
855	917
856	918
857	919
858	920
859	921
860	922
861	923
862	924
863	925
864	926
865	927
866	928
867	929
868	930
869	931
870	932
871	933
872	934
873	935
874	936
875	937
876	938
877	939
878	940
879	941
880	942
881	943
882	944
883	945
884	946
885	947
886	948
887	949
888	950
889	951
890	952
891	953
892	954
893	955
894	956
895	957
896	958
897	959
898	960
899	961
900	962
901	963
902	964
903	965
904	966
905	967
906	968
907	969
908	970
909	971
910	972
911	973
912	974
913	975
914	976
915	977
916	978
917	979
918	980
919	981
920	982
921	983
922	984
923	985
924	986
925	987
926	988
927	989
928	990
929	991
930	992
931	993
932	994
933	995
934	996
935	997
936	998
937	999
938	1000
939	1001
940	1002
941	1003
942	1004
943	1005
944	1006
945	1007
946	1008
947	1009
948	1010
949	1011
950	1012
951	1013
952	1014
953	1015
954	1016
955	1017
956	1018
957	1019
958	1020
959	1021
960	1022
961	1023
962	1024
963	1025
964	1026
965	1027
966	1028
967	1029
968	1030
969	1031
970	1032
971	1033
972	1034
973	1035
974	1036
975	1037
976	1038
977	1039
978	1040
979	1041
980	1042
981	1043
982	1044
983	1045
984	1046
985	1047
986	1048
987	1049
988	1050
989	1051
990	1052
991	1053
992	1054
993	1055
994	1056
995	1057
996	1058
997	1059
998	1060
999	1061
1000	1062
1001	1063
1002	1064
1003	1065
1004	1066
1005	1067
1006	1068
1007	1069
1008	1070
1009	1071
1010	1072
1011	1073
1012	1074
1013	1075
1014	1076
1015	1077
1016	1078
1017	1079
1018	1080
1019	1081
1020	1082
1021	1083
1022	1084
1023	1085
1024	1086
1025	1087
1026	1088
1027	1089
1028	1090
1029	1091
1030	1092
1031	1093
1032	1094
1033	1095
1034	1096
1035	1097
1036	1098
1037	1099
1038	1100
1039	1101
1040	1102
1041	1103
1042	1104
1043	1105
1044	1106
1045	1107
1046	1108
1047	1109
1048	1110
1049	1111
1050	1112
1051	1113
1052	1114
1053	1115
1054	1116
1055	1117
1056	1118
1057	1119
1058	1120
1059	1121
1060	1122
1061	1123
1062	1124
1063	1125
1064	1126
1065	1127
1066	1128
1067	1129
1068	1130
1069	1131
1070	1132
1071	1133
1072	1134
1073	1135
1074	1136
1075	1137
1076	1138
1077	1139
1078	1140
1079	1141
1080	1142
1081	1143
1082	1144
1083	1145
1084	1146
1085	1147
1086	1148
1087	1149
1088	1150
1089	1151
1090	1152
1091	1153
1092	1154
1093	1155
1094	1156
1095	1157
1096	1158
1097	1159
1098	1160
1099	1161
1100	1162
1101	1163
1102	1164
1103	1165
1104	1166
1105	1167
1106	1168
1107	1169
1108	1170
1109	1171
1110	1172
1111	1173
1112	1174
1113	1175
1114	1176
1115	1177
1116	1178
1117	1179
1118	1180
1119	1181
1120	1182
1121	1183
1122	1184
1123	1185
1124	1186
1125	1187
1126	1188
1127	1189
1128	1190
1129	1191
1130	1192
1131	1193
1132	1194
1133	1195
1134	1196
1135	1197
1136	1198
1137	1199
1138	1200
1139	1201
1140	1202
1141	1203
1142	1204
1143	1205
1144	1206
1145	1207
1146	1208
1147	1209
1148	1210
1149	1211
1150	1212
1151	1213
1152	1214
1153	1215
1154	1216
1155	1217
1156	1218
1157	1219
1158	1220
1159	1221
1160	1222
1161	1223
1162	1224
1163	1225
1164	1226
1165	1227
1166	1228
1167	1229
1168	1230
1169	1231
1170	1232
1171	1233
1172	1234
1173	1235
1174	1236
1175	1237
1176	1238
1177	1239
1178	1240
1179	1241
1180	1242
1181	1243
1182	1244
1183	1245
1184	1246
1185	1247
1186	1248
1187	1249
1188	1250
1189	1251
1190	1252
1191	1253
1192	1254
1193	1255
1194	1256
1195	1257
1196	1258
1197	1259
1198	1260
1199	1261
1200	1262
1201	1263
1202	1264
1203	1265
1204	1266
1205	1267
1206	1268
1207	1269
1208	1270
1209	1271
1210	1272
1211	1273
1212	1274
1213	1275
1214	1276
1215	1277
1216	1278
1217	1279
1218	1280
1219	1281
1220	1282
1221	1283
1222	1284
1223	1285
1224	1286
1225	1287
1226	1288
1227	1289
1228	1290
1229	1291
1230	1292
1231	1293
1232	1294
1233	1295
1234	1296
1235	1297
1236	1298
1237	1299
1238	1300
1239	1301
1240	1302
1241	1303
1242	1304
1243	1305
1244	1306
1245	1307
1246	1308
1247	1309
1248	1310
1249	1311
1250	1312
1251	1313
1252	1314
1253	1315
1254	1316
1255	1317
1256	1318
1257	1319
1258	1320
1259	1321
1260	1322
1261	1323
1262	1324
1263	1325
1264	1326
1265	1327
1266	1328
1267	1329
1268	1330
1269	1331
1270	1332
1271	1333
1272	1334
1273	1335
1274	1336
1275	1337
1276	1338
1277	1339
1278	1340
1279	1341
1280	1342
1281	1343
1282	1344
1283	1345
1284	1346
1285	1347
1286	1348
1287	1349
1288	1350
1289	1351
1290	1352
1291	1353
1292	1354
1293	1355
1294	1356
1295	1357
1296	1358
1297	1359
1298	1360
1299	1361
1300	1362
1301	1363
1302	1364
1303	1365
1304	1366
1305	1367
1306	1368
1307	1369
1308	1370
1309	1371
1310	1372
1311	1373
1312	1374
1313	1375
1314	1376
1315	1377
1316	1378
1317	1379
1318	1380
1319	1381
1320	1382
1321	1383
1322	1384
1323	1385
1324	1386
1325	1387
1326	1388
1327	1389
1328	1390
1329	1391
1330	1392
1331	1393
1332	1394
1333	1395
1334	1396
1335	1397
1336	1398
1337	1399
1338	1400
1339	1401
1340	1402
1341	1403
1342	1404
1343	1405
1344	1406
1345	1407
1346	1408
1347	1409
1348	1410
1349	1411
1350	1412
1351	1413
1352	1414
1353	1415
1354	1416
1355	1417
1356	1418
1357	1419
1358	1420
1359	1421
1360	1422
1361	1423
1362	1424
1363	1425
1364	1426
1365	1427
1366	1428
1367	1429
1368	1430
1369	1431
1370	1432
1371	1433
1372	1434
1373	1435
1374	1436
1375	1437
1376	1438
1377	1439
1378	1440
1379	1441
1380	1442
1381	1443
1382	1444
1383	1445
1384	1446
1385	1447
1386	1448
1387	1449
1388	1450
1389	1451
1390	1452
1391	1453
1392	1454
1393	1455
1394	1456
1395	1457
1396	1458
1397	1459
1398	1460
1399	1461
1400	1462
1401	1463
1402	1464
1403	1465
1404	1466
1405	1467
1406	1468
1407	1469
1408	1470
1409	1471
1410	1472
1411	1473
1412	1474
1413	1475
1414	1476
1415	1477
1416	1478
1417	1479
1418	1480
1419	1481
1420	1482
1421	1483
1422	1484
1423	1485
1424	1486
1425	1487
1426	1488
1427	1489
1428	1490
1429	1491
1430	1492
1431	1493
1432	1494
1433	1495
1434	1496
1435	1497
1436	1498
1437	1499
1438	1500
1439	1501
1440	1502
1441	1503
1442	1504
1443	1505
1444	1506
1445	1507
1446	1508
1447	1509
1448	1510
1449	1511
1450	1512
1451	1513
1452	1514
1453	1515
1454	1516
1455	1517
1456	1518
1457	1519
1458	1520
1459	1521
1460	1522
1461	1523
1462	1524
1463	1525
1464	1526
1465	1527
1466	1528
1467	1529
1468	1530
1469	1531
1470	1532
1471	1533
1472	1534
1473	1535
1474	1536
1475	1537
1476	1538
1477	1539
1478	1540
1479	1541
1480	1542
1481	1543
1482	1544
1483	1545
1484	1546
1485	1547
1486	1548
1487	1549
1488	1550
1489	1551
1490	1552
1491	1553
1492	1554
1493	1555
1494	1556
1495	1557
1496	1558
1497	1559
1498	1560
1499	1561
1500	1562
1501	1563
1502	1564
1503	1565
1504	1566
1505	1567
1506	1568
1507	1569
1508	1570
1509	1571
1510	1572
1511	1573
1512	1574
1513	1575
1514	1576
1515	1577
1516	1578
1517	1579
1518	1580
1519	1581
1520	1582
1521	1583
1522	1584
1523	1585
1524	1586
1525	1587
1526	1588
1527	1589
1528	1590
1529	1591
1530	1592
1531	1593
1532	1594
1533	1595
1534	1596
1535	1597
1536	1598
1537	1599
1538	1600
1539	1601
1540	1602
1541	1603
1542	1604
1543	1605
1544	1606
1545	1607
1546	1608
1547	1609
1548	1610
1549	1611
1550	1612
1551	1613
1552	1614
1553	1615
1554	1616
1555	1617
1556	1618
1557	1619
1558	1620
1559	1621
1560	1622
1561	1623
1562	1624
1563	1625
1564	1626
1565	1627
1566	1628
1567	1629
1568	1630
1569	1631
1570	1632
1571	1633
1572	1634
1573	1635
1574	1636
1575	1637
1576	1638
1577	1639
1578	1640
1579	1641
1580	1642
1581	1643
1582	1644
1583	1645
1584	1646
1585	1647
1586	1648
1587	1649
1588	1650
1589	1651
1590	1652
1591	1653
1592	1654
1593	1655
1594	1656
1595	1657
1596	1658
1597	1659
1598	1660
1599	1661
1600	1662
1601	1663
1602	1664
1603	1665
1604	1666
1605	1667
1606	1668
1607	1669
1608	1670
1609	1671
1610	1672
1611	1673
1612	1674
1613	1675
1614	1676
1615	1677
1616	1678
1617	1679
1618	1680
1619	1681
1620	1682
1621	1683
1622	1684
1623	1685
1624	1686
1625	1687
1626	1688
1627	1689
1628	1690
1629	1691
1630	1692
1631	1693
1632	1694
1633	1695
1634	1696
1635	1697
1636	1698
1637	1699
1638	1700
1639	1701
1640	1702
1641	1703
1642	1704
1643	1705
1644	1706
1645	1707
1646	1708
1647	1709
1648	1710
1649	1711
1650	1712
1651	1713
1652	1714
1653	1715
1654	1716
1655	1717
1656	1718
1657	1719
1658	1720
1659	1721
1660	1722
1661	1723
1662	1724
1663	1725
1664	1726
1665	1727
1666	1728
1667	1729
1668	1730
1669	1731
1670	1732
1671	1733
1672	1734
1673	1735
1674	1736
1675	1737
1676	1738
1677	1739
1678	1740
1679	1741
1680	1742
1681	1743
1682	1744
1683	1745
1684	1746
1685	1747
1686	1748
1687	1749
1688	1750
1689	1751
1690	1752
1691	1753
1692	1754
1693	1755
1694	1756
1695	1757
1696	1758
1697	1759
1698	1760
1699	1761
1700	1762
1701	1763
1702	1764
1703	1765
1704	1766
1705	1767
1706	1768
1707	1769
1708	1770
1709	1771
1710	1772
1711	1773
1712	1774
1713	1775
1714	1776
1715	1777
1716	1778
1717	1779
1718	1780
1719	1781
1720	1782
1721	1783
1722	1784
1723	1785
1724	1786
1725	1787
1726	1788
1727	1789
1728	1790
1729	1791
1730	1792
1731	1793
1732	1794
1733	1795
1734	1796
1735	1797
1736	1798
1737	1799
1738	1800
1739	1801
1740	1802
1741	1803
1742	1804
1743	1805
1744	1806
1745	1807
1746	1808
1747	1809
1748	1810
1749	1811
1750	1812
1751	1813
1752	1814
1753	1815
1754	1816
1755	1817
1756	1818
1757	1819
1758	1820
1759	1821
1760	1822
1761	1823
1762	1824
1763	1825
1764	1826
1765	1827
1766	1828
1767	1829
1768	1830
1769	1831
1770	1832
1771	1833
1772	1834
1773	1835
1774	1836
1775	1837
1776	1838
1777	1839
1778	1840
1779	1841
1780	1842
1781	1843
1782	1844
1783	1845
1784	1846
1785	1847
1786	1848
1787	1849
1788	1850
1789	1851
1790	1852
1791	1853
1792	1854
1793	1855
1794	1856
1795	1857
1796	1858
1797	1859
1798	1860
1799	1861
1800	1862
1801	1863
1802	1864
1803	1865
1804	1866
1805	1867
1806	1868
1807	1869
1808	1870
1809	1871
1810	1872
1811	1873
1812	1874
1813	1875
1814	1876
1815	1877
1816	1878
1817	1879
1818	1880
1819	1881
1820	1882
1821	1883
1822	1884
1823	1885
1824	1886
1825	1887
1826	1888
1827	1889
1828	1890
1829	1891
1830	1892
1831	1893
1832	1894
1833	1895
1834	1896
1835	1897
1836	1898
1837	1899
1838	1900
1839	1901
1840	1902
1841	1903
1842	1904
1843	1905
1844	1906
1845	1907
1846	1908
1847	1909
1848	1910
1849	1911
1850	1912
1851	1913
1852	1914
1853	1915
1854	1916
1855	1917
1856	1918
1857	1919
1858	1920
1859	1921
1860	1922
1861	1923
1862	1924
1863	1925
1864	1926
1865	1927
1866	1928
1867	1929
1868	1930
1869	1931
1870	1932
1871	1933
1872	1934
1873	1935
1874	1936
1875	1937
1876	1938
1877	1939
1878	1940
1879	1941
1880	1942
1881	1943
1882	1944
1883	1945
1884	1946
1885	1947
1886	1948
1887	1949
1888	1950
1889	1951
1890	1952
1891	1953
1892	1954
1893	1955
1894	1956
1895	1957
1896	1958
1897	1959
1898	1960
1899	1961
1900	1962
1901	1963
1902	1964
1903	1965
1904	1966
1905	1967
1906	1968
1907	1969
1908	1970
1909	1971
1910	1972
1911	1973
1912	1974
1913	1975
1914	1976
1915	1977
1916	1978
1917	1979
1918	1980
1919	1981
1920	1982
1921	1983
1922	1984
1923	1985
1924	1986
1925	1987
1926	1988
1927	1989
1928	1990
1929	1991
1930	1992
1931	1993
1932	1994
1933	1995
1934	1996
1935	1997
1936	1998
1937	1999
1938	2000
1939	2001
1940	2002
1941	2003
1942	2004
1943	2005
1944	2006
1945	2007
1946	2008
1947	2009
1948	2010
1949	2011
1950	2012
1951	2013
1952	2014
1953	2015
1954	2016
1955	2017
1956	2018
1957	2019
1958	2020
1959	2021
1960	2022
1961	2023
1962	2024
1963	2025
1964	2026
1965	2027
1966	2028
1967	2029
1968	2030
1969	2031
1970	2032
1971	2033
1972	2034
1973	2035
1974	2036
1975	2037
1976	2038
1977	2039
1978	2040
1979	2041
1980	2042
1981	2043
1982	2044
1983	2045
1984	2046
1985	2047
1986	2048
1987	2049
1988	2050
1989	2051
1990	2052
1991	2053
1992	2054
1993	2055
1994	2056
1995	2057
1996	2058
1997	2059
1998	2060
1999	2061
2000	2062
2001	2063
2002	2064
2003	2065
2004	2066
2005	2067
2006	2068
2007	2069
2008	2070
2009	2071
2010	2072
2011	2073
2012	2074
2013	2075
2014	2076
2015	2077
2016	2078
2017	2079
2018	2080
2019	2081
2020	2082
2021	2083
2022	2084
2023	2085
2024	2086
2025	2087
2026	2088
2027	2089
2028	2090
2029	2091
2030	2092
2031	2093
2032	2094
2033	2095
2034	2096
2035	2097
2036	2098
2037	2099
2038	2100
2039	2101
2040	2102
2041	2103
2042	2104
2043	2105
2044	2106
2045	2107
2046	2108
2047	2109
2048	2110
2049	2111
2050	2112
2051	2113
2052	2114
2053	2115
2054	2116
2055	2117
2056	2118
2057	2119
2058	2120
2059	2121
2060	2122
2061	2123
2062	2124
2063	2125
2064	2126
2065	2127
2066	2128
2067	2129
2068	2130
2069	2131
2070	2132
2071	2133
2072	2134
2073	2135
2074	2136
2075	2137
2076	2138
2077	2139
2078	2140
2079	2141
2080	2142
2081	2143
2082	2144
2083	2145
2084	2146
2085	2147
2086	2148
2087	2149
2088	2150
2089	2151
2090	2152
2091	2153
2092	2154
2093	2155
2094	2156
2095	2157
2096	2158
2097	2159
2098	2160
2099	2161
2100	2162
2101	2163
2102	2164
2103	2165
2104	2166
2105	2167
2106	2168
2107	2169
2108	2170
2109	2171
2110	2172
2111	2173
2112	2174
2113	2175
2114	2176
2115	2177
2116	2178
2117	2179
2118	2180
2119	2181
2120	2182
2121	2183
2122	2184
2123	2185
2124	2186
2125	2187
2126	2188
2127	2189
2128	2190
2129	2191
2130	2192
2131	2193
2132	2194
2133	2195
2134	2196
2135	2197
2136	2198
2137	2199
2138	2200
2139	2201
2140	2202
2141	2203
2142	2204
2143	2205
2144	2206
2145	2207
2146	2208
2147	2209
2148	2210
2149	2211
2150	2212
2151	2213
2152	2214
2153	2215
2154	2216
2155	2217
2156	2218
2157	2219
2158	2220
2159	2221
2160	2222
2161	2223
2162	2224
2163	2225
2164	2226
2165	2227
2166	2228
2167	2229
2168	2230
2169	2231
2170	2232
2171	2233
2172	2234
2173	2235
2174	2236
2175	2237
2176	2238
2177	2239
2178	2240
2179	2241
2180	2242
2181	2243
2182	2244
2183	2245
2184	2246
2185	2247
2186	2248
2187	2249
2188	2250
2189	2251
2190	2252
2191	2253
2192	2254
2193	2255
2194	2256
2195	2257
2196	2258
2197	2259
2198	2260
2199	2261
2200	2262
2201	2263
2202	2264
2203	2265
2204	2266
2205	2267
2206	2268
2207	2269
2208	2270
2209	2271
2210	2272
2211	2273
2212	2274
2213	2275
2214	2276
2215	2277
2216	2278
2217	2279
2218	2280
2219	2281
2220	2282
2221	2283
2222	2284
2223	2285
2224	2286
2225	2287
2226	2288
2227	2289
2228	2290
2229	2291
2230	2292
2231	2293
2232	2294
2233	2295
2234	2296
2235	2297
2236	2298
2237	2299
2238	2300
2239	2301
2240	2302
2241	2303
2242	2304
2243	2305
2244	2306
2245	2307
2246	2308
2247	2309
2248	2310
2249	2311
2250	2312
2251	2313
2252	2314
2253	2315
2254	2316
2255	2317
2256	2318
2257	2319
2258	2320
2259	2321
2260	2322
2261	2323
2262	2324
2263	2325
2264	2326
2265	2327
2266	2328
2267	2329
2268	2330
2269	2331
2270	2332
2271	2333
2272	2334
2273	2335
2274	2336
2275	2337
2276	2338
2277	2339
2278	2340
2279	2341
2280	2342
2281	2343
2282	2344
2283	2345
2284	2346
2285	2347
2286	2348
2287	2349
2288	2350
2289	2351
2290	2352
2291	2353
2292	2354
2293	2355
2294	2356
2295	2357
2296	2358
2297	2359
2298	2360
2299	2361
2300	2362
2301	2363
2302	2364
2303	2365
2304	2366
2305	2367
2306	2368
2307	2369
2308	2370
2309	2371
2310	2372
2311	2373
2312	2374
2313	2375
2314	2376
2315	2377
2316	2378
2317	2379
2318	2380
2319	2381
2320	2382
2321	2383
2322	2384
2323	2385
2324	2386
2325	2387
2326	2388
2327	2389
2328	2390
2329	2391
2330	2392
2331	2393
2332	2394
2333	2395
2334	2396
2335	2397
2336	2398
2337	2399
2338	2400
2339	2401
2340	2402
2341	2403
2342	2404
2343	2405
2344	2406
2345	2407
2346	2408
2347	2409
2348	2410
2349	2411
2350	2412
2351	2413
2352	2414
2353	2415
2354	2416
2355	2417
2356	2418
2357	2419
2358	2420
2359	2421
2360	2422
2361	2423
2362	2424
2363	2425
2364	2426
2365	2427
2366	2428
2367	2429
2368	2430
2369	2431
2370	2432
2371	2433
2372	2434
2373	2435
2374	2436
2375	2437
2376	2438
2377	2439
2378	2440
2379	2441
2380	2442
2381	2443
2382	2444
2383	2445
2384	2446
2385	2447
2386	2448
2387	2449
2388	2450
2389	2451
2390	2452
2391	2453
2392	2454
2393	2455
2394	2456
2395	2457
2396	2458
2397	2459
2398	2460
2399	2461
2400	2462
2401	2463
2402	2464
2403	2465
2404	2466
2405	2467
2406	2468
2407	2469
2408	2470
2409	2471
2410	2472
2411	2473
2412	2474
2413	2475
2414	2476
2415	2477
2416	2478
2417	2479
2418	2480
2419	2481
2420	2482
2421	2483
2422	2484
2423	2485
2424	2486
2425	2487
2426	2488
2427	2489
2428	2490
2429	2491
2430	2492
2431	2493
2432	2494
2433	2495
2434	2496
2435	2497
2436	2498
2437	2499
2438	2500
2439	2501
2440	2502
2441	2503
2442	2504
2443	2505
2444	2506
2445	2507
2446	2508
2447	2509
2448	2510
2449	2511
2450	2512
2451	2513
2452	2514
2453	2515
2454	2516
2455	2517
2456	2518
2457	2519
2458	2520
2459	2521
2460	2522
2461	2523
2462	2524
2463	2525
2464	2526
2465	2527
2466	2528
2467	2529
2468	2530
2469	2531
2470	2532
2471	2533
2472	2534
2473	2535
2474	2536
2475	2537
2476	2538
2477	2539
2478	2540
2479	2541
2480	2542
2481	2543
2482	2544
2483	2545
2484	2546
2485	2547
2486	2548
2487	2549
2488	2550
2489	2551
2490	2552
2491	2553
2492	2554
2493	2555
2494	2556
2495	2557
2496	2558
2497	2559
2498	2560
2499	2561
2500	2562
2501	2563
2502	2564
2503	2565
2504	2566
2505	2567
2506	2568
2507	2569
2508	2570
2509	2571
2510	2572
2511	2573
2512	2574
2513	2575
2514	2576
2515	2577
2516	2578
2517	2579
2518	2580
2519	2581
2520	2582
2521	2583
2522	2584
2523	2585
2524	2586
2525	2587
2526	2588
2527	2589
2528	2590
2529	2591
2530	2592
2531	2593
2532	2594
2533	2595
2534	2596
2535	2597
2536	2598
2537	2599
2538	2600
2539	2601
2540	2602
2541	2603
2542	2604
2543	2605
2544	2606
2545	2607
2546	2608
2547	2609
2548	2610
2549	2611
2550	2612
2551	2613
2552	2614
2553	2615
2554	2616
2555	2617
2556	2618
2557	2619
2558	2620
2559	2621
2560	2622
2561	2623
2562	2624
2563	2625
2564	2626
2565	2627
2566	2628
2567	2629
2568	2630
2569	2631
2570	2632
2571	2633
2572	2634
2573	2635
2574	2636
2575	2637
2576	2638
2577	2639
2578	2640
2579	2641
2580	2642
2581	2643
2582	2644
2583	2645
2584	2646
2585	2647
2586	2648
2587	2649
2588	2650
2589	2651
2590	2652
2591	2653
2592	2654
2593	2655
2594	2656
2595	2657
2596	2658
2597	2659
2598	2660
2599	2661
2600	2662
2601	2663
2602	2664
2603	2665
2604	2666
2605	2667
2606	2668
2607	2669
2608	2670
2609	2671
2610	2672
2611	2673
2612	2674
2613	2675
2614	2676
2615	2677
2616	2678
2617	2679
2618	2680
2619	2681
2620	2682
2621	2683
2622	2684
2623	2685
2624	2686
2625	2687
2626	2688
2627	2689
2628	2690
2629	2691
2630	2692
2631	2693
2632	2694
2633	2695
2634	2696
2635	2697
2636	2698
2637	2699
2638	2700
2639	2701
2640	2702
2641	2703
2642	2704
2643	2705
2644	2706
2645	2707
2646	2708
2647	2709
2648	2710
2649	2711
2650	2712
2651	2713
2652	2714
2653	2715
2654	2716
2655	2717
2656	2718
2657	2719
2658	2720
2659	2721
2660	2722
2661	2723
2662	2724
2663	2725
2664	2726
2665	2727
2666	2728
2667	2729
2668	2730
2669	2731
2670	2732
2671	2733
2672	2734
2673	2735
2674	2736
2675	2737
2676	2738
2677	2739
2678	2740
2679	2741
2680	2742
2681	2743
2682	2744
2683	2745
2684	2746
2685	2747
2686	2748
2687	2749
2688	2750
2689	2751
2690	2752
2691	2753
2692	2754
2693	2755
2694	2756
2695	2757
2696	2758
2697	2759
2698	2760
2699	2761
2700	2762
2701	2763
2702	2764
2703	2765
2704	2766
2705	2767
2706	2768
2707	2769
2708	2770
2709	2771
2710	2772
2711	2773
2712	2774
2713	2775
2714	2776
2715	2777
2716	2778
2717	2779
2718	2780
2719	2781
2720	2782
2721	2783
2722	2784
2723	2785
2724	2786
2725	2787
2726	2788
2727	2789
2728	2790
2729	2791
2730	2792
2731	2793
2732	2794
2733	2795
2734	2796
2735	2797
2736	2798
2737	2799
2738	2800
2739	2801
2740	2802
2741	2803
2742	2804
2743	2805
2744	2806
2745	2807
2746	2808
2747	2809
2748	2810
2749	2811
2750	2812
2751	2813
2752	2814
2753	2815
2754	2816
2755	2817
2756	2818
2757	2819
2758	2820
2759	2821
2760	2822
2761	2823
2762	2824
2763	2825
2764	2826
2765	2827
2766	2828
2767	2829
2768	2830
2769	2831
2770	2832
2771	2833
2772	2834
2773	2835
2774	2836
2775	2837
2776	2838
2777	2839
2778	2840
2779	2841
2780	2842
2781	2843
2782	2844
2783	2845
2784	2846
2785	2847
2786	2848
2787	2849
2788	2850
2789	2851
2790	2852
2791	2853
2792	2854
2793	2855
2794	2856
2795	2857
2796	2858
2797	2859
2798	2860
2799	2861
2800	2862
2801	2863
2802	2864
2803	2865
2804	2866
2805	2867
2806	2868
2807	2869
2808	2870
2809	2871
2810	2872
2811	2873
2812	2874
2813	2875
2814	2876
2815	2877
2816	2878
2817	2879
2818	2880
2819	2881
2820	2882
2821	2883
2822	2884
2823	2885
2824	2886
2825	2887
2826	2888
2827	2889
2828	2890
2829	2891
2830	2892
2831	2893
2832	2894
2833	2895
2834	2896
2835	2897
2836	2898
2837	2899
2838	2900
2839	2901
2840	2902
2841	2903
2842	2904
2843	2905
2844	2906
2845	2907
2846	2908
2847	2909
2848	2910
2849	2911
2850	2912
2851	2913
2852	2914
2853	2915
2854	2916
2855	2917
2856	2918
2857	2919
2858	2920
2859	2921
2860	2922
2861	2923
2862	2924
2863	2925
2864	2926
2865	2927
2866	2928
2867	2929
2868	2930
2869	2931
2870	2932
2871	2933
2872	2934
2873	2935
2874	2936
2875	2937
2876	2938
2877	2939
2878	2940
2879	2941
2880	2942
2881	2943
2882	2944
2883	2945
2884	2946
2885	2947
2886	2948
2887	2949
2888	2950
2889	2951
2890	2952
2891	2953
2892	2954
2893	2955
2894	2956
2895	2957
2896	2958
2897	2959
2898	2960
2899	2961
2900	2962
2901	2963
2902	2964
2903	2965
2904	2966
2905	2967
2906	2968
2907	2969
2908	2970
2909	2971
2910	2972
2911	2973
2912	2974
2913	2975
2914	2976
2915	2977
2916	2978
2917	2979
2918	2980
2919	2981
2920	2982
2921	2983
2922	2984
2923	2985
2924	2986
2925	2987
2926	2988
2927	2989
2928	2990
2929	2991
2930	2992
2931	2993
2932	2994
2933	2995
2934	2996
2935	2997
2936	2998
2937	2999
2938	3000
2939	3001
2940	3002
2941	3003
2942	3004
2943	3005
2944	3006
2945	3007
2946	3008
2947	3009
2948	3010
2949	3011
2950	3012
2951	3013
2952	3014
2953	3015
2954	3016
2955	3017
2956	3018
2957	3019
2958	3020
2959	3021
2960	3022
2961	3023
2962	3024
2963	3025
2964	3026
2965	3027
2966	3028
2967	3029
2968	3030
2969	3031
2970	3032
2971	3033
2972	3034
2973	3035
2974	3036
2975	3037
2976	3038
2977	3039
2978	3040
2979	3041
2980	3042
2981	3043
2982	3044
2983	3045
2984	3046
2985	3047
2986	3048
2987	3049
2988	3050
2989	3051
2990	3052
2991	3053
2992	3054
2993	3055
2994	3056
2995	3057
2996	3058
2997	3059
2998	3060
2999	3061
3000	3062
3001	3063
3002	3064
3003	3065
3004	3066
3005	3067
3006	3068
3007	3069
3008	3070
3009	3071
3010	3072
3011	3073
3012	3074
3013	3075
3014	3076
3015	3077
3016	3078
3017	3079
3018	3080
3019	3081
3020	3082
3021	3083
3022	3084
3023	3085
3024	3086
3025	3087
3026	3088
3027	3089
3028	3090
3029	3091
3030	3092
3031	3093
3032	3094
3033	3095
3034	3096
3035	3097
3036	3098
3037	3099
3038	3100
3039	3101
3040	3102
3041	3103
3042	3104
3043	3105
3044	3106
3045	3107
3046	3108
3047	3109
3048	3110
3049	3111
3050	3112
3051	3113
3052	3114
3053	3115
3054	3116
3055	3117
3056	3118
3057	3119
3058	3120
3059	3121
3060	3122
3061	3123
3062	3124
3063	3125
3064	3126
3065	3127
3066	3128
3067	3129
3068	3130
3069	3131
3070	3132
3071	3133
3072	3134
3073	3135
3074	3136
3075	3137
3076	3138
3077	3139
3078	3140
3079	3141
3080	3142
3081	3143
3082	3144
3083	3145
3084	3146
3085	3147
3086	3148
3087	3149
3088	3150
3089	3151
3090	3152
3091	3153
3092	3154
3093	3155
3094	3156
3095	3157
3096	3158
3097	3159
3098	3160
3099	3161
3100	3162
3101	3163
3102	3164
3103	3165
3104	3166
3105	3167
3106	3168
3107	3169
3108	3170
3109	3171
3110	3172
3111	3173
3112	3174
3113	3175
3114	3176
3115	3177
3116	3178
3117	3179
3118	3180
3119	3181
3120	3182
3121	3183
3122	3184
3123	3185
3124	3186
3125	3187
3126	3188
3127	3189
3128	3190
3129	3191
3130	3192
3131	3193
3132	3194
3133	3195
3134	3196
3135	3197
3136	3198
3137	3199
3138	3200
3139	3201
3140	3202
3141	3203
3142	3204
3143	3205
3144	3206
3145	3207
3146	3208
3147	3209
3148	3210
3149	3211
3150	3212
3151	3213
3152	3214
3153	3215
3154	3216
3155	3217
3156	3218
3157	3219
3158	3220
3159	3221
3160	3222
3161	3223
3162	3224
3163	3225
3164	3226
3165	3227
3166	3228
3167	3229
3168	3230
3169	3231
3170	3232
3171	3233
3172	3234
3173	3235
3174	3236
3175	3237
3176	3238
3177	3239
3178	3240
3179	3241
3180	3242
3181	3243
3182	3244
3183	3245
3184	3246
3185	3247
3186	3248
3187	3249
3188	3250
3189	3251
3190	3252
3191	3253
3192	3254
3193	3255
3194	3256
3195	3257
3196	3258
3197	3259
3198	3260
3199	3261
3200	3262
3201	3263
3202	3264
3203	3265
3204	3266
3205	3267
3206	3268
3207	3269
3208	3270
3209	3271
3210	3272
3211	3273
3212	3274
3213	3275
3214	3276
3215	3277
3216	3278
3217	3279
3218	3280
3219	3281
3220	3282
3221	3283
3222	3284
3223	3285
3224	3286
3225	3287
3226	3288
3227	3289
3228	3290
3229	3291
3230	3292
3231	3293
3232	3294
3233	3295
3234	3296
3235	3297
3236	3298
3237	3299
3238	3300
3239	3301
3240	3302
3241	3303
3242	3304
3243	3305
3244	3306
3245	3307
3246	3308
3247	3309
3248	3310
3249	3311
3250	3312
3251	3313
3252	3314
3253	3315
3254	3316
3255	3317
3256	3318
3257	3319
3258	3320
3259	3321
3260	3322
3261	3323
3262	3324
3263	3325
3264	3326
3265	3327
3266	3328
3267	3329
3268	3330
3269	3331
3270	3332
3271	3333
3272	3334
3273	3335
3274	3336
3275	3337
3276	3338
3277	3339
3278	3340
3279	3341
3280	3342
3281	3343
3282	3344
3283	3345
3284	3346
3285	3347
3286	3348
3287	3349
3288	3350
3289	3351
3290	3352
3291	3353
3292	3354
3293	3355
3294	3356
3295	3357
3296	3358
3297	3359
3298	3360
3299	3361
3300	3362
3301	3363
3302	3364
3303	3365
3304	3366
3305	3367
3306	3368
3307	3369
3308	3370
3309	3371
3310	3372
3311	3373
3312	3374
3313	3375
3314	3376
3315	3377
3316	3378
3317	3379
3318	3380
3319	3381
3320	3382
3321	3383
3322	3384
3323	3385
3324	3386
3325	3387
3326	3388
3327	3389
3328	3390
3329	3391
3330	3392
3331	3393
3332	3394
3333	3395
3334	3396
3335	3397
3336	3398
3337	3399
3338	3400
3339	3401
3340	3402
3341	3403
3342	3404
3343	3405
3344	3406
3345	3407
3346	3408
3347	3409
3348	3410
3349	3411
3350	3412
3351	3413
3352	3414
3353	3415
3354	3416
3355	3417
3356	3418
3357	3419
3358	3420
3359	3421
3360	3422
3361	3423
3362	3424
3363	3425
3364	3426
3365	3427
3366	3428
3367	3429
3368	3430
3369	3431
3370	3432
3371	3433
3372	3434
3373	3435
3374	3436
3375	3437
3376	3438
3377	3439
3378	3440
3379	3441
3380	3442
3381	3443
3382	3444
3383	3445
3384	3446
3385	3447
3386	3448
3387	3449
3388	3450
3389	3451
3390	3452
3391	3453
3392	3454
3393	3455
3394	3456
3395	3457
3396	3458
3397	3459
3398	3460
3399	3461
3400	3462
3401	3463
3402	3464
3403	3465
3404	3466
3405	3467
3406	3468
3407	3469
3408	3470
3409	3471
3410	3472
3411	3473
3412	3474
3413	3475
3414	3476
3415	3477
3416	3478
3417	3479
3418	3480
3419	3481
3420	3482
3421	3483
3422	3484
3423	3485
3424	3486
3425	3487
3426	3488
3427	3489
3428	3490
3429	3491
3430	3492
3431	3493
3432	3494
3433	3495
3434	3496
3435	3497
3436	3498
3437	3499
3438	3500
3439	3501
3440	3502
3441	3503
3442	3504
3443	3505
3444	3506
3445	3507
3446	3508
3447	3509
3448	3510
3449	3511
3450	3512
3451	3513
3452	3514
3453	3515
3454	3516
3455	3517
3456	3518
3457	3519
3458	3520
3459	3521
3460	3522
3461	3523
3462	3524
3463	3525
3464	3526
3465	3527
3466	3528
3467	3529
3468	3530
3469	3531
3470	3532
3471	3533
3472	3534
3473	3535
3474	3536
3475	3537
3476	3538
3477	3539
3478	3540
3479	3541
3480	3542
3481	3543
3482	3544
3483	3545
3484	3546
3485	3547
3486	3548
3487	3549
3488	3550
3489	3551
3490	3552
3491	3553
3492	3554
3493	3555
3494	3556
3495	3557
3496	3558
3497	3559
3498	3560
3499	3561
3500	3562
3501	3563
3502	3564
3503	3565
3504	3566
3505	3567
3506	3568
3507	3569
3508	3570
3509	3571
3510	3572
3511	3573
3512	3574
3513	3575
3514	3576
3515	3577
3516	3578
3517	3579
3518	3580
3519	3581
3520	3582
3521	3583
3522	3584
3523	3585
3524	3586
3525	3587
3526	3588
3527	3589
3528	3590
3529	3591
3530	3592
3531	3593
3532	3594
3533	3595
3534	3596
3535	3597
3536	3598
3537	3599
3538	3600
3539	3601
3540	3602
3541	3603
3542	3604
3543	3605
3544	3606
3545	3607
3546	3608
3547	3609
3548	3610
3549	3611
3550	3612
3551	3613
3552	3614
3553	3615
3554	3616
3555	3617
3556	3618
3557	3619
3558	3620
3559	3621
3560	3622
3561	3623
3562	3624
3563	3625
3564	3626
3565	3627
3566	3628
3567	3629
3568	3630
3569	3631
3570	3632
3571	3633
3572	3634
3573	3635
3574	3636
3575	3637
3576	3638
3577	3639
3578	3640
3579	3641
3580	3642
3581	3643
3582	3644
3583	3645
3584	3646
3585	3647
3586	3648
3587	3649
3588	3650
3589	3651
3590	3652
3591	3653
3592	3654
3593	3655
3594	3656
3595	3657
3596	3658
3597	3659
3598	3660
3599	3661
3600	3662
3601	3663
3602	3664
3603	3665
3604	3666
3605	3667
3606	3668
3607	3669
3608	3670
3609	3671
3610	3672
3611	3673
3612	3674
3613	3675
3614	3676
3615	3677
3616	3678
3617	3679
3618	3680
3619	3681
3620	3682
3621	3683
3622	3684
3623	3685
3624	3686
3625	3687
3626	3688
3627	3689
3628	3690
3629	3691
3630	3692
3631	3693
3632	3694
3633	3695
3634	3696
3635	3697
3636	3698
3637	3699
3638	3700
3639	3701
3640	3702
3641	3703
3642	3704
3643	3705
3644	3706
3645	3707
3646	3708
3647	3709
3648	3710
3649	3711
3650	3712
3651	3713
3652	3714
3653	3715
3654	3716
3655	3717
3656	3718
3657	3719
3658	3720
3659	3721
3660	3722
3661	3723
3662	3724
3663	3725
3664	3726
3665	3727
3666	3728
3667	3729
3668	3730
3669	3731
3670	3732
3671	3733
3672	3734
3673	3735
3674	3736
3675	3737
3676	3738
3677	3739
3678	3740
3679	3741
3680	3742
3681	3743
3682	3744
3683	3745
3684	3746
3685	3747
3686	3748
3687	3749
3688	3750
3689	3751
3690	3752
3691	3753
3692	3754
3693	3755
3694	3756
3695	3757
3696	3758
3697	3759
3698	3760
3699	3761
3700	3762
3701	3763
3702	3764
3703	3765
3704	3766
3705	3767
3706	3768
3707	3769
3708	3770
3709	3771
3710	3772
3711	3773
3712	3774
3713	3775
3714	3776
3715	3777
3716	3778
3717	3779
3718	3780
3719	3781
3720	3782
3721	3783
3722	3784
3723	3785
3724	3786
3725	3787
3726	3788
3727	3789
3728	3790
3729	3791
3730	3792
3731	3793
3732	3794
3733	3795
3734	3796
3735	3797
3736	3798
3737	3799
3738	3800
3739	3801
3740	3802
3741	3803
3742	3804
3743	3805
3744	3806
3745	3807
3746	3808
3747	3809
3748	3810
3749	3811
3750	3812
3751	3813
3752	3814
3753	3815
3754	3816
3755	3817
3756	3818
3757	3819
3758	3820
3759	3821
3760	3822
3761	3823
3762	3824
3763	3825
3764	3826
3765	3827
3766	3828
3767	3829
3768	3830
3769	3831
3770	3832
3771	3833
3772	3834
3773	3835
3774	3836
3775	3837
3776	3838
3777	3839
3778	3840
3779	3841
3780	3842
3781	3843
3782	3844
3783	3845
3784	3846
3785	3847
3786	3848
3787	3849
3788	3850
3789	3851
3790	3852
3791	3853
3792	3854
3793	3855
3794	3856
3795	3857
3796	3858
3797	3859
3798	3860
3799	3861
3800	3862
3801	3863
3802	3864
3803	3865
3804	3866
3805	3867
3806	3868
3807	3869
3808	3870
3809	3871
3810	3872
3811	3873
3812	3874
3813	3875
3814	3876
3815	3877
3816	3878
3817	3879
3818	3880
3819	3881
3820	3882
3821	3883
3822	3884
3823	3885
3824	3886
3825	3887
3826	3888
3827	3889
3828	3890
3829	3891
3830	3892
3831	3893
3832	3894
3833	3895
3834	3896
3835	3897
3836	3898
3837	3899
3838	3900
3839	3901
3840	3902
3841	3903
3842	3904
3843	3905
3844	3906
3845	3907
3846	3908
3847	3909
3848	3910
3849	3911
3850	3912
3851	3913
3852	3914
3853	3915
3854	3916
3855	3917
3856	3918
3857	3919
3858	3920
3859	3921
3860	3922
3861	3923
3862	3924
3863	3925
3864	3926
3865	3927
3866	3928
3867	3929
3868	3930
3869	3931
3870	3932
3871	3933
3872	3934
3873	3935
3874	3936
3875	3937
3876	3938
3877	3939
3878	3940
3879	3941
3880	3942
3881	3943
3882	3944
3883	3945
3884	3946
3885	3947
3886	3948
3887	3949
3888	3950
3889	3951
3890	3952
3891	3953
3892	3954
3893	3955
3894	3956
3895	3957
3896	3958
3897	3959
3898	3960
3899	3961
3900	3962
3901	3963
3902	3964
3903	3965
3904	3966
3905	3967
3906	3968
3907	3969
3908	3970
3909	3971
3910	3972
3911	3973
3912	3974
3913	3975
3914	3976
3915	3977
3916	3978
3917	3979
3918	3980
3919	3981
3920	3982
3921	3983
3922	3984
3923	3985
3924	3986
3925	3987
3926	3988
3927	3989
3928	3990
3929	3991
3930	3992
3931	3993
3932	3994
3933	3995
3934	3996
3935	3997
3936	3998
3937	3999
3938	4000
3939	4001
3940	4002
3941	4003
3942	4004
3943	4005
3944	4006
3945	4007
3946	4008
3947	4009
3948	4010
3949	4011
3950	4012
3951	4013
3952	4014
3953	4015
3954	4016
3955	4017
3956	4018
3957	4019
3958	4020
3959	4021
3960	4022
3961	4023
3962	4024
3963	4025
3964	4026
3965	4027
3966	4028
3967	4029
3968	4030
3969	4031
3970	4032
3971	4033
3972	4034
3973	4035
3974	4036
3975	4037
3976	4038
3977	4039
3978	4040
3979	4041
3980	4042
3981	4043
3982	4044
3983	4045
3984	4046
3985	4047
3986	4048
3987	4049
3988	4050
3989	4051
3990	4052
3991	4053
3992	4054
3993	4055
3994	4056
3995	4057
3996	4058
3997	4059
3998	4060
3999	4061
4000	4062
4001	4063
4002	4064
4003	4065
4004	4066
4005	4067
4006	4068
4007	4069
4008	4070
4009	4071
4010	4072
4011	4073
4012	4074
4013	4075
4014	4076
4015	4077
4016	4078
4017	4079
4018	4080
4019	4081
4020	4082
4021	4083
4022	4084
4023	4085
4024	4086
4025	4087
4026	4088
4027	4089
4028	4090
4029	4091
4030	4092
4031	4093
4032	4094
4033	4095
4034	4096
4035	4097
4036	4098
4037	4099
4038	4100
4039	4101
4040	4102
4041	4103
4042	4104
4043	4105
4044	4106
4045	4107
4046	4108
4047	4109
4048	4110
4049	4111
4050	4112
4051	4113
4052	4114
4053	4115
4054	4116
4055	4117
4056	4118
4057	4119
4058	4120
4059	4121
4060	4122
4061	4123
4062	4124
4063	4125
4064	4126
4065	4127
4066	4128
4067	4129
4068	4130
4069	4131
4070	4132
4071	4133
4072	4134
4073	4135
4074	4136
4075	4137
4076	4138
4077	4139
4078	4140
4079	4141
4080	4142
4081	4143
4082	4144
4083	4145
4084	4146
4085	4147
4086	4148
4087	4149
4088	4150
4089	4151
4090	4152
4091	4153
4092	4154
4093	4155
4094	4156
4095	4157
4096	4158
4097	4159
4098	4160
4099	4161
4100	4162
4101	4163
4102	4164
4103	4165
4104	4166
4105	4167
4106	4168
4107	4169
4108	4170
4109	4171
4110	4172
4111	4173
4112	4174
4113	4175
4114	4176
4115	4177
4116	4178
4117	4179
4118	4180
4119	4181
4120	4182
4121	4183
4122	4184
4123	4185
4124	4186
4125	4187
4126	4188
4127	4189
4128	4190
4129	4191
4130	4192
4131	4193
4132	4194
4133	4195
4134	4196
4135	4197
4136	4198
4137	4199
4138	4200
4139	4201
4140	4202
4141	4203
4142	4204
4143	4205
4144	4206
4145	4207
4146	4208
4147	4209
4148	4210
4149	4211
4150	4212
4151	4213
4152	4214
4153	4215
4154	4216
4155	4217
4156	4218
4157	4219
4158	4220
4159	4221
4160	4222
4161	4223
4162	4224
4163	4225
4164	4226
4165	4227
4166	4228
4167	4229
4168	4230
4169	4231
4170	4232
4171	4233
4172	4234
4173	4235
4174	4236
4175	4237
4176	4238
4177	4239
4178	4240
4179	4241
4180	4242
4181	4243
4182	4244
4183	4245
4184	4246
4185	4247
4186	4248
4187	4249
4188	4250
4189	4251
4190	4252
4191	4253
4192	4254
4193	4255
4194	4256
4195	4257
4196	4258
4197	4259
4198	4260
4199	4261
4200	4262
4201	4263
4202	4264
4203	4265
4204	4266
4205	4267
4206	4268
4207	4269
4208	4270
4209	4271
4210	4272
4211	4273
4212	4274
4213	4275
4214	4276
4215	4277
4216	4278
4217	4279
4218	4280
4219	4281
4220	4282
4221	4283
4222	4284
4223	4285
4224	4286
4225	4287
4226	4288
4227	4289
4228	4290
4229	4291
4230	4292
4231	4293
4232	4294
4233	4295
4234	4296
4235	4297
4236	4298
4237	4299
4238	4300
4239	4301
4240	4302
4241	4303
4242	4304
4243	4305
4244	4306
4245	4307
4246	4308
4247	4309
4248	4310
4249	4311
4250	4312
4251	4313
4252	4314
4253	4315
4254	4316
4255	4317
4256	4318
4257	4319
4258	4320
4259	4321
4260	4322
4261	4323
4262	4324
4263	4325
4264	4326
4265	4327
4266	4328
4267	4329
4268	4330
4269	4331
4270	4332
4271	4333
4272	4334
4273	4335
4274	4336
4275	4337
4276	4338
4277	4339
4278	4340
4279	4341
4280	4342
4281	4343
4282	4344
4283	4345
4284	4346
4285	4347
4286	4348
4287	4349
4288	4350
4289	4351
4290	4352
4291	4353
4292	4354
4293	4355
4294	4356
4295	4357
4296	4358
4297	4359
4298	4360
4299	4361
4300	4362
4301	4363
4302	4364
4303	4365
4304	4366
4305	4367
4306	4368
4307	4369
4308	4370
4309	4371
4310	4372
4311	4373
4312	4374
4313	4375
4314	4376
4315	4377
4316	4378
4317	4379
4318	4380
4319	4381
4320	4382
4321	4383
4322	4384
4323	4385
4324	4386
4325	4387
4326	4388
4327	4389
4328	4390
4329	4391
4330	4392
4331	4393
4332	4394
4333	4395
4334	4396
4335	4397
4336	4398
4337	4399
4338	4400
4339	4401
4340	4402
4341	4403
4342	4404
4343	4405
4344	4406
4345	4407
4346	4408
4347	4409
4348	4410
4349	4411
4350	4412
4351	4413
4352	4414
4353	4415
4354	4416
4355	4417
4356	4418
4357	4419
4358	4420
4359	4421
4360	4422
4361	4423
4362	4424
4363	4425
4364	4426
4365	4427
4366	4428
4367	4429
4368	4430
4369	4431
4370	4432
4371	4433
4372	4434
4373	4435
4374	4436
4375	4437
4376	4438
4377	4439
4378	4440
4379	4441
4380	4442
4381	4443
4382	4444
4383	4445
4384	4446
4385	4447
4386	4448
4387	4449
4388	4450
4389	4451
4390	4452
4391	4453
4392	4454
4393	4455
4394	4456
4395	4457
4396	4458
4397	4459
4398	4460
4399	4461
4400	4462
4401	4463
4402	4464
4403	4465
4404	4466
4405	4467
4406	4468
4407	4469
4408	4470
4409	4471
4410	4472
4411	4473
4412	4474
4413	4475
4414	4476
4415	4477
4416	4478
4417	4479
4418	4480
4419	4481
4420	4482
4421	4483
4422	4484
4423	4485
4424	4486
4425	4487
4426	4488
4427	4489
4428	4490
4429	4491
4430	4492
4431	4493
4432	4494
4433	4495
4434	4496
4435	4497
4436	4498
4437	4499
4438	4500
4439	4501
4440	4502
4441	4503
4442	4504
4443	4505
4444	4506
4445	4507
4446	4508
4447	4509
4448	4510
4449	4511
4450	4512
4451	4513
4452	4514
4453	4515
4454	4516
4455	4517
4456	4518
4457	4519
4458	4520
4459	4521
4460	4522
4461	4523
4462	4524
4463	4525
4464	4526
4465	4527
4466	4528
4467	4529
4468	4530
4469	4531
4470	4532
4471	4533
4472	4534
4473	4535
4474	4536
4475	4537
4476	4538
4477	4539
4478	4540
4479	4541
4480	4542
4481	4543
4482	4544
4483	4545
4484	4546
4485	4547
4486	4548
4487	4549
4488	4550
4489	4551
4490	4552
4491	4553
4492	4554
4493	4555
4494	4556
4495	4557
4496	4558
4497	4559
4498	4560
4499	4561
4500	4562
4501	4563
4502	4564
4503	4565
4504	4566
4505	4567
4506	4568
4507	4569
4508	4570
4509	4571
4510	4572
4511	4573
4512	4574
4513	4575
4514	4576
4515	4577
4516	4578
4517	4579
4518	4580
4519	4581
4520	4582
4521	4583
4522	4584
4523	4585
4524	4586
4525	4587
4526	4588
4527	4589
4528	4590
4529	4591
4530	4592
4531	4593
4532	4594
4533	4595
4534	4596
4535	4597
4536	4598
4537	4599
4538	4600
4539	4601
4540	4602
4541	4603
4542	4604
4543	4605
4544	4606
4545	4607
4546	4608
4547	4609
4548	4610
4549	4611
4550	4612
4551	4613
4552	4614
4553	4615
4554	4616
4555	4617
4556	4618
4557	4619
4558	4620
4559	4621
4560	4622
4561	4623
4562	4624
4563	4625
4564	4626
4565	4627
4566	4628
4567	4629
4568	4630
4569	4631
4570	4632
4571	4633
4572	4634
4573	4635
4574	4636
4575	4637
4576	4638
4577	4639
4578	4640
4579	4641
4580	4642
4581	4643
4582	4644
4583	4645
4584	4646
4585	4647
4586	4648
4587	4649
4588	4650
4589	4651
4590	4652
4591	4653
4592	4654
4593	4655
4594	4656
4595	4657
4596	4658
4597	4659
4598	4660
4599	4661
4600	4662
4601	4663
4602	4664
4603	4665
4604	4666
4605	4667
4606	4668
4607	4669
4608	4670
4609	4671
4610	4672
4611	4673
4612	4674
4613	4675
4614	4676
4615	4677
4616	4678
4617	4679
4618	4680
4619	4681
4620	4682
4621	4683
4622	4684
4623	4685
4624	4686
4625	4687
4626	4688
4627	4689
4628	4690
4629	4691
4630	4692
4631	4693
4632	4694
4633	4695
4634	4696
4635	4697
4636	4698
4637	4699
4638	4700
4639	4701
4640	4702
4641	4703
4642	4704
4643	4705
4644	4706
4645	4707
4646	4708
4647	4709
4648	4710
4649	4711
4650	4712
4651	4713
4652	4714
4653	4715
4654	4716
4655	4717
4656	4718
4657	4719
4658	4720
4659	4721
4660	4722
4661	4723
4662	4724
4663	4725
4664	4726
4665	4727
4666	4728
4667	4729
4668	4730
4669	4731
4670	4732
4671	4733
4672	4734
4673	4735
4674	4736
4675	4737
4676	4738
4677	4739
4678	4740
4679	4741
4680	4742
4681	4743
4682	4744
4683	4745
4684	4746
4685	4747
4686	4748
4687	4749
4688	4750
4689	4751
4690	4752
4691	4753
4692	4754
4693	4755
4694	4756
4695	4757
4696	4758
4697	4759
4698	4760
4699	4761
4700	4762
4701	4763
4702	4764
4703	4765
4704	4766
4705	4767
4706	4768
4707	4769
4708	4770
4709	4771
4710	4772
4711	4773
4712	4774
4713	4775
4714	4776
4715	4777
4716	4778
4717	4779
4718	4780
4719	4781
4720	4782
4721	4783
4722	4784
4723	4785
4724	4786
4725	4787
4726	4788
4727	4789
4728	4790
4729	4791
4730	4792
4731	4793
4732	4794
4733	4795
4734	4796
4735	4797
4736	4798
4737	4799
4738	4800
4739	4801
4740	4802
4741	4803
4742	4804
4743	4805
4744	4806
4745	4807
4746	4808
4747	4809
4748	4810
4749	4811
4750	4812
4751	4813
4752	4814
4753	4815
4754	4816
4755	4817
4756	4818
4757	4819
4758	4820
4759	4821
4760	4822
4761	4823
4762	4824
4763	4825
4764	4826
4765	4827
4766	4828
4767	4829
4768	4830
4769	4831
4770	4832
4771	4833
4772	4834
4773	4835
4774	4836
4775	4837
4776	4838
4777	4839
4778	4840
4779	4841
4780	4842
4781	4843
4782	4844
4783	4845
4784	4846
4785	4847
4786	4848
4787	4849
4788	4850
4789	4851
4790	4852
4791	4853
4792	4854
4793	4855
4794	4856
4795	4857
4796	4858
4797	4859
4798	4860
4799	4861
4800	4862
4801	4863
4802	4864
4803	4865
4804	4866
4805	4867
4806	4868
4807	4869
4808	4870
4809	4871
4810	4872
4811	4873
4812	4874
4813	4875
4814	4876
4815	4877
4816	4878
4817	4879
4818	4880
4819	4881
4820	4882
4821	4883
4822	4884
4823	4885
4824	4886
4825	4887
4826	4888
4827	4889
4828	4890
4829	4891
4830	4892
4831	4893
4832	4894
4833	4895
4834	4896
4835	4897
4836	4898
4837	4899
4838	4900
4839	4901
4840	4902
4841	4903
4842	4904
4843	4905
4844	4906
4845	4907
4846	4908
4847	4909
4848	4910
4849	4911
4850	4912
4851	4913
4852	4914
4853	4915
4854	4916
4855	4917
4856	4918
4857	4919
4858	4920
4859	4921
4860	4922
4861	4923
4862	4924
4863	4925
4864	4926
4865	4927
4866	4928
4867	4929
4868	4930
4869	4931
4870	4932
4871	4933
4872	4934
4873	4935
4874	4936
4875	4937
4876	4938
4877	4939
4878	4940
4879	4941
4880	4942
4881	4943
4882	4944
4883	4945
4884	4946
4885	4947
4886	4948
4887	4949
4888	4950
4889	4951
4890	4952
4891	4953
4892	4954
4893	4955
4894	4956
4895	4957
4896	4958
4897	4959
4898	4960
4899	4961
4900	4962
4901	4963
4902	4964
4903	4965
4904	4966
4905	4967
4906	4968
4907	4969
4908	4970
4909	4971
4910	4972
4911	4973
4912	4974
4913	4975
4914	4976
4915	4977
4916	4978
4917	4979
4918	4980
4919	4981
4920	4982
4921	4983
4922	4984
4923	4985
4924	4986
4925	4987
4926	4988
4927	4989
4928	4990
4929	4991
4930	4992
4931	4993
4932	4994
4933	4995
4934	4996
4935	4997
4936	4998
4937	4999
4938	5000
4939	5001
4940	5002
4941	5003
4942	5004
4943	5005
4944	5006
4945	5007
4946	5008
4947	5009
4948	5010
4949	5011
4950	5012
4951	5013
4952	5014
4953	5015
4954	5016
4955	5017
4956	5018
4957	5019
4958	5020
4959	5021
4960	5022
4961	5023
4962	5024
4963	5025
4964	5026
4965	5027
4966	5028
4967	5029
4968	5030
4969	5031
4970	5032
4971	5033
4972	5034
4973	5035
4974	5036
4975	5037
4976	5038
4977	5039
4978	5040
4979	5041
4980	5042
4981	5043
4982	5044
4983	5045
4984	5046
4985	5047
4986	5048
4987	5049
4988	5050
4989	5051
4990	5052
4991	5053
4992	5054
4993	5055
4994	5056
4995	5057
4996	5058
4997	5059
4998	5060
4999	5061
5000	5062
5001	5063
5002	5064
5003	5065
5004	5066
5005	5067
5006	5068
5007	5069
5008	5070
5009	5071
5010	5072
5011	5073
5012	5074
5013	5075
5014	5076
5015	5077
5016	5078
5017	5079
5018	5080
5019	5081
5020	5082
5021	5083
5022	5084
5023	5085
5024	5086
5025	5087
5026	5088
5027	5089
5028	5090
5029	5091
5030	5092
5031	5093
5032	5094
5033	5095
5034	5096
5035	5097
5036	5098
5037	5099
5038	5100
5039	5101
5040	5102
5041	5103
5042	5104
5043	5105
5044	5106
5045	5107
5046	5108
5047	5109
5048	5110
5049	5111
5050	5112
5051	5113
5052	5114
5053	5115
5054	5116
5055	5117
5056	5118
5057	5119
5058	5120
5059	5121
5060	5122
5061	5123
5062	5124
5063	5125
5064	5126
5065	5127
5066	5128
5067	5129
5068	5130
5069	5131
5070	5132
5071	5133
5072	5134
5073	5135
5074	5136
5075	5137
5076	5138
5077	5139
5078	5140
5079	5141
5080	5142
5081	5143
5082	5144
5083	5145
5084	5146
5085	5147
5086	5148
5087	5149
5088	5150
5089	5151
5090	5152
5091	5153
5092	5154
5093	5155
5094	5156
5095	5157
5096	5158
5097	5159
5098	5160
5099	5161
5100	5162
5101	5163
5102	5164
5103	5165
5104	5166
5105	5167
5106	5168
5107	5169
5108	5170
5109	5171
5110	5172
5111	5173
5112	5174
5113	5175
5114	5176
5115	5177
5116	5178
5117	5179
5118	5180
5119	5181
5120	5182
5121	5183
5122	5184
5123	5185
5124	5186
5125	5187
5126	5188
5127	5189
5128	5190
5129	5191
5130	5192
5131	5193
5132	5194
5133	5195
5134	5196
5135	5197
5136	5198
5137	5199
5138	5200
5139	5201
5140	5202
5141	5203
5142	5204
5143	5205
5144	5206
5145	5207
5146	5208
5147	5209
5148	5210
5149	5211
5150	5212
5151	5213
5152	5214
5153	5215
5154	5216
5155	5217
5156	5218
5157	5219
5158	5220
5159	5221
5160	5222
5161	5223
5162	5224
5163	5225
5164	5226
5165	5227
5166	5228
5167	5229
5168	5230
5169	5231
5170	5232
5171	5233
5172	5234
5173	5235
5174	5236
5175	5237
5176	5238
5177	5239
5178	5240
5179	5241
5180	5242
5181	5243
5182	5244
5183	5245
5184	5246
5185	5247
5186	5248
5187	5249
5188	5250
5189	5251
5190	5252
5191	5253
5192	5254
5193	5255
5194	5256
5195	5257
5196	5258
5197	5259
5198	5260
5199	5261
5200	5262
5201	5263
5202	5264
5203	5265
5204	5266
5205	5267
5206	5268
5207	5269
5208	5270
5209	5271
5210	5272
5211	5273
5212	5274
5213	5275
5214	5276
5215	5277
5216	5278
5217	5279
5218	5280
5219	5281
5220	5282
5221	5283
5222	5284
5223	5285
5224	5286
5225	5287
5226	5288
5227	5289
5228	5290
5229	5291
5230	5292
5231	5293
5232	5294
5233	5295
5234	5296
5235	5297
5236	5298
5237	5299
5238	5300
5239	5301
5240	5302
5241	5303
5242	5304
5243	5305
5244	5306
5245	5307
5246	5308
5247	5309
5248	5310
5249	5311
5250	5312
5251	5313
5252	5314
5253	5315
5254	5316
5255	5317
5256	5318
5257	5319
5258	5320
5259	5321
5260	5322
5261	5323
5262	5324
5263	5325
5264	5326
5265	5327
5266	5328
5267	5329
5268	5330
5269	5331
5270	5332
5271	5333
5272	5334
5273	5335
5274	5336
5275	5337
5276	5338
5277	5339
5278	5340
5279	5341
5280	5342
5281	5343
5282	5344
5283	5345
5284	5346
5285	5347
5286	5348
5287	5349
5288	5350
5289	5351
5290	5352
5291	5353
5292	5354
5293	5355
5294	5356
5295	5357
5296	5358
5297	5359
5298	5360
5299	5361
5300	5362
5301	5363
5302	5364
5303	5365
5304	5366
5305	5367
5306	5368
5307	5369
5308	5370
5309	5371
5310	5372
5311	5373
5312	5374
5313	5375
5314	5376
5315	5377
5316	5378
5317	5379
5318	5380
5319	5381
5320	5382
5321	5383
5322	5384
5323	5385
5324	5386
5325	5387
5326	5388
5327	5389
5328	5390
5329	5391
5330	5392
5331	5393
5332	5394
5333	5395
5334	5396
5335	5397
5336	5398
5337	5399
5338	5400
5339	5401
5340	5402
5341	5403
5342	5404
5343	5405
5344	5406
5345	5407
5346	5408
5347	5409
5348	5410
5349	5411
5350	5412
5351	5413
5352	5414
5353	5415
5354	5416
5355	5417
5356	5418
5357	5419
5358	5420
5359	5421
5360	5422
5361	5423
5362	5424
5363	5425
5364	5426
5365	5427
5366	5428
5367	5429
5368	5430
5369	5431
5370	5432
5371	5433
5372	5434
5373	5435
5374	5436
5375	5437
5376	5438
5377	5439
5378	5440
5379	5441
5380	5442
5381	5443
5382	5444
5383	5445
5384	5446
5385	5447
5386	5448
5387	5449
5388	5450
5389	5451
5390	5452
5391	5453
5392	5454
5393	5455
5394	5456
5395	5457
5396	5458
5397	5459
5398	5460
5399	5461
5400	5462
5401	5463
5402	5464
5403	5465
5404	5466
5405	5467
5406	5468
5407	5469
5408	5470
5409	5471
5410	5472
5411	5473
5412	5474
5413	5475
5414	5476
5415	5477
5416	5478
5417	5479
5418	5480
5419	5481
5420	5482
5421	5483
5422	5484
5423	5485
5424	5486
5425	5487
5426	5488
5427	5489
5428	5490
5429	5491
5430	5492
5431	5493
5432	5494
5433	5495
5434	5496
5435	5497
5436	5498
5437	5499
5438	5500
5439	5501
5440	5502
5441	5503
5442	5504
5443	5505
5444	5506
5445	5507
5446	5508
5447	5509
5448	5510
5449	5511
5450	5512
5451	5513
5452	5514
5453	5515
5454	5516
5455	5517
5456	5518
5457	5519
5458	5520
5459	5521
5460	5522
5461	5523
5462	5524
5463	5525
5464	5526
5465	5527
5466	5528
5467	5529
5468	5530
5469	5531
5470	5532
5471	5533
5472	5534
5473	5535
5474	5536
5475	5537
5476	5538
5477	5539
5478	5540
5479	5541
5480	5542
5481	5543
5482	5544
5483	5545
5484	5546
5485	5547
5486	5548
5487	5549
5488	5550
5489	5551
5490	5552
5491	5553
5492	5554
5493	5555
5494	5556
5495	5557
5496	5558
5497	5559
5498	5560
5499	5561
5500	5562
5501	5563
5502	5564
5503	5565
5504	5566
5505	5567
5506	5568
5507	5569
5508	5570
5509	5571
5510	5572
5511	5573
5512	5574
5513	5575
5514	5576
5515	5577
5516	5578
5517	5579
5518	5580
5519	5581
5520	5582
5521	5583
5522	5584
5523	5585
5524	5586
5525	5587
5526	5588
5527	5589
5528	5590
5529	5591
5530	5592
5531	5593
5532	5594
5533	5595
5534	5596
5535	5597
5536	5598
5537	5599
5538	5600
5539	5601
5540	5602
5541	5603
5542	5604
5543	5605
5544	5606
5545	5607
5546	5608
5547	5609
5548	5610
5549	5611
5550	5612
5551	5613
5552	5614
5553	5615
5554	5616
5555	5617
5556	5618
5557	5619
5558	5620
5559	5621
5560	5622
5561	5623
5562	5624
5563	5625
5564	5626
5565	5627
5566	5628
5567	5629
5568	5630
5569	5631
5570	5632
5571	5633
5572	5634
5573	5635
5574	5636
5575	5637
5576	5638
5577	5639
5578	5640
5579	5641
5580	5642
5581	5643
5582	5644
5583	5645
5584	5646
5585	5647
5586	5648
5587	5649
5588	5650
5589	5651
5590	5652
5591	5653
5592	5654
5593	5655
5594	5656
5595	5657
5596	5658
5597	5659
5598	5660
5599	5661
5600	5662
5601	5663
5602	5664
5603	5665
5604	5666
5605	5667
5606	5668
5607	5669
5608	5670
5609	5671
5610	5672
5611	5673
5612	5674
5613	5675
5614	5676
5615	5677
5616	5678
5617	5679
5618	5680
5619	5681
5620	5682
5621	5683
5622	5684
5623	5685
5624	5686
5625	5687
5626	5688
5627	5689
5628	5690
5629	5691
5630	5692
5631	5693
5632	5694
5633	5695
5634	5696
5635	5697
5636	5698
5637	5699
5638	5700
5639	5701
5640	5702
5641	5703
5642	5704
5643	5705
5644	5706
5645	5707
5646	5708
5647	5709
5648	5710
5649	5711
5650	5712
5651	5713
5652	5714
5653	5715
5654	5716
5655	5717
5656	5718
5657	5719
5658	5720
5659	5721
5660	5722
5661	5723
5662	5724
5663	5725
5664	5726
5665	5727
5666	5728
5667	5729
5668	5730
5669	5731
5670	5732
5671	5733
5672	5734
5673	5735
5674	5736
5675	5737
5676	5738
5677	5739
5678	5740
5679	5741
5680	5742
5681	5743
5682	5744
5683	5745
5684	5746
5685	5747
5686	5748
5687	5749
5688	5750
5689	5751
5690	5752
5691	5753
5692	5754
5693	5755
5694	5756
5695	5757
5696	5758
5697	5759
5698	5760
5699	5761
5700	5762
5701	5763
5702	5764
5703	5765
5704	5766
5705	5767
5706	5768
5707	5769
5708	5770
5709	5771
5710	5772
5711	5773
5712	5774
5713	5775
5714	5776
5715	5777
5716	5778
5717	5779
5718	5780
5719	5781
5720	5782
5721	5783
5722	5784
5723	5785
5724	5786
5725	5787
5726	5788
5727	5789
5728	5790
5729	5791
5730	5792
5731	5793
5732	5794
5733	5795
5734	5796
5735	5797
5736	5798
5737	5799
5738	5800
5739	5801
5740	5802
5741	5803
5742	5804
5743	5805
5744	5806
5745	5807
5746	5808
5747	5809
5748	5810
5749	5811
5750	5812
5751	5813
5752	5814
5753	5815
5754	5816
5755	5817
5756	5818
5757	5819
5758	5820
5759	5821
5760	5822
5761	5823
5762	5824
5763	5825
5764	5826
5765	5827
5766	5828
5767	5829
5768	5830
5769	5831
5770	5832
5771	5833
5772	5834
5773	5835
5774	5836
5775	5837
5776	5838
5777	5839
5778	5840
5779	5841
5780	5842
5781	5843
5782	5844
5783	5845
5784	5846
5785	5847
5786	5848
5787	5849
5788	5850
5789	5851
5790	5852
5791	5853
5792	5854
5793	5855
5794	5856
5795	5857
5796	5858
5797	5859
5798	5860
5799	5861
5800	5862
5801	5863
5802	5864
5803	5865
5804	5866
5805	5867
5806	5868
5807	5869
5808	5870
5809	5871
5810	5872
5811	5873
5812	5874
5813	5875
5814	5876
5815	5877
5816	5878
5817	5879
5818	5880
5819	5881
5820	5882
5821	5883
5822	5884
5823	5885
5824	5886
5825	5887
5826	5888
5827	5889
5828	5890
5829	5891
5830	5892
5831	5893
5832	5894
5833	5895
5834	5896
5835	5897
5836	5898
5837	5899
5838	5900
5839	5901
5840	5902
5841	5903
5842	5904
5843	5905
5844	5906
5845	5907
5846	5908
5847	5909
5848	5910
5849	5911
5850	5912
5851	5913
5852	5914
5853	5915
5854	5916
5855	5917
5856	5918
5857	5919
5858	5920
5859	5921
5860	5922
5861	5923
5862	5924
5863	5925
5864	5926
5865	5927
5866	5928
5867	5929
5868	5930
5869	5931
5870	5932
5871	5933
5872	5934
5873	5935
5874	5936
5875	5937
5876	5938
5877	5939
5878	5940
5879	5941
5880	5942
5881	5943
5882	5944
5883	5945
5884	5946
5885	5947
5886	5948
5887	5949
5888	5950
5889	5951
5890	5952
5891	5953
5892	5954
5893	5955
5894	5956
5895	5957
5896	5958
5897	5959
5898	5960
5899	5961
5900	5962
5901	5963
5902	5964
5903	5965
5904	5966
5905	5967
5906	5968
5907	5969
5908	5970
5909	5971
5910	5972
5911	5973
5912	5974
5913	5975
5914	5976
5915	5977
5916	5978
5917	5979
5918	5980
5919	5981
5920	5982
5921	5983
5922	5984
5923	5985
5924	5986
5925	5987
5926	5988
5927	5989
5928	5990
5929	5991
5930	5992
5931	5993
5932	5994
5933	5995
5934	5996
5935	5997
5936	5998
5937	5999
5938	6000
5939	6001
5940	6002
5941	6003
5942	6004
5943	6005
5944	6006
5945	6007
5946	6008
5947	6009
5948	6010
5949	6011
5950	6012
5951	6013
5952	6014
5953	6015
5954	6016
5955	6017
5956	6018
5957	6019
5958	6020
5959	6021
5960	6022
5961	6023
5962	6024
5963	6025
5964	6026
5965	6027
5966	6028
5967	6029
5968	6030
5969	6031
5970	6032
5971	6033
5972	6034
5973	6035
5974	6036
5975	6037
5976	6038
5977	6039
5978	6040
5979	6041
5980	6042
5981	6043
5982	6044
5983	6045
5984	6046
5985	6047
5986	6048
5987	6049
5988	6050
5989	6051
5990	6052
5991	6053
5992	6054
5993	6055
5994	6056
5995	6057
5996	6058
5997	6059
5998	6060
5999	6061
6000	6062
6001	6063
6002	6064
6003	6065
6004	6066
6005	6067
6006	6068
6007	6069
6008	6070
6009	6071
6010	6072
6011	6073
6012	6074
6013	6075
6014	6076
6015	6077
6016	6078
6017	6079
6018	6080
6019	6081
6020	6082
6021	6083
6022	6084
6023	6085
6024	6086
6025	6087
6026	6088
6027	6089
6028	6090
6029	6091
6030	6092
6031	6093
6032	6094
6033	6095
6034	6096
6035	6097
6036	6098
6037	6099
6038	6100
6039	6101
6040	6102
6041	6103
6042	6104
6043	6105
6044	6106
6045	6107
6046	6108
6047	6109
6048	6110
6049	6111
6050	6112
6051	6113
6052	6114
6053	6115
6054	6116
6055	6117
6056	6118
6057	6119
6058	6120
6059	6121
6060	6122
6061	6123
6062	6124
6063	6125
6064	6126
6065	6127
6066	6128
6067	6129
6068	6130
6069	6131
6070	6132
6071	6133
6072	6134
6073	6135
6074	6136
6075	6137
6076	6138
6077	6139
6078	6140
6079	6141
6080	6142
6081	6143
6082	6144
6083	6145
6084	6146
6085	6147
6086	6148
6087	6149
6088	6150
6089	6151
6090	6152
6091	6153
6092	6154
6093	6155
6094	6156
6095	6157
6096	6158
6097	6159
6098	6160
6099	6161
6100	6162
6101	6163
6102	6164
6103	6165
6104	6166
6105	6167
6106	6168
6107	6169
6108	6170
6109	6171
6110	6172
6111	6173
6112	6174
6113	6175
6114	6176
6115	6177
6116	6178
6117	6179
6118	6180
6119	6181
6120	6182
6121	6183
6122	6184
6123	6185
6124	6186
6125	6187
6126	6188
6127	6189
6128	6190
6129	6191
6130	6192
6131	6193
6132	6194
6133	6195
6134	6196
6135	6197
6136	6198
6137	6199
6138	6200
6139	6201
6140	6202
6141	6203
6142	6204
6143	6205
6144	6206
6145	6207
6146	6208
6147	6209
6148	6210
6149	6211
6150	6212
6151	6213
6152	6214
6153	6215
6154	6216
6155	6217
6156	6218
6157	6219
6158	6220
6159	6221
6160	6222
6161	6223
6162	6224
6163	6225
6164	6226
6165	6227
6166	6228
6167	6229
6168	6230
6169	6231
6170	6232
6171	6233
6172	6234
6173	6235
6174	6236
6175	6237
6176	6238
6177	6239
6178	6240
6179	6241
6180	6242
6181	6243
6182	6244
6183	6245
6184	6246
6185	6247
6186	6248
6187	6249
6188	6250
6189	6251
6190	6252
6191	6253
6192	6254
6193	6255
6194	6256
6195	6257
6196	6258
6197	6259
6198	6260
6199	6261
6200	6262
6201	6263
6202	6264
6203	6265
6204	6266
6205	6267
6206	6268
6207	6269
6208	6270
6209	6271
6210	6272
6211	6273
6212	6274
6213	6275
6214	6276
6215	6277
6216	6278
6217	6279
6218	6280
6219	6281
6220	6282
6221	6283
6222	6284
6223	6285
6224	6286
6225	6287
6226	6288
6227	6289
6228	6290
6229	6291
6230	6292
6231	6293
6232	6294
6233	6295
6234	6296
6235	6297
6236	6298
6237	6299
6238	6300
6239	6301
6240	6302
6241	6303
6242	6304
6243	6305
6244	6306
6245	6307
6246	6308
6247	6309
6248	6310
6249	6311
6250	6312
6251	6313
6252	6314
6253	6315
6254	6316
6255	6317
6256	6318
6257	6319
6258	6320
6259	6321
6260	6322
6261	6323
6262	6324
6263	6325
6264	6326
6265	6327
6266	6328
6267	6329
6268	6330
6269	6331
6270	6332
6271	6333
6272	6334
6273	6335
6274	6336
6275	6337
6276	6338
6277	6339
6278	6340
6279	6341
6280	6342
6281	6343
6282	6344
6283	6345
6284	6346
6285	6347
6286	6348
6287	6349
6288	6350
6289	6351
6290	6352
6291	6353
6292	6354
6293	6355
6294	6356
6295	6357
6296	6358
6297	6359
6298	6360
6299	6361
6300	6362
6301	6363
6302	6364
6303	6365
6304	6366
6305	6367
6306	6368
6307	6369
6308	6370
6309	6371
6310	6372
6311	6373
6312	6374
6313	6375
6314	6376
6315	6377
6316	6378
6317	6379
6318	6380
6319	6381
6320	6382
6321	6383
6322	6384
6323	6385
6324	6386
6325	6387
6326	6388
6327	6389
6328	6390
6329	6391
6330	6392
6331	6393
6332	6394
6333	6395
6334	6396
6335	6397
6336	6398
6337	6399
6338	6400
6339	6401
6340	6402
6341	6403
6342	6404
6343	6405
6344	6406
6345	6407
6346	6408
6347	6409
6348	6410
6349	6411
6350	6412
6351	6413
6352	6414
6353	6415
6354	6416
6355	6417
6356	6418
6357	6419
6358	6420
6359	6421
6360	6422
6361	6423
6362	6424
6363	6425
6364	6426
6365	6427
6366	6428
6367	6429
6368	6430
6369	6431
6370	6432
6371	6433
6372	6434
6373	6435
6374	6436
6375	6437
6376	6438
6377	6439
6378	6440
6379	6441
6380	6442
6381	6443
6382	6444
6383	6445
6384	6446
6385	6447
6386	6448
6387	6449
6388	6450
6389	6451
6390	6452
6391	6453
6392	6454
6393	6455
6394	6456
6395	6457
6396	6458
6397	6459
6398	6460
6399	6461
6400	6462
6401	6463
6402	6464
6403	6465
6404	6466
6405	6467
6406	6468
6407	6469
6408	6470
6409	6471
6410	6472
6411	6473
6412	6474
6413	6475
6414	6476
6415	6477
6416	6478
6417	6479
6418	6480
6419	6481
6420	6482
6421	6483
6422	6484
6423	6485
6424	6486
6425	6487
6426	6488
6427	6489
6428	6490
6429	6491
6430	6492
6431	6493
6432	6494
6433	6495
6434	6496
6435	6497
6436	6498
6437	6499
6438	6500
6439	6501
6440	6502
6441	6503
6442	6504
6443	6505
6444	6506
6445	6507
6446	6508
6447	6509
6448	6510
6449	6511
6450	6512
6451	6513
6452	6514
6453	6515
6454	6516
6455	6517
6456	6518
6457	6519
6458	6520
6459	6521
6460	6522
6461	6523
6462	6524
6463	6525
6464	6526
6465	6527
6466	6528
6467	6529
6468	6530
6469	6531
6470	6532
6471	6533
6472	6534
6473	6535
6474	6536
6475	6537
6476	6538
6477	6539
6478	6540
6479	6541
6480	6542
6481	6543
6482	6544
6483	6545
6484	6546
6485	6547
6486	6548
6487	6549
6488	6550
6489	6551
6490	6552
6491	6553
6492	6554
6493	6555
6494	6556
6495	6557
6496	6558
6497	6559
6498	6560
6499	6561
6500	6562
6501	6563
6502	6564
6503	6565
6504	6566
6505	6567
6506	6568
6507	6569
6508	6570
6509	6571
6510	6572
6511	6573
6512	6574
6513	6575
6514	6576
6515	6577
6516	6578
6517	6579
6518	6580
6519	6581
6520	6582
6521	6583
6522	6584
6523	6585
6524	6586
6525	6587
6526	6588
6527	6589
6528	6590
6529	6591
6530	6592
6531	6593
6532	6594
6533	6595
6534	6596
6535	6597
6536	6598
6537	6599
6538	6600
6539	6601
6540	6602
6541	6603
6542	6604
6543	6605
6544	6606
6545	6607
6546	6608
6547	6609
6548	6610
6549	6611
6550	6612
6551	6613
6552	6614
6553	6615
6554	6616
6555	6617
6556	6618
6557	6619
6558	6620
6559	6621
6560	6622
6561	6623
6562	6624
6563	6625
6564	6626
6565	6627
6566	6628
6567	6629
6568	6630
6569	6631
6570	6632
6571	6633
6572	6634
6573	6635
6574	6636
6575	6637
6576	6638
6577	6639
6578	6640
6579	6641
6580	6642
6581	6643
6582	6644
6583	6645
6584	6646
6585	6647
6586	6648
6587	6649
6588	6650
6589	6651
6590	6652
6591	6653
6592	6654
6593	6655
6594	6656
6595	6657
6596	6658
6597	6659
6598	6660
6599	6661
6600	6662
6601	6663
6602	6664
6603	6665
6604	6666
6605	6667
6606	6668
6607	6669
6608	6670
6609	6671
6610	6672
6611	6673
6612	6674
6613	6675
6614	6676
6615	6677
6616	6678
6617	6679
6618	6680
6619	6681
6620	6682
6621	6683
6622	6684
6623	6685
6624	6686
6625	6687
6626	6688
6627	6689
6628	6690
6629	6691
6630	6692
6631	6693
6632	6694
6633	6695
6634	6696
6635	6697
6636	6698
6637	6699
6638	6700
6639	6701
6640	6702
6641	6703
6642	6704
6643	6705
6644	6706
6645	6707
6646	6708
6647	6709
6648	6710
6649	6711
6650	6712
6651	6713
6652	6714
6653	6715
6654	6716
6655	6717
6656	6718
6657	6719
6658	6720
6659	6721
6660	6722
6661	6723
6662	6724
6663	6725
6664	6726
6665	6727
6666	6728
6667	6729
6668	6730
6669	6731
6670	6732
6671	6733
6672	6734
6673	6735
6674	6736
6675	6737
6676	6738
6677	6739
6678	6740
6679	6741
6680	6742
6681	6743
6682	6744
6683	6745
6684	6746
6685	6747
6686	6748
6687	6749
6688	6750
6689	6751
6690	6752
6691	6753
6692	6754
6693	6755
6694	6756
6695	6757
6696	6758
6697	6759
6698	6760
6699	6761
6700	6762
6701	6763
6702	6764
6703	6765
6704	6766
6705	6767
6706	6768
6707	6769
6708	6770
6709	6771
6710	6772
6711	6773
6712	6774
6713	6775
6714	6776
6715	6777
6716	6778
6717	6779
6718	6780
6719	6781
6720	6782
6721	6783
6722	6784
6723	6785
6724	6786
6725	6787
6726	6788
6727	6789
6728	6790
6729	6791
6730	6792
6731	6793
6732	6794
6733	6795
6734	6796
6735	6797
6736	6798
6737	6799
6738	6800
6739	6801
6740	6802
6741	6803
6742	6804
6743	6805
6744	6806
6745	6807
6746	6808
6747	6809
6748	6810
6749	6811
6750	6812
6751	6813
6752	6814
6753	6815
6754	6816
6755	6817
6756	6818
6757	6819
6758	6820
6759	6821
6760	6822
6761	6823
6762	6824
6763	6825
6764	6826
6765	6827
6766	6828
6767	6829
6768	6830
6769	6831
6770	6832
6771	6833
6772	6834
6773	6835
6774	6836
6775	6837
6776	6838
6777	6839
6778	6840
6779	6841
6780	6842
6781	6843
6782	6844
6783	6845
6784	6846
6785	6847
6786	6848
6787	6849
6788	6850
6789	6851
6790	6852
6791	6853
6792	6854
6793	6855
6794	6856
6795	6857
6796	6858
6797	6859
6798	6860
6799	6861
6800	6862
6801	6863
6802	6864
6803	6865
6804	6866
6805	6867
6806	6868
6807	6869
6808	6870
6809	6871
6810	6872
6811	6873
6812	6874
6813	6875
6814	6876
6815	6877
6816	6878
6817	6879
6818	6880
6819	6881
6820	6882
6821	6883
6822	6884
6823	6885
6824	6886
6825	6887
6826	6888
6827	6889
6828	6890
6829	6891
6830	6892
6831	6893
6832	6894
6833	6895
6834	6896
6835	6897
6836	6898
6837	6899
6838	6900
6839	6901
6840	6902
6841	6903
6842	6904
6843	6905
6844	6906
6845	6907
6846	6908
6847	6909
6848	6910
6849	6911
6850	6912
6851	6913
6852	6914
6853	6915
6854	6916
6855	6917
6856	6918
6857	6919
6858	6920
6859	6921
6860	6922
6861	6923
6862	6924
6863	6925
6864	6926
6865	6927
6866	6928
6867	6929
6868	6930
6869	6931
6870	6932
6871	6933
6872	6934
6873	6935
6874	6936
6875	6937
6876	6938
6877	6939
6878	6940
6879	6941
6880	6942
6881	6943
6882	6944
6883	6945
6884	6946
6885	6947
6886	6948
6887	6949
6888	6950
6889	6951
6890	6952
6891	6953
6892	6954
6893	6955
6894	6956
6895	6957
6896	6958
6897	6959
6898	6960
6899	6961
6900	6962
6901	6963
6902	6964
6903	6965
6904	6966
6905	6967
6906	6968
6907	6969
6908	6970
6909	6971
6910	6972
6911	6973
6912	6974
6913	6975
6914	6976
6915	6977
6916	6978
6917	6979
6918	6980
6919	6981
6920	6982
6921	6983
6922	6984
6923	6985
6924	6986
6925	6987
6926	6988
6927	6989
6928	6990
6929	6991
6930	6992
6931	6993
6932	6994
6933	6995
6934	6996
6935	6997
6936	6998
6937	6999
6938	7000
6939	7001
6940	7002
6941	7003
6942	7004
6943	7005
6944	7006
6945	7007
6946	7008
6947	7009
6948	7010
6949	7011
6950	7012
6951	7013
6952	7014
6953	7015
6954	7016
6955	7017
6956	7018
6957	7019
6958	7020
6959	7021
6960	7022
6961	7023
6962	7024
6963	7025
6964	7026
6965	7027
6966	7028
6967	7029
6968	7030
6969	7031
6970	7032
6971	7033
6972	7034
6973	7035
6974	7036
6975	7037
6976	7038
6977	7039
6978	7040
6979	7041
6980	7042
6981	7043
6982	7044
6983	7045
6984	7046
6985	7047
6986	7048
6987	7049
6988	7050
6989	7051
6990	7052
6991	7053
6992	7054
6993	7055
6994	7056
6995	7057
6996	7058
6997	7059
6998	7060
6999	7061
7000	7062
7001	7063
7002	7064
7003	7065
7004	7066
7005	7067
7006	7068
7007	7069
7008	7070
7009	7071
7010	7072
7011	7073
7012	7074
7013	7075
7014	7076
7015	7077
7016	7078
7017	7079
7018	7080
7019	7081
7020	7082
7021	7083
7022	7084
7023	7085
7024	7086
7025	7087
7026	7088
7027	7089
7028	7090
7029	7091
7030	7092
7031	7093
7032	7094
7033	7095
7034	7096
