1	1
2	2
3	3
4	4
5	5
6	6
7	7
8	8
9	9
10	10
11	11
12	12
13	13
14	14
15	15
16	16
17	17
18	18
19	19
20	20
21	21
22	22
23	23
24	24
25	25
26	26
27	27
28	28
29	29
30	30
31	31
32	32
33	33
34	34
35	35
36	36
37	37
38	38
39	39
40	40
41	41
42	42
43	43
44	44
45	45
46	46
47	47
48	48
49	49
50	50
51	51
52	52
53	53
54	54
55	55
56	56
57	57
58	58
59	59
60	60
61	61
62	62
63	63
64	64
65	65
66	66
67	67
68	68
69	69
70	70
71	71
72	72
73	73
74	74
75	75
76	76
77	77
78	78
79	79
80	80
81	81
82	82
83	83
84	84
85	85
86	86
87	87
88	88
89	89
90	90
91	91
92	92
93	93
94	94
95	95
96	96
97	97
98	98
99	99
100	100
101	101
102	102
103	103
104	104
105	105
106	106
107	107
108	108
109	109
110	110
111	111
112	112
113	113
114	114
115	115
116	116
117	117
118	118
119	119
120	120
121	121
122	122
123	123
124	124
125	125
126	126
127	127
128	128
129	129
130	130
131	131
132	132
133	133
134	134
135	135
136	136
137	137
138	138
139	139
140	140
141	141
142	142
143	143
144	144
145	145
146	146
147	147
148	148
149	149
150	150
151	151
152	152
153	153
154	154
155	155
156	156
157	157
158	158
159	159
160	160
161	161
162	162
163	163
164	164
165	165
166	166
167	167
168	168
169	169
170	170
171	171
172	172
173	173
174	174
175	175
176	176
177	177
178	178
179	179
180	180
181	181
182	182
183	183
184	184
185	185
186	186
187	187
188	188
189	189
190	190
191	191
192	192
193	193
194	194
195	195
196	196
197	197
198	198
199	199
200	200
201	201
202	202
203	203
204	204
205	205
206	206
207	207
208	208
209	209
210	210
211	211
212	212
213	213
214	214
215	215
216	216
217	217
218	218
219	219
220	220
221	221
222	222
223	223
224	224
225	225
226	226
227	227
228	228
229	229
230	230
231	231
232	232
233	233
234	234
235	235
236	236
237	237
238	238
239	239
240	240
241	241
242	242
243	243
244	244
245	245
246	246
247	247
248	248
249	249
250	250
251	251
252	252
253	253
254	254
255	255
256	256
257	257
258	258
259	259
260	260
261	261
262	262
263	263
264	264
265	265
266	266
267	267
268	268
269	269
270	270
271	271
272	272
273	273
274	274
275	275
276	276
277	277
278	278
279	279
280	280
281	281
282	282
283	283
284	284
285	285
286	286
287	287
288	288
289	289
290	290
291	291
292	292
293	293
294	294
295	295
296	296
297	297
298	298
299	299
300	300
301	301
302	302
303	303
304	304
305	305
306	306
307	307
308	308
309	309
310	310
311	311
312	312
313	313
314	314
315	315
316	316
317	317
318	318
319	319
320	320
321	321
322	322
323	323
324	324
325	325
326	326
327	327
328	328
329	329
330	330
331	331
332	332
333	333
334	334
335	335
336	336
337	337
338	338
339	339
340	340
341	341
342	342
343	343
344	344
345	345
346	346
347	347
348	348
349	349
350	350
351	351
352	352
353	353
354	354
355	355
356	356
357	357
358	358
359	359
360	360
361	361
362	362
363	363
364	364
365	365
366	366
367	367
368	368
369	369
370	370
371	371
372	372
373	373
374	374
375	375
376	376
377	377
378	378
379	379
380	380
381	381
382	382
383	383
384	384
385	385
386	386
387	387
388	388
389	389
390	390
391	391
392	392
393	393
394	394
395	395
396	396
397	397
398	398
399	399
400	400
401	401
402	402
403	403
404	404
405	405
406	406
407	407
408	408
409	409
410	410
411	411
412	412
413	413
414	414
415	415
416	416
417	417
418	418
419	419
420	420
421	421
422	422
423	423
424	424
425	425
426	426
427	427
428	428
429	429
430	430
431	431
432	432
433	433
434	434
435	435
436	436
437	437
438	438
439	439
440	440
441	441
442	442
443	443
444	444
445	445
446	446
447	447
448	448
449	449
450	450
451	451
452	452
453	453
454	454
455	455
456	456
457	457
458	458
459	459
460	460
461	461
462	462
463	463
464	464
465	465
466	466
467	467
468	468
469	469
470	470
471	471
472	472
473	473
474	474
475	475
476	476
477	477
478	478
479	479
480	480
481	481
482	482
483	483
484	484
485	485
486	486
487	487
488	488
489	489
490	490
491	491
492	492
493	493
494	494
495	495
496	496
497	497
498	498
499	499
500	500
501	501
502	502
503	503
504	504
505	505
506	506
507	507
508	508
509	509
510	510
511	511
512	512
513	513
514	514
515	515
516	516
517	517
518	518
519	519
520	520
521	521
522	522
523	523
524	524
525	525
526	526
527	527
528	528
529	529
530	530
531	531
532	532
533	533
534	534
535	535
536	536
537	537
538	538
539	539
540	540
541	541
542	542
543	543
544	544
545	545
546	546
547	547
548	548
549	549
550	550
551	551
552	552
553	553
554	554
555	555
556	556
557	557
558	558
559	559
560	560
561	561
562	562
563	563
564	564
565	565
566	566
567	567
568	568
569	569
570	570
571	571
572	572
573	573
574	574
575	575
576	576
577	577
578	578
579	579
580	580
581	581
582	582
583	583
584	584
585	585
586	586
587	587
588	588
589	589
590	590
591	591
592	592
593	593
594	594
595	595
596	596
597	597
598	598
599	599
600	600
601	601
602	602
603	603
604	604
605	605
606	606
607	607
608	608
609	609
610	610
611	611
612	612
613	613
614	614
615	615
616	616
617	617
618	618
619	619
620	620
621	621
622	622
623	623
624	624
625	625
626	626
627	627
628	628
629	629
630	630
631	631
632	632
633	633
634	634
635	635
636	636
637	637
638	638
639	639
640	640
641	641
642	642
643	643
644	644
645	645
646	646
647	647
648	648
649	649
650	650
651	651
652	652
653	653
654	654
655	655
656	656
657	657
658	658
659	659
660	660
661	661
662	662
663	663
664	664
665	665
666	666
667	667
668	668
669	669
670	670
671	671
672	672
673	673
674	674
675	675
676	676
677	677
678	678
679	679
680	680
681	681
682	682
683	683
684	684
685	685
686	686
687	687
688	688
689	689
690	690
691	691
692	692
693	693
694	694
695	695
696	696
697	697
698	698
699	699
700	700
701	701
702	702
703	703
704	704
705	705
706	706
707	707
708	708
709	709
710	710
711	711
712	712
713	713
714	714
715	715
716	716
717	717
718	718
719	719
720	720
721	721
722	722
723	723
724	724
725	725
726	726
727	727
728	728
729	729
730	730
731	731
732	732
733	733
734	734
735	735
736	736
737	737
738	738
739	739
740	740
741	741
742	742
743	743
744	744
745	745
746	746
747	747
748	748
749	749
750	750
751	751
752	752
753	753
754	754
755	755
756	756
757	757
758	758
759	759
760	760
761	761
762	762
763	763
764	764
765	765
766	766
767	767
768	768
769	769
770	770
771	771
772	772
773	773
774	774
775	775
776	776
777	777
778	778
779	779
780	780
781	781
782	782
783	783
784	784
785	785
786	786
787	787
788	788
789	789
790	790
791	791
792	792
793	793
794	794
795	795
796	796
797	797
798	798
799	799
800	800
801	801
802	802
803	803
804	804
805	805
806	806
807	807
808	808
809	809
810	810
811	811
812	812
813	813
814	814
815	815
816	816
817	817
818	818
819	819
820	820
821	821
822	822
823	823
824	824
825	825
826	826
827	827
828	828
829	829
830	830
831	831
832	832
833	833
834	834
835	835
836	836
837	837
838	838
839	839
840	840
841	841
842	842
843	843
844	844
845	845
846	846
847	847
848	848
849	849
850	850
851	851
852	852
853	853
854	854
855	855
856	856
857	857
858	858
859	859
860	860
861	861
862	862
863	863
864	864
865	865
866	866
867	867
868	868
869	869
870	870
871	871
872	872
873	873
874	874
875	875
876	876
877	877
878	878
879	879
880	880
881	881
882	882
883	883
884	884
885	885
886	886
887	887
888	888
889	889
890	890
891	891
892	892
893	893
894	894
895	895
896	896
897	897
898	898
899	899
900	900
901	901
902	902
903	903
904	904
905	905
906	906
907	907
908	908
909	909
910	910
911	911
912	912
913	913
914	914
915	915
916	916
917	917
918	918
919	919
920	920
921	921
922	922
923	923
924	924
925	925
926	926
927	927
928	928
929	929
930	930
931	931
932	932
933	933
934	934
935	935
936	936
937	937
938	938
939	939
940	940
941	941
942	942
943	943
944	944
945	945
946	946
947	947
948	948
949	949
950	950
951	951
952	952
953	953
954	954
955	955
956	956
957	957
958	958
959	959
960	960
961	961
962	962
963	963
964	964
965	965
966	966
967	967
968	968
969	969
970	970
971	971
972	972
973	973
974	974
975	975
976	976
977	977
978	978
979	979
980	980
981	981
982	982
983	983
984	984
985	985
986	986
987	987
988	988
989	989
990	990
991	991
992	992
993	993
994	994
995	995
996	996
997	997
998	998
999	999
1000	1000
1001	1001
1002	1002
1003	1003
1004	1004
1005	1005
1006	1006
1007	1007
1008	1008
1009	1009
1010	1010
1011	1011
1012	1012
1013	1013
1014	1014
1015	1015
1016	1016
1017	1017
1018	1018
1019	1019
1020	1020
1021	1021
1022	1022
1023	1023
1024	1024
1025	1025
1026	1026
1027	1027
1028	1028
1029	1029
1030	1030
1031	1031
1032	1032
1033	1033
1034	1034
1035	1035
1036	1036
1037	1037
1038	1038
1039	1039
1040	1040
1041	1041
1042	1042
1043	1043
1044	1044
1045	1045
1046	1046
1047	1047
1048	1048
1049	1049
1050	1050
1051	1051
1052	1052
1053	1053
1054	1054
1055	1055
1056	1056
1057	1057
1058	1058
1059	1059
1060	1060
1061	1061
1062	1062
1063	1063
1064	1064
1065	1065
1066	1066
1067	1067
1068	1068
1069	1069
1070	1070
1071	1071
1072	1072
1073	1073
1074	1074
1075	1075
1076	1076
1077	1077
1078	1078
1079	1079
1080	1080
1081	1081
1082	1082
1083	1083
1084	1084
1085	1085
1086	1086
1087	1087
1088	1088
1089	1089
1090	1090
1091	1091
1092	1092
1093	1093
1094	1094
1095	1095
1096	1096
1097	1097
1098	1098
1099	1099
1100	1100
1101	1101
1102	1102
1103	1103
1104	1104
1105	1105
1106	1106
1107	1107
1108	1108
1109	1109
1110	1110
1111	1111
1112	1112
1113	1113
1114	1114
1115	1115
1116	1116
1117	1117
1118	1118
1119	1119
1120	1120
1121	1121
1122	1122
1123	1123
1124	1124
1125	1125
1126	1126
1127	1127
1128	1128
1129	1129
1130	1130
1131	1131
1132	1132
1133	1133
1134	1134
1135	1135
1136	1136
1137	1137
1138	1138
1139	1139
1140	1140
1141	1141
1142	1142
1143	1143
1144	1144
1145	1145
1146	1146
1147	1147
1148	1148
1149	1149
1150	1150
1151	1151
1152	1152
1153	1153
1154	1154
1155	1155
1156	1156
1157	1157
1158	1158
1159	1159
1160	1160
1161	1161
1162	1162
1163	1163
1164	1164
1165	1165
1166	1166
1167	1167
1168	1168
1169	1169
1170	1170
1171	1171
1172	1172
1173	1173
1174	1174
1175	1175
1176	1176
1177	1177
1178	1178
1179	1179
1180	1180
1181	1181
1182	1182
1183	1183
1184	1184
1185	1185
1186	1186
1187	1187
1188	1188
1189	1189
1190	1190
1191	1191
1192	1192
1193	1193
1194	1194
1195	1195
1196	1196
1197	1197
1198	1198
1199	1199
1200	1200
1201	1201
1202	1202
1203	1203
1204	1204
1205	1205
1206	1206
1207	1207
1208	1208
1209	1209
1210	1210
1211	1211
1212	1212
1213	1213
1214	1214
1215	1215
1216	1216
1217	1217
1218	1218
1219	1219
1220	1220
1221	1221
1222	1222
1223	1223
1224	1224
1225	1225
1226	1226
1227	1227
1228	1228
1229	1229
1230	1230
1231	1231
1232	1232
1233	1233
1234	1234
1235	1235
1236	1236
1237	1237
1238	1238
1239	1239
1240	1240
1241	1241
1242	1242
1243	1243
1244	1244
1245	1245
1246	1246
1247	1247
1248	1248
1249	1249
1250	1250
1251	1251
1252	1252
1253	1253
1254	1254
1255	1255
1256	1256
1257	1257
1258	1258
1259	1259
1260	1260
1261	1261
1262	1262
1263	1263
1264	1264
1265	1265
1266	1266
1267	1267
1268	1268
1269	1269
1270	1270
1271	1271
1272	1272
1273	1273
1274	1274
1275	1275
1276	1276
1277	1277
1278	1278
1279	1279
1280	1280
1281	1281
1282	1282
1283	1283
1284	1284
1285	1285
1286	1286
1287	1287
1288	1288
1289	1289
1290	1290
1291	1291
1292	1292
1293	1293
1294	1294
1295	1295
1296	1296
1297	1297
1298	1298
1299	1299
1300	1300
1301	1301
1302	1302
1303	1303
1304	1304
1305	1305
1306	1306
1307	1307
1308	1308
1309	1309
1310	1310
1311	1311
1312	1312
1313	1313
1314	1314
1315	1315
1316	1316
1317	1317
1318	1318
1319	1319
1320	1320
1321	1321
1322	1322
1323	1323
1324	1324
1325	1325
1326	1326
1327	1327
1328	1328
1329	1329
1330	1330
1331	1331
1332	1332
1333	1333
1334	1334
1335	1335
1336	1336
1337	1337
1338	1338
1339	1339
1340	1340
1341	1341
1342	1342
1343	1343
1344	1344
1345	1345
1346	1346
1347	1347
1348	1348
1349	1349
1350	1350
1351	1351
1352	1352
1353	1353
1354	1354
1355	1355
1356	1356
1357	1357
1358	1358
1359	1359
1360	1360
1361	1361
1362	1362
1363	1363
1364	1364
1365	1365
1366	1366
1367	1367
1368	1368
1369	1369
1370	1370
1371	1371
1372	1372
1373	1373
1374	1374
1375	1375
1376	1376
1377	1377
1378	1378
1379	1379
1380	1380
1381	1381
1382	1382
1383	1383
1384	1384
1385	1385
1386	1386
1387	1387
1388	1388
1389	1389
1390	1390
1391	1391
1392	1392
1393	1393
1394	1394
1395	1395
1396	1396
1397	1397
1398	1398
1399	1399
1400	1400
1401	1401
1402	1402
1403	1403
1404	1404
1405	1405
1406	1406
1407	1407
1408	1408
1409	1409
1410	1410
1411	1411
1412	1412
1413	1413
1414	1414
1415	1415
1416	1416
1417	1417
1418	1418
1419	1419
1420	1420
1421	1421
1422	1422
1423	1423
1424	1424
1425	1425
1426	1426
1427	1427
1428	1428
1429	1429
1430	1430
1431	1431
1432	1432
1433	1433
1434	1434
1435	1435
1436	1436
1437	1437
1438	1438
1439	1439
1440	1440
1441	1441
1442	1442
1443	1443
1444	1444
1445	1445
1446	1446
1447	1447
1448	1448
1449	1449
1450	1450
1451	1451
1452	1452
1453	1453
1454	1454
1455	1455
1456	1456
1457	1457
1458	1458
1459	1459
1460	1460
1461	1461
1462	1462
1463	1463
1464	1464
1465	1465
1466	1466
1467	1467
1468	1468
1469	1469
1470	1470
1471	1471
1472	1472
1473	1473
1474	1474
1475	1475
1476	1476
1477	1477
1478	1478
1479	1479
1480	1480
1481	1481
1482	1482
1483	1483
1484	1484
1485	1485
1486	1486
1487	1487
1488	1488
1489	1489
1490	1490
1491	1491
1492	1492
1493	1493
1494	1494
1495	1495
1496	1496
1497	1497
1498	1498
1499	1499
1500	1500
1501	1501
1502	1502
1503	1503
1504	1504
1505	1505
1506	1506
1507	1507
1508	1508
1509	1509
1510	1510
1511	1511
1512	1512
1513	1513
1514	1514
1515	1515
1516	1516
1517	1517
1518	1518
1519	1519
1520	1520
1521	1521
1522	1522
1523	1523
1524	1524
1525	1525
1526	1526
1527	1527
1528	1528
1529	1529
1530	1530
1531	1531
1532	1532
1533	1533
1534	1534
1535	1535
1536	1536
1537	1537
1538	1538
1539	1539
1540	1540
1541	1541
1542	1542
1543	1543
1544	1544
1545	1545
1546	1546
1547	1547
1548	1548
1549	1549
1550	1550
1551	1551
1552	1552
1553	1553
1554	1554
1555	1555
1556	1556
1557	1557
1558	1558
1559	1559
1560	1560
1561	1561
1562	1562
1563	1563
1564	1564
1565	1565
1566	1566
1567	1567
1568	1568
1569	1569
1570	1570
1571	1571
1572	1572
1573	1573
1574	1574
1575	1575
1576	1576
1577	1577
1578	1578
1579	1579
1580	1580
1581	1581
1582	1582
1583	1583
1584	1584
1585	1585
1586	1586
1587	1587
1588	1588
1589	1589
1590	1590
1591	1591
1592	1592
1593	1593
1594	1594
1595	1595
1596	1596
1597	1597
1598	1598
1599	1599
1600	1600
1601	1601
1602	1602
1603	1603
1604	1604
1605	1605
1606	1606
1607	1607
1608	1608
1609	1609
1610	1610
1611	1611
1612	1612
1613	1613
1614	1614
1615	1615
1616	1616
1617	1617
1618	1618
1619	1619
1620	1620
1621	1621
1622	1622
1623	1623
1624	1624
1625	1625
1626	1626
1627	1627
1628	1628
1629	1629
1630	1630
1631	1631
1632	1632
1633	1633
1634	1634
1635	1635
1636	1636
1637	1637
1638	1638
1639	1639
1640	1640
1641	1641
1642	1642
1643	1643
1644	1644
1645	1645
1646	1646
1647	1647
1648	1648
1649	1649
1650	1650
1651	1651
1652	1652
1653	1653
1654	1654
1655	1655
1656	1656
1657	1657
1658	1658
1659	1659
1660	1660
1661	1661
1662	1662
1663	1663
1664	1664
1665	1665
1666	1666
1667	1667
1668	1668
1669	1669
1670	1670
1671	1671
1672	1672
1673	1673
1674	1674
1675	1675
1676	1676
1677	1677
1678	1678
1679	1679
1680	1680
1681	1681
1682	1682
1683	1683
1684	1684
1685	1685
1686	1686
1687	1687
1688	1688
1689	1689
1690	1690
1691	1691
1692	1692
1693	1693
1694	1694
1695	1695
1696	1696
1697	1697
1698	1698
1699	1699
1700	1700
1701	1701
1702	1702
1703	1703
1704	1704
1705	1705
1706	1706
1707	1707
1708	1708
1709	1709
1710	1710
1711	1711
1712	1712
1713	1713
1714	1714
1715	1715
1716	1716
1717	1717
1718	1718
1719	1719
1720	1720
1721	1721
1722	1722
1723	1723
1724	1724
1725	1725
1726	1726
1727	1727
1728	1728
1729	1729
1730	1730
1731	1731
1732	1732
1733	1733
1734	1734
1735	1735
1736	1736
1737	1737
1738	1738
1739	1739
1740	1740
1741	1741
1742	1742
1743	1743
1744	1744
1745	1745
1746	1746
1747	1747
1748	1748
1749	1749
1750	1750
1751	1751
1752	1752
1753	1753
1754	1754
1755	1755
1756	1756
1757	1757
1758	1758
1759	1759
1760	1760
1761	1761
1762	1762
1763	1763
1764	1764
1765	1765
1766	1766
1767	1767
1768	1768
1769	1769
1770	1770
1771	1771
1772	1772
1773	1773
1774	1774
1775	1775
1776	1776
1777	1777
1778	1778
1779	1779
1780	1780
1781	1781
1782	1782
1783	1783
1784	1784
1785	1785
1786	1786
1787	1787
1788	1788
1789	1789
1790	1790
1791	1791
1792	1792
1793	1793
1794	1794
1795	1795
1796	1796
1797	1797
1798	1798
1799	1799
1800	1800
1801	1801
1802	1802
1803	1803
1804	1804
1805	1805
1806	1806
1807	1807
1808	1808
1809	1809
1810	1810
1811	1811
1812	1812
1813	1813
1814	1814
1815	1815
1816	1816
1817	1817
1818	1818
1819	1819
1820	1820
1821	1821
1822	1822
1823	1823
1824	1824
1825	1825
1826	1826
1827	1827
1828	1828
1829	1829
1830	1830
1831	1831
1832	1832
1833	1833
1834	1834
1835	1835
1836	1836
1837	1837
1838	1838
1839	1839
1840	1840
1841	1841
1842	1842
1843	1843
1844	1844
1845	1845
1846	1846
1847	1847
1848	1848
1849	1849
1850	1850
1851	1851
1852	1852
1853	1853
1854	1854
1855	1855
1856	1856
1857	1857
1858	1858
1859	1859
1860	1860
1861	1861
1862	1862
1863	1863
1864	1864
1865	1865
1866	1866
1867	1867
1868	1868
1869	1869
1870	1870
1871	1871
1872	1872
1873	1873
1874	1874
1875	1875
1876	1876
1877	1877
1878	1878
1879	1879
1880	1880
1881	1881
1882	1882
1883	1883
1884	1884
1885	1885
1886	1886
1887	1887
1888	1888
1889	1889
1890	1890
1891	1891
1892	1892
1893	1893
1894	1894
1895	1895
1896	1896
1897	1897
1898	1898
1899	1899
1900	1900
1901	1901
1902	1902
1903	1903
1904	1904
1905	1905
1906	1906
1907	1907
1908	1908
1909	1909
1910	1910
1911	1911
1912	1912
1913	1913
1914	1914
1915	1915
1916	1916
1917	1917
1918	1918
1919	1919
1920	1920
1921	1921
1922	1922
1923	1923
1924	1924
1925	1925
1926	1926
1927	1927
1928	1928
1929	1929
1930	1930
1931	1931
1932	1932
1933	1933
1934	1934
1935	1935
1936	1936
1937	1937
1938	1938
1939	1939
1940	1940
1941	1941
1942	1942
1943	1943
1944	1944
1945	1945
1946	1946
1947	1947
1948	1948
1949	1949
1950	1950
1951	1951
1952	1952
1953	1953
1954	1954
1955	1955
1956	1956
1957	1957
1958	1958
1959	1959
1960	1960
1961	1961
1962	1962
1963	1963
1964	1964
1965	1965
1966	1966
1967	1967
1968	1968
1969	1969
1970	1970
1971	1971
1972	1972
1973	1973
1974	1974
1975	1975
1976	1976
1977	1977
1978	1978
1979	1979
1980	1980
1981	1981
1982	1982
1983	1983
1984	1984
1985	1985
1986	1986
1987	1987
1988	1988
1989	1989
1990	1990
1991	1991
1992	1992
1993	1993
1994	1994
1995	1995
1996	1996
1997	1997
1998	1998
1999	1999
2000	2000
2001	2001
2002	2002
2003	2003
2004	2004
2005	2005
2006	2006
2007	2007
2008	2008
2009	2009
2010	2010
2011	2011
2012	2012
2013	2013
2014	2014
2015	2015
2016	2016
2017	2017
2018	2018
2019	2019
2020	2020
2021	2021
2022	2022
2023	2023
2024	2024
2025	2025
2026	2026
2027	2027
2028	2028
2029	2029
2030	2030
2031	2031
2032	2032
2033	2033
2034	2034
2035	2035
2036	2036
2037	2037
2038	2038
2039	2039
2040	2040
2041	2041
2042	2042
2043	2043
2044	2044
2045	2045
2046	2046
2047	2047
2048	2048
2049	2049
2050	2050
2051	2051
2052	2052
2053	2053
2054	2054
2055	2055
2056	2056
2057	2057
2058	2058
2059	2059
2060	2060
2061	2061
2062	2062
2063	2063
2064	2064
2065	2065
2066	2066
2067	2067
2068	2068
2069	2069
2070	2070
2071	2071
2072	2072
2073	2073
2074	2074
2075	2075
2076	2076
2077	2077
2078	2078
2079	2079
2080	2080
2081	2081
2082	2082
2083	2083
2084	2084
2085	2085
2086	2086
2087	2087
2088	2088
2089	2089
2090	2090
2091	2091
2092	2092
2093	2093
2094	2094
2095	2095
2096	2096
2097	2097
2098	2098
2099	2099
2100	2100
2101	2101
2102	2102
2103	2103
2104	2104
2105	2105
2106	2106
2107	2107
2108	2108
2109	2109
2110	2110
2111	2111
2112	2112
2113	2113
2114	2114
2115	2115
2116	2116
2117	2117
2118	2118
2119	2119
2120	2120
2121	2121
2122	2122
2123	2123
2124	2124
2125	2125
2126	2126
2127	2127
2128	2128
2129	2129
2130	2130
2131	2131
2132	2132
2133	2133
2134	2134
2135	2135
2136	2136
2137	2137
2138	2138
2139	2139
2140	2140
2141	2141
2142	2142
2143	2143
2144	2144
2145	2145
2146	2146
2147	2147
2148	2148
2149	2149
2150	2150
2151	2151
2152	2152
2153	2153
2154	2154
2155	2155
2156	2156
2157	2157
2158	2158
2159	2159
2160	2160
2161	2161
2162	2162
2163	2163
2164	2164
2165	2165
2166	2166
2167	2167
2168	2168
2169	2169
2170	2170
2171	2171
2172	2172
2173	2173
2174	2174
2175	2175
2176	2176
2177	2177
2178	2178
2179	2179
2180	2180
2181	2181
2182	2182
2183	2183
2184	2184
2185	2185
2186	2186
2187	2187
2188	2188
2189	2189
2190	2190
2191	2191
2192	2192
2193	2193
2194	2194
2195	2195
2196	2196
2197	2197
2198	2198
2199	2199
2200	2200
2201	2201
2202	2202
2203	2203
2204	2204
2205	2205
2206	2206
2207	2207
2208	2208
2209	2209
2210	2210
2211	2211
2212	2212
2213	2213
2214	2214
2215	2215
2216	2216
2217	2217
2218	2218
2219	2219
2220	2220
2221	2221
2222	2222
2223	2223
2224	2224
2225	2225
2226	2226
2227	2227
2228	2228
2229	2229
2230	2230
2231	2231
2232	2232
2233	2233
2234	2234
2235	2235
2236	2236
2237	2237
2238	2238
2239	2239
2240	2240
2241	2241
2242	2242
2243	2243
2244	2244
2245	2245
2246	2246
2247	2247
2248	2248
2249	2249
2250	2250
2251	2251
2252	2252
2253	2253
2254	2254
2255	2255
2256	2256
2257	2257
2258	2258
2259	2259
2260	2260
2261	2261
2262	2262
2263	2263
2264	2264
2265	2265
2266	2266
2267	2267
2268	2268
2269	2269
2270	2270
2271	2271
2272	2272
2273	2273
2274	2274
2275	2275
2276	2276
2277	2277
2278	2278
2279	2279
2280	2280
2281	2281
2282	2282
2283	2283
2284	2284
2285	2285
2286	2286
2287	2287
2288	2288
2289	2289
2290	2290
2291	2291
2292	2292
2293	2293
2294	2294
2295	2295
2296	2296
2297	2297
2298	2298
2299	2299
2300	2300
2301	2301
2302	2302
2303	2303
2304	2304
2305	2305
2306	2306
2307	2307
2308	2308
2309	2309
2310	2310
2311	2311
2312	2312
2313	2313
2314	2314
2315	2315
2316	2316
2317	2317
2318	2318
2319	2319
2320	2320
2321	2321
2322	2322
2323	2323
2324	2324
2325	2325
2326	2326
2327	2327
2328	2328
2329	2329
2330	2330
2331	2331
2332	2332
2333	2333
2334	2334
2335	2335
2336	2336
2337	2337
2338	2338
2339	2339
2340	2340
2341	2341
2342	2342
2343	2343
2344	2344
2345	2345
2346	2346
2347	2347
2348	2348
2349	2349
2350	2350
2351	2351
2352	2352
2353	2353
2354	2354
2355	2355
2356	2356
2357	2357
2358	2358
2359	2359
2360	2360
2361	2361
2362	2362
2363	2363
2364	2364
2365	2365
2366	2366
2367	2367
2368	2368
2369	2369
2370	2370
2371	2371
2372	2372
2373	2373
2374	2374
2375	2375
2376	2376
2377	2377
2378	2378
2379	2379
2380	2380
2381	2381
2382	2382
2383	2383
2384	2384
2385	2385
2386	2386
2387	2387
2388	2388
2389	2389
2390	2390
2391	2391
2392	2392
2393	2393
2394	2394
2395	2395
2396	2396
2397	2397
2398	2398
2399	2399
2400	2400
2401	2401
2402	2402
2403	2403
2404	2404
2405	2405
2406	2406
2407	2407
2408	2408
2409	2409
2410	2410
2411	2411
2412	2412
2413	2413
2414	2414
2415	2415
2416	2416
2417	2417
2418	2418
2419	2419
2420	2420
2421	2421
2422	2422
2423	2423
2424	2424
2425	2425
2426	2426
2427	2427
2428	2428
2429	2429
2430	2430
2431	2431
2432	2432
2433	2433
2434	2434
2435	2435
2436	2436
2437	2437
2438	2438
2439	2439
2440	2440
2441	2441
2442	2442
2443	2443
2444	2444
2445	2445
2446	2446
2447	2447
2448	2448
2449	2449
2450	2450
2451	2451
2452	2452
2453	2453
2454	2454
2455	2455
2456	2456
2457	2457
2458	2458
2459	2459
2460	2460
2461	2461
2462	2462
2463	2463
2464	2464
2465	2465
2466	2466
2467	2467
2468	2468
2469	2469
2470	2470
2471	2471
2472	2472
2473	2473
2474	2474
2475	2475
2476	2476
2477	2477
2478	2478
2479	2479
2480	2480
2481	2481
2482	2482
2483	2483
2484	2484
2485	2485
2486	2486
2487	2487
2488	2488
2489	2489
2490	2490
2491	2491
2492	2492
2493	2493
2494	2494
2495	2495
2496	2496
2497	2497
2498	2498
2499	2499
2500	2500
2501	2501
2502	2502
2503	2503
2504	2504
2505	2505
2506	2506
2507	2507
2508	2508
2509	2509
2510	2510
2511	2511
2512	2512
2513	2513
2514	2514
2515	2515
2516	2516
2517	2517
2518	2518
2519	2519
2520	2520
2521	2521
2522	2522
2523	2523
2524	2524
2525	2525
2526	2526
2527	2527
2528	2528
2529	2529
2530	2530
2531	2531
2532	2532
2533	2533
2534	2534
2535	2535
2536	2536
2537	2537
2538	2538
2539	2539
2540	2540
2541	2541
2542	2542
2543	2543
2544	2544
2545	2545
2546	2546
2547	2547
2548	2548
2549	2549
2550	2550
2551	2551
2552	2552
2553	2553
2554	2554
2555	2555
2556	2556
2557	2557
2558	2558
2559	2559
2560	2560
2561	2561
2562	2562
2563	2563
2564	2564
2565	2565
2566	2566
2567	2567
2568	2568
2569	2569
2570	2570
2571	2571
2572	2572
2573	2573
2574	2574
2575	2575
2576	2576
2577	2577
2578	2578
2579	2579
2580	2580
2581	2581
2582	2582
2583	2583
2584	2584
2585	2585
2586	2586
2587	2587
2588	2588
2589	2589
2590	2590
2591	2591
2592	2592
2593	2593
2594	2594
2595	2595
2596	2596
2597	2597
2598	2598
2599	2599
2600	2600
2601	2601
2602	2602
2603	2603
2604	2604
2605	2605
2606	2606
2607	2607
2608	2608
2609	2609
2610	2610
2611	2611
2612	2612
2613	2613
2614	2614
2615	2615
2616	2616
2617	2617
2618	2618
2619	2619
2620	2620
2621	2621
2622	2622
2623	2623
2624	2624
2625	2625
2626	2626
2627	2627
2628	2628
2629	2629
2630	2630
2631	2631
2632	2632
2633	2633
2634	2634
2635	2635
2636	2636
2637	2637
2638	2638
2639	2639
2640	2640
2641	2641
2642	2642
2643	2643
2644	2644
2645	2645
2646	2646
2647	2647
2648	2648
2649	2649
2650	2650
2651	2651
2652	2652
2653	2653
2654	2654
2655	2655
2656	2656
2657	2657
2658	2658
2659	2659
2660	2660
2661	2661
2662	2662
2663	2663
2664	2664
2665	2665
2666	2666
2667	2667
2668	2668
2669	2669
2670	2670
2671	2671
2672	2672
2673	2673
2674	2674
2675	2675
2676	2676
2677	2677
2678	2678
2679	2679
2680	2680
2681	2681
2682	2682
2683	2683
2684	2684
2685	2685
2686	2686
2687	2687
2688	2688
2689	2689
2690	2690
2691	2691
2692	2692
2693	2693
2694	2694
2695	2695
2696	2696
2697	2697
2698	2698
2699	2699
2700	2700
2701	2701
2702	2702
2703	2703
2704	2704
2705	2705
2706	2706
2707	2707
2708	2708
2709	2709
2710	2710
2711	2711
2712	2712
2713	2713
2714	2714
2715	2715
2716	2716
2717	2717
2718	2718
2719	2719
2720	2720
2721	2721
2722	2722
2723	2723
2724	2724
2725	2725
2726	2726
2727	2727
2728	2728
2729	2729
2730	2730
2731	2731
2732	2732
2733	2733
2734	2734
2735	2735
2736	2736
2737	2737
2738	2738
2739	2739
2740	2740
2741	2741
2742	2742
2743	2743
2744	2744
2745	2745
2746	2746
2747	2747
2748	2748
2749	2749
2750	2750
2751	2751
2752	2752
2753	2753
2754	2754
2755	2755
2756	2756
2757	2757
2758	2758
2759	2759
2760	2760
2761	2761
2762	2762
2763	2763
2764	2764
2765	2765
2766	2766
2767	2767
2768	2768
2769	2769
2770	2770
2771	2771
2772	2772
2773	2773
2774	2774
2775	2775
2776	2776
2777	2777
2778	2778
2779	2779
2780	2780
2781	2781
2782	2782
2783	2783
2784	2784
2785	2785
2786	2786
2787	2787
2788	2788
2789	2789
2790	2790
2791	2791
2792	2792
2793	2793
2794	2794
2795	2795
2796	2796
2797	2797
2798	2798
2799	2799
2800	2800
2801	2801
2802	2802
2803	2803
2804	2804
2805	2805
2806	2806
2807	2807
2808	2808
2809	2809
2810	2810
2811	2811
2812	2812
2813	2813
2814	2814
2815	2815
2816	2816
2817	2817
2818	2818
2819	2819
2820	2820
2821	2821
2822	2822
2823	2823
2824	2824
2825	2825
2826	2826
2827	2827
2828	2828
2829	2829
2830	2830
2831	2831
2832	2832
2833	2833
2834	2834
2835	2835
2836	2836
2837	2837
2838	2838
2839	2839
2840	2840
2841	2841
2842	2842
2843	2843
2844	2844
2845	2845
2846	2846
2847	2847
2848	2848
2849	2849
2850	2850
2851	2851
2852	2852
2853	2853
2854	2854
2855	2855
2856	2856
2857	2857
2858	2858
2859	2859
2860	2860
2861	2861
2862	2862
2863	2863
2864	2864
2865	2865
2866	2866
2867	2867
2868	2868
2869	2869
2870	2870
2871	2871
2872	2872
2873	2873
2874	2874
2875	2875
2876	2876
2877	2877
2878	2878
2879	2879
2880	2880
2881	2881
2882	2882
2883	2883
2884	2884
2885	2885
2886	2886
2887	2887
2888	2888
2889	2889
2890	2890
2891	2891
2892	2892
2893	2893
2894	2894
2895	2895
2896	2896
2897	2897
2898	2898
2899	2899
2900	2900
2901	2901
2902	2902
2903	2903
2904	2904
2905	2905
2906	2906
2907	2907
2908	2908
2909	2909
2910	2910
2911	2911
2912	2912
2913	2913
2914	2914
2915	2915
2916	2916
2917	2917
2918	2918
2919	2919
2920	2920
2921	2921
2922	2922
2923	2923
2924	2924
2925	2925
2926	2926
2927	2927
2928	2928
2929	2929
2930	2930
2931	2931
2932	2932
2933	2933
2934	2934
2935	2935
2936	2936
2937	2937
2938	2938
2939	2939
2940	2940
2941	2941
2942	2942
2943	2943
2944	2944
2945	2945
2946	2946
2947	2947
2948	2948
2949	2949
2950	2950
2951	2951
2952	2952
2953	2953
2954	2954
2955	2955
2956	2956
2957	2957
2958	2958
2959	2959
2960	2960
2961	2961
2962	2962
2963	2963
2964	2964
2965	2965
2966	2966
2967	2967
2968	2968
2969	2969
2970	2970
2971	2971
2972	2972
2973	2973
2974	2974
2975	2975
2976	2976
2977	2977
2978	2978
2979	2979
2980	2980
2981	2981
2982	2982
2983	2983
2984	2984
2985	2985
2986	2986
2987	2987
2988	2988
2989	2989
2990	2990
2991	2991
2992	2992
2993	2993
2994	2994
2995	2995
2996	2996
2997	2997
2998	2998
2999	2999
3000	3000
3001	3001
3002	3002
3003	3003
3004	3004
3005	3005
3006	3006
3007	3007
3008	3008
3009	3009
3010	3010
3011	3011
3012	3012
3013	3013
3014	3014
3015	3015
3016	3016
3017	3017
3018	3018
3019	3019
3020	3020
3021	3021
3022	3022
3023	3023
3024	3024
3025	3025
3026	3026
3027	3027
3028	3028
3029	3029
3030	3030
3031	3031
3032	3032
3033	3033
3034	3034
3035	3035
3036	3036
3037	3037
3038	3038
3039	3039
3040	3040
3041	3041
3042	3042
3043	3043
3044	3044
3045	3045
3046	3046
3047	3047
3048	3048
3049	3049
3050	3050
3051	3051
3052	3052
3053	3053
3054	3054
3055	3055
3056	3056
3057	3057
3058	3058
3059	3059
3060	3060
3061	3061
3062	3062
3063	3063
3064	3064
3065	3065
3066	3066
3067	3067
3068	3068
3069	3069
3070	3070
3071	3071
3072	3072
3073	3073
3074	3074
3075	3075
3076	3076
3077	3077
3078	3078
3079	3079
3080	3080
3081	3081
3082	3082
3083	3083
3084	3084
3085	3085
3086	3086
3087	3087
3088	3088
3089	3089
3090	3090
3091	3091
3092	3092
3093	3093
3094	3094
3095	3095
3096	3096
3097	3097
3098	3098
3099	3099
3100	3100
3101	3101
3102	3102
3103	3103
3104	3104
3105	3105
3106	3106
3107	3107
3108	3108
3109	3109
3110	3110
3111	3111
3112	3112
3113	3113
3114	3114
3115	3115
3116	3116
3117	3117
3118	3118
3119	3119
3120	3120
3121	3121
3122	3122
3123	3123
3124	3124
3125	3125
3126	3126
3127	3127
3128	3128
3129	3129
3130	3130
3131	3131
3132	3132
3133	3133
3134	3134
3135	3135
3136	3136
3137	3137
3138	3138
3139	3139
3140	3140
3141	3141
3142	3142
3143	3143
3144	3144
3145	3145
3146	3146
3147	3147
3148	3148
3149	3149
3150	3150
3151	3151
3152	3152
3153	3158
3154	3159
3155	3160
3156	3161
3157	3162
3158	3163
3159	3164
3160	3165
3161	3166
3162	3167
3163	3168
3164	3169
3165	3170
3166	3171
3167	3172
3168	3173
3169	3174
3170	3175
3171	3176
3172	3177
3173	3178
3174	3179
3175	3180
3176	3181
3177	3182
3178	3183
3179	3184
3180	3185
3181	3186
3182	3187
3183	3188
3184	3189
3185	3190
3186	3191
3187	3192
3188	3193
3189	3194
3190	3195
3191	3196
3192	3197
3193	3198
3194	3199
3195	3200
3196	3201
3197	3202
3198	3203
3199	3204
3200	3205
3201	3206
3202	3207
3203	3208
3204	3209
3205	3210
3206	3211
3207	3212
3208	3213
3209	3214
3210	3215
3211	3216
3212	3217
3213	3218
3214	3219
3215	3220
3216	3221
3217	3222
3218	3223
3219	3224
3220	3225
3221	3226
3222	3227
3223	3228
3224	3229
3225	3230
3226	3231
3227	3232
3228	3233
3229	3234
3230	3235
3231	3236
3232	3237
3233	3238
3234	3239
3235	3240
3236	3241
3237	3242
3238	3243
3239	3244
3240	3245
3241	3246
3242	3247
3243	3248
3244	3249
3245	3250
3246	3251
3247	3252
3248	3253
3249	3254
3250	3255
3251	3256
3252	3257
3253	3258
3254	3259
3255	3260
3256	3261
3257	3262
3258	3263
3259	3264
3260	3265
3261	3266
3262	3267
3263	3268
3264	3269
3265	3270
3266	3271
3267	3272
3268	3273
3269	3274
3270	3275
3271	3276
3272	3277
3273	3278
3274	3279
3275	3280
3276	3281
3277	3282
3278	3283
3279	3284
3280	3285
3281	3286
3282	3287
3283	3288
3284	3289
3285	3290
3286	3291
3287	3292
3288	3293
3289	3294
3290	3295
3291	3296
3292	3297
3293	3298
3294	3299
3295	3300
3296	3301
3297	3302
3298	3303
3299	3304
3300	3305
3301	3306
3302	3307
3303	3308
3304	3309
3305	3310
3306	3311
3307	3312
3308	3313
3309	3314
3310	3315
3311	3316
3312	3317
3313	3318
3314	3319
3315	3320
3316	3321
3317	3322
3318	3323
3319	3324
3320	3325
3321	3326
3322	3327
3323	3328
3324	3329
3325	3330
3326	3331
3327	3332
3328	3333
3329	3334
3330	3335
3331	3336
3332	3337
3333	3338
3334	3339
3335	3340
3336	3341
3337	3342
3338	3343
3339	3344
3340	3345
3341	3346
3342	3347
3343	3348
3344	3349
3345	3350
3346	3351
3347	3352
3348	3353
3349	3354
3350	3355
3351	3356
3352	3357
3353	3358
3354	3359
3355	3360
3356	3361
3357	3362
3358	3363
3359	3364
3360	3365
3361	3366
3362	3367
3363	3368
3364	3369
3365	3370
3366	3371
3367	3372
3368	3373
3369	3374
3370	3375
3371	3376
3372	3377
3373	3378
3374	3379
3375	3380
3376	3381
3377	3382
3378	3383
3379	3384
3380	3385
3381	3386
3382	3387
3383	3388
3384	3389
3385	3390
3386	3391
3387	3392
3388	3393
3389	3394
3390	3395
3391	3396
3392	3397
3393	3398
3394	3399
3395	3400
3396	3401
3397	3402
3398	3403
3399	3404
3400	3405
3401	3406
3402	3407
3403	3408
3404	3409
3405	3410
3406	3411
3407	3412
3408	3413
3409	3414
3410	3415
3411	3416
3412	3417
3413	3418
3414	3419
3415	3420
3416	3421
3417	3422
3418	3423
3419	3424
3420	3425
3421	3426
3422	3427
3423	3428
3424	3429
3425	3430
3426	3431
3427	3432
3428	3433
3429	3434
3430	3435
3431	3436
3432	3437
3433	3438
3434	3439
3435	3440
3436	3441
3437	3442
3438	3443
3439	3444
3440	3445
3441	3446
3442	3447
3443	3448
3444	3449
3445	3450
3446	3451
3447	3452
3448	3453
3449	3454
3450	3455
3451	3456
3452	3457
3453	3458
3454	3459
3455	3460
3456	3461
3457	3462
3458	3463
3459	3464
3460	3465
3461	3466
3462	3467
3463	3468
3464	3469
3465	3470
3466	3471
3467	3472
3468	3473
3469	3474
3470	3475
3471	3476
3472	3477
3473	3478
3474	3479
3475	3480
3476	3481
3477	3482
3478	3483
3479	3484
3480	3485
3481	3486
3482	3487
3483	3488
3484	3489
3485	3490
3486	3491
3487	3492
3488	3493
3489	3494
3490	3495
3491	3496
3492	3497
3493	3498
3494	3499
3495	3500
3496	3501
3497	3502
3498	3503
3499	3504
3500	3505
3501	3506
3502	3507
3503	3508
3504	3509
3505	3510
3506	3511
3507	3512
3508	3513
3509	3514
3510	3515
3511	3516
3512	3517
3513	3518
3514	3519
3515	3520
3516	3521
3517	3522
3518	3523
3519	3524
3520	3525
3521	3526
3522	3527
3523	3528
3524	3529
3525	3530
3526	3531
3527	3532
3528	3533
3529	3534
3530	3535
3531	3536
3532	3537
3533	3538
3534	3539
3535	3540
3536	3541
3537	3542
3538	3543
3539	3544
3540	3545
3541	3546
3542	3547
3543	3548
3544	3549
3545	3550
3546	3551
3547	3552
3548	3553
3549	3554
3550	3555
3551	3556
3552	3557
3553	3558
3554	3559
3555	3560
3556	3561
3557	3562
3558	3563
3559	3564
3560	3565
3561	3566
3562	3567
3563	3568
3564	3569
3565	3570
3566	3571
3567	3572
3568	3573
3569	3574
3570	3575
3571	3576
3572	3577
3573	3578
3574	3579
3575	3580
3576	3581
3577	3582
3578	3583
3579	3584
3580	3585
3581	3586
3582	3587
3583	3588
3584	3589
3585	3590
3586	3591
3587	3592
3588	3593
3589	3594
3590	3595
3591	3596
3592	3597
3593	3598
3594	3599
3595	3600
3596	3601
3597	3602
3598	3603
3599	3604
3600	3605
3601	3606
3602	3607
3603	3608
3604	3609
3605	3610
3606	3611
3607	3612
3608	3613
3609	3614
3610	3615
3611	3616
3612	3617
3613	3618
3614	3619
3615	3620
3616	3621
3617	3622
3618	3623
3619	3624
3620	3625
3621	3626
3622	3627
3623	3628
3624	3629
3625	3630
3626	3631
3627	3632
3628	3633
3629	3634
3630	3635
3631	3636
3632	3637
3633	3638
3634	3639
3635	3640
3636	3641
3637	3642
3638	3643
3639	3644
3640	3645
3641	3646
3642	3647
3643	3648
3644	3649
3645	3650
3646	3651
3647	3652
3648	3653
3649	3654
3650	3655
3651	3656
3652	3657
3653	3658
3654	3659
3655	3660
3656	3661
3657	3662
3658	3663
3659	3664
3660	3665
3661	3666
3662	3667
3663	3668
3664	3669
3665	3670
3666	3671
3667	3672
3668	3673
3669	3674
3670	3675
3671	3676
3672	3677
3673	3678
3674	3679
3675	3680
3676	3681
3677	3682
3678	3683
3679	3684
3680	3685
3681	3686
3682	3687
3683	3688
3684	3689
3685	3690
3686	3691
3687	3692
3688	3693
3689	3694
3690	3695
3691	3696
3692	3697
3693	3698
3694	3699
3695	3700
3696	3701
3697	3702
3698	3703
3699	3704
3700	3705
3701	3706
3702	3707
3703	3708
3704	3709
3705	3710
3706	3711
3707	3712
3708	3713
3709	3714
3710	3715
3711	3716
3712	3717
3713	3718
3714	3719
3715	3720
3716	3721
3717	3722
3718	3723
3719	3724
3720	3725
3721	3726
3722	3727
3723	3728
3724	3729
3725	3730
3726	3731
3727	3732
3728	3733
3729	3734
3730	3735
3731	3736
3732	3737
3733	3738
3734	3739
3735	3740
3736	3741
3737	3742
3738	3743
3739	3744
3740	3745
3741	3746
3742	3747
3743	3748
3744	3749
3745	3750
3746	3751
3747	3752
3748	3753
3749	3754
3750	3755
3751	3756
3752	3757
3753	3758
3754	3759
3755	3760
3756	3761
3757	3762
3758	3763
3759	3764
3760	3765
3761	3766
3762	3767
3763	3768
3764	3769
3765	3770
3766	3771
3767	3772
3768	3773
3769	3774
3770	3775
3771	3776
3772	3777
3773	3778
3774	3779
3775	3780
3776	3781
3777	3782
3778	3783
3779	3784
3780	3785
3781	3786
3782	3787
3783	3788
3784	3789
3785	3790
3786	3791
3787	3792
3788	3793
3789	3794
3790	3795
3791	3796
3792	3797
3793	3798
3794	3799
3795	3800
3796	3801
3797	3802
3798	3803
3799	3804
3800	3805
3801	3806
3802	3807
3803	3808
3804	3809
3805	3810
3806	3811
3807	3812
3808	3813
3809	3814
3810	3815
3811	3816
3812	3817
3813	3818
3814	3819
3815	3820
3816	3821
3817	3822
3818	3823
3819	3824
3820	3825
3821	3826
3822	3827
3823	3828
3824	3829
3825	3830
3826	3831
3827	3832
3828	3833
3829	3834
3830	3835
3831	3836
3832	3837
3833	3838
3834	3839
3835	3840
3836	3841
3837	3842
3838	3843
3839	3844
3840	3845
3841	3846
3842	3847
3843	3848
3844	3849
3845	3850
3846	3851
3847	3852
3848	3853
3849	3854
3850	3855
3851	3856
3852	3857
3853	3858
3854	3859
3855	3860
3856	3861
3857	3862
3858	3863
3859	3864
3860	3865
3861	3866
3862	3867
3863	3868
3864	3869
3865	3870
3866	3871
3867	3872
3868	3873
3869	3874
3870	3875
3871	3876
3872	3877
3873	3878
3874	3879
3875	3880
3876	3881
3877	3882
3878	3883
3879	3884
3880	3885
3881	3886
3882	3887
3883	3888
3884	3889
3885	3890
3886	3891
3887	3892
3888	3893
3889	3894
3890	3895
3891	3896
3892	3897
3893	3898
3894	3899
3895	3900
3896	3901
3897	3902
3898	3903
3899	3904
3900	3905
3901	3906
3902	3907
3903	3908
3904	3909
3905	3910
3906	3911
3907	3912
3908	3913
3909	3914
3910	3915
3911	3916
3912	3917
3913	3918
3914	3919
3915	3920
3916	3921
3917	3922
3918	3923
3919	3924
3920	3925
3921	3926
3922	3927
3923	3928
3924	3929
3925	3930
3926	3931
3927	3932
3928	3933
3929	3934
3930	3935
3931	3936
3932	3937
3933	3938
3934	3939
3935	3940
3936	3941
3937	3942
3938	3943
3939	3944
3940	3945
3941	3946
3942	3947
3943	3948
3944	3949
3945	3950
3946	3951
3947	3952
3948	3953
3949	3954
3950	3955
3951	3956
3952	3957
3953	3958
3954	3959
3955	3960
3956	3961
3957	3962
3958	3963
3959	3964
3960	3965
3961	3966
3962	3967
3963	3968
3964	3969
3965	3970
3966	3971
3967	3972
3968	3973
3969	3974
3970	3975
3971	3976
3972	3977
3973	3978
3974	3979
3975	3980
3976	3981
3977	3982
3978	3983
3979	3984
3980	3985
3981	3986
3982	3987
3983	3988
3984	3989
3985	3990
3986	3991
3987	3992
3988	3993
3989	3994
3990	3995
3991	3996
3992	3997
3993	3998
3994	3999
3995	4000
3996	4001
3997	4002
3998	4003
3999	4004
4000	4005
4001	4006
4002	4007
4003	4008
4004	4009
4005	4010
4006	4011
4007	4012
4008	4013
4009	4014
4010	4015
4011	4016
4012	4017
4013	4018
4014	4019
4015	4020
4016	4021
4017	4022
4018	4023
4019	4024
4020	4025
4021	4026
4022	4027
4023	4028
4024	4029
4025	4030
4026	4031
4027	4032
4028	4033
4029	4034
4030	4035
4031	4036
4032	4037
4033	4038
4034	4039
4035	4040
4036	4041
4037	4042
4038	4043
4039	4044
4040	4045
4041	4046
4042	4047
4043	4048
4044	4049
4045	4050
4046	4051
4047	4052
4048	4053
4049	4054
4050	4055
4051	4056
4052	4057
4053	4058
4054	4059
4055	4060
4056	4061
4057	4062
4058	4063
4059	4064
4060	4065
4061	4066
4062	4067
4063	4068
4064	4069
4065	4070
4066	4071
4067	4072
4068	4073
4069	4074
4070	4075
4071	4076
4072	4077
4073	4078
4074	4079
4075	4080
4076	4081
4077	4082
4078	4083
4079	4084
4080	4085
4081	4086
4082	4087
4083	4088
4084	4089
4085	4090
4086	4091
4087	4092
4088	4093
4089	4094
4090	4095
4091	4096
4092	4097
4093	4098
4094	4099
4095	4100
4096	4101
4097	4102
4098	4103
4099	4104
4100	4105
4101	4106
4102	4107
4103	4108
4104	4109
4105	4110
4106	4111
4107	4112
4108	4113
4109	4114
4110	4115
4111	4116
4112	4117
4113	4118
4114	4119
4115	4120
4116	4121
4117	4122
4118	4123
4119	4124
4120	4125
4121	4126
4122	4127
4123	4128
4124	4129
4125	4130
4126	4131
4127	4132
4128	4133
4129	4134
4130	4135
4131	4136
4132	4137
4133	4138
4134	4139
4135	4140
4136	4141
4137	4142
4138	4143
4139	4144
4140	4145
4141	4146
4142	4147
4143	4148
4144	4149
4145	4150
4146	4151
4147	4152
4148	4153
4149	4154
4150	4155
4151	4156
4152	4157
4153	4158
4154	4159
4155	4160
4156	4161
4157	4162
4158	4163
4159	4164
4160	4165
4161	4166
4162	4167
4163	4168
4164	4169
4165	4170
4166	4171
4167	4172
4168	4173
4169	4174
4170	4175
4171	4176
4172	4177
4173	4178
4174	4179
4175	4180
4176	4181
4177	4182
4178	4183
4179	4184
4180	4185
4181	4186
4182	4187
4183	4188
4184	4189
4185	4190
4186	4191
4187	4192
4188	4193
4189	4194
4190	4195
4191	4196
4192	4197
4193	4198
4194	4199
4195	4200
4196	4201
4197	4202
4198	4203
4199	4204
4200	4205
4201	4206
4202	4207
4203	4208
4204	4209
4205	4210
4206	4211
4207	4212
4208	4213
4209	4214
4210	4215
4211	4216
4212	4217
4213	4218
4214	4219
4215	4220
4216	4221
4217	4222
4218	4223
4219	4224
4220	4225
4221	4226
4222	4227
4223	4228
4224	4229
4225	4230
4226	4231
4227	4232
4228	4233
4229	4234
4230	4235
4231	4236
4232	4237
4233	4238
4234	4239
4235	4240
4236	4241
4237	4242
4238	4243
4239	4244
4240	4245
4241	4246
4242	4247
4243	4248
4244	4249
4245	4250
4246	4251
4247	4252
4248	4253
4249	4254
4250	4255
4251	4256
4252	4257
4253	4258
4254	4259
4255	4260
4256	4261
4257	4262
4258	4263
4259	4264
4260	4265
4261	4266
4262	4267
4263	4268
4264	4269
4265	4270
4266	4271
4267	4272
4268	4273
4269	4274
4270	4275
4271	4276
4272	4277
4273	4278
4274	4279
4275	4280
4276	4281
4277	4282
4278	4283
4279	4284
4280	4285
4281	4286
4282	4287
4283	4288
4284	4289
4285	4290
4286	4291
4287	4292
4288	4293
4289	4294
4290	4295
4291	4296
4292	4297
4293	4298
4294	4299
4295	4300
4296	4301
4297	4302
4298	4303
4299	4304
4300	4305
4301	4306
4302	4307
4303	4308
4304	4309
4305	4310
4306	4311
4307	4312
4308	4313
4309	4314
4310	4315
4311	4316
4312	4317
4313	4318
4314	4319
4315	4320
4316	4321
4317	4322
4318	4323
4319	4324
4320	4325
4321	4326
4322	4327
4323	4328
4324	4329
4325	4330
4326	4331
4327	4332
4328	4333
4329	4334
4330	4335
4331	4336
4332	4337
4333	4338
4334	4339
4335	4340
4336	4341
4337	4342
4338	4343
4339	4344
4340	4345
4341	4346
4342	4347
4343	4348
4344	4349
4345	4350
4346	4351
4347	4352
4348	4353
4349	4354
4350	4355
4351	4356
4352	4357
4353	4358
4354	4359
4355	4360
4356	4361
4357	4362
4358	4363
4359	4364
4360	4365
4361	4366
4362	4367
4363	4368
4364	4369
4365	4370
4366	4371
4367	4372
4368	4373
4369	4374
4370	4375
4371	4376
4372	4377
4373	4378
4374	4379
4375	4380
4376	4381
4377	4382
4378	4383
4379	4384
4380	4385
4381	4386
4382	4387
4383	4388
4384	4389
4385	4390
4386	4391
4387	4392
4388	4393
4389	4394
4390	4395
4391	4396
4392	4397
4393	4398
4394	4399
4395	4400
4396	4401
4397	4402
4398	4403
4399	4404
4400	4405
4401	4406
4402	4407
4403	4408
4404	4409
4405	4410
4406	4411
4407	4412
4408	4413
4409	4414
4410	4415
4411	4416
4412	4417
4413	4418
4414	4419
4415	4420
4416	4421
4417	4422
4418	4423
4419	4424
4420	4425
4421	4426
4422	4427
4423	4428
4424	4429
4425	4430
4426	4431
4427	4432
4428	4433
4429	4434
4430	4435
4431	4436
4432	4437
4433	4438
4434	4439
4435	4440
4436	4441
4437	4442
4438	4443
4439	4444
4440	4445
4441	4446
4442	4447
4443	4448
4444	4449
4445	4450
4446	4451
4447	4452
4448	4453
4449	4454
4450	4455
4451	4456
4452	4457
4453	4458
4454	4459
4455	4460
4456	4461
4457	4462
4458	4463
4459	4464
4460	4465
4461	4466
4462	4467
4463	4468
4464	4469
4465	4470
4466	4471
4467	4472
4468	4473
4469	4474
4470	4475
4471	4476
4472	4477
4473	4478
4474	4479
4475	4480
4476	4481
4477	4482
4478	4483
4479	4484
4480	4485
4481	4486
4482	4487
4483	4488
4484	4489
4485	4490
4486	4491
4487	4492
4488	4493
4489	4494
4490	4495
4491	4496
4492	4497
4493	4498
4494	4499
4495	4500
4496	4501
4497	4502
4498	4503
4499	4504
4500	4505
4501	4506
4502	4507
4503	4508
4504	4509
4505	4510
4506	4511
4507	4512
4508	4513
4509	4514
4510	4515
4511	4516
4512	4517
4513	4518
4514	4519
4515	4520
4516	4521
4517	4522
4518	4523
4519	4524
4520	4525
4521	4526
4522	4527
4523	4528
4524	4529
4525	4530
4526	4531
4527	4532
4528	4533
4529	4534
4530	4535
4531	4536
4532	4537
4533	4538
4534	4539
4535	4540
4536	4541
4537	4542
4538	4543
4539	4544
4540	4545
4541	4546
4542	4547
4543	4548
4544	4549
4545	4550
4546	4551
4547	4552
4548	4553
4549	4554
4550	4555
4551	4556
4552	4557
4553	4558
4554	4559
4555	4560
4556	4561
4557	4562
4558	4563
4559	4564
4560	4565
4561	4566
4562	4567
4563	4568
4564	4569
4565	4570
4566	4571
4567	4572
4568	4573
4569	4574
4570	4575
4571	4576
4572	4577
4573	4578
4574	4579
4575	4580
4576	4581
4577	4582
4578	4583
4579	4584
4580	4585
4581	4586
4582	4587
4583	4588
4584	4589
4585	4590
4586	4591
4587	4592
4588	4593
4589	4594
4590	4595
4591	4596
4592	4597
4593	4598
4594	4599
4595	4600
4596	4601
4597	4602
4598	4603
4599	4604
4600	4605
4601	4606
4602	4607
4603	4608
4604	4609
4605	4610
4606	4611
4607	4612
4608	4613
4609	4614
4610	4615
4611	4616
4612	4617
4613	4618
4614	4619
4615	4620
4616	4621
4617	4622
4618	4623
4619	4624
4620	4625
4621	4626
4622	4627
4623	4628
4624	4629
4625	4630
4626	4631
4627	4632
4628	4633
4629	4634
4630	4635
4631	4636
4632	4637
4633	4638
4634	4639
4635	4640
4636	4641
4637	4642
4638	4643
4639	4644
4640	4645
4641	4646
4642	4647
4643	4648
4644	4649
4645	4650
4646	4651
4647	4652
4648	4653
4649	4654
4650	4655
4651	4656
4652	4657
4653	4658
4654	4659
4655	4660
4656	4661
4657	4662
4658	4663
4659	4664
4660	4665
4661	4666
4662	4667
4663	4668
4664	4669
4665	4670
4666	4671
4667	4672
4668	4673
4669	4674
4670	4675
4671	4676
4672	4677
4673	4678
4674	4679
4675	4680
4676	4681
4677	4682
4678	4683
4679	4684
4680	4685
4681	4686
4682	4687
4683	4688
4684	4689
4685	4690
4686	4691
4687	4692
4688	4693
4689	4694
4690	4695
4691	4696
4692	4697
4693	4698
4694	4699
4695	4700
4696	4701
4697	4702
4698	4703
4699	4704
4700	4705
4701	4706
4702	4707
4703	4708
4704	4709
4705	4710
4706	4711
4707	4712
4708	4713
4709	4714
4710	4715
4711	4716
4712	4717
4713	4718
4714	4719
4715	4720
4716	4721
4717	4722
4718	4723
4719	4724
4720	4725
4721	4726
4722	4727
4723	4728
4724	4729
4725	4730
4726	4731
4727	4732
4728	4733
4729	4734
4730	4735
4731	4736
4732	4737
4733	4738
4734	4739
4735	4740
4736	4741
4737	4742
4738	4743
4739	4744
4740	4745
4741	4746
4742	4747
4743	4748
4744	4749
4745	4750
4746	4751
4747	4752
4748	4753
4749	4754
4750	4755
4751	4756
4752	4757
4753	4758
4754	4759
4755	4760
4756	4761
4757	4762
4758	4763
4759	4764
4760	4765
4761	4766
4762	4767
4763	4768
4764	4769
4765	4770
4766	4771
4767	4772
4768	4773
4769	4774
4770	4775
4771	4776
4772	4777
4773	4778
4774	4779
4775	4780
4776	4781
4777	4782
4778	4783
4779	4784
4780	4785
4781	4786
4782	4787
4783	4788
4784	4789
4785	4790
4786	4791
4787	4792
4788	4793
4789	4794
4790	4795
4791	4796
4792	4797
4793	4798
4794	4799
4795	4800
4796	4801
4797	4802
4798	4803
4799	4804
4800	4805
4801	4806
4802	4807
4803	4808
4804	4809
4805	4810
4806	4811
4807	4812
4808	4813
4809	4814
4810	4815
4811	4816
4812	4817
4813	4818
4814	4819
4815	4820
4816	4821
4817	4822
4818	4823
4819	4824
4820	4825
4821	4826
4822	4827
4823	4828
4824	4829
4825	4830
4826	4831
4827	4832
4828	4833
4829	4834
4830	4835
4831	4836
4832	4837
4833	4838
4834	4839
4835	4840
4836	4841
4837	4842
4838	4843
4839	4844
4840	4845
4841	4846
4842	4847
4843	4848
4844	4849
4845	4850
4846	4851
4847	4852
4848	4853
4849	4854
4850	4855
4851	4856
4852	4857
4853	4858
4854	4859
4855	4860
4856	4861
4857	4862
4858	4863
4859	4864
4860	4865
4861	4866
4862	4867
4863	4868
4864	4869
4865	4870
4866	4871
4867	4872
4868	4873
4869	4874
4870	4875
4871	4876
4872	4877
4873	4878
4874	4879
4875	4880
4876	4881
4877	4882
4878	4883
4879	4884
4880	4885
4881	4886
4882	4887
4883	4888
4884	4889
4885	4890
4886	4891
4887	4892
4888	4893
4889	4894
4890	4895
4891	4896
4892	4897
4893	4898
4894	4899
4895	4900
4896	4901
4897	4902
4898	4903
4899	4904
4900	4905
4901	4906
4902	4907
4903	4908
4904	4909
4905	4910
4906	4911
4907	4912
4908	4913
4909	4914
4910	4915
4911	4916
4912	4917
4913	4918
4914	4919
4915	4920
4916	4921
4917	4922
4918	4923
4919	4924
4920	4925
4921	4926
4922	4927
4923	4928
4924	4929
4925	4930
4926	4931
4927	4932
4928	4933
4929	4934
4930	4935
4931	4936
4932	4937
4933	4938
4934	4939
4935	4940
4936	4941
4937	4942
4938	4943
4939	4944
4940	4945
4941	4946
4942	4947
4943	4948
4944	4949
4945	4950
4946	4951
4947	4952
4948	4953
4949	4954
4950	4955
4951	4956
4952	4957
4953	4958
4954	4959
4955	4960
4956	4961
4957	4962
4958	4963
4959	4964
4960	4965
4961	4966
4962	4967
4963	4968
4964	4969
4965	4970
4966	4971
4967	4972
4968	4973
4969	4974
4970	4975
4971	4976
4972	4977
4973	4978
4974	4979
4975	4980
4976	4981
4977	4982
4978	4983
4979	4984
4980	4985
4981	4986
4982	4987
4983	4988
4984	4989
4985	4990
4986	4991
4987	4992
4988	4993
4989	4994
4990	4995
4991	4996
4992	4997
4993	4998
4994	4999
4995	5000
4996	5001
4997	5002
4998	5003
4999	5004
5000	5005
5001	5006
5002	5007
5003	5008
5004	5009
5005	5010
5006	5011
5007	5012
5008	5013
5009	5014
5010	5015
5011	5016
5012	5017
5013	5018
5014	5019
5015	5020
5016	5021
5017	5022
5018	5023
5019	5024
5020	5025
5021	5026
5022	5027
5023	5028
5024	5029
5025	5030
5026	5031
5027	5032
5028	5033
5029	5034
5030	5035
5031	5036
5032	5037
5033	5038
5034	5039
5035	5040
5036	5041
5037	5042
5038	5043
5039	5044
5040	5045
5041	5046
5042	5047
5043	5048
5044	5049
5045	5050
5046	5051
5047	5052
5048	5053
5049	5054
5050	5055
5051	5056
5052	5057
5053	5058
5054	5059
5055	5060
5056	5061
5057	5062
5058	5063
5059	5064
5060	5065
5061	5066
5062	5067
5063	5068
5064	5069
5065	5070
5066	5071
5067	5072
5068	5073
5069	5074
5070	5075
5071	5076
5072	5077
5073	5078
5074	5079
5075	5080
5076	5081
5077	5082
5078	5083
5079	5084
5080	5085
5081	5086
5082	5087
5083	5088
5084	5089
5085	5090
5086	5091
5087	5092
5088	5093
5089	5094
5090	5095
5091	5096
5092	5097
5093	5098
5094	5099
5095	5100
5096	5101
5097	5102
5098	5103
5099	5104
5100	5105
5101	5106
5102	5107
5103	5108
5104	5109
5105	5110
5106	5111
5107	5112
5108	5113
5109	5114
5110	5115
5111	5116
5112	5117
5113	5118
5114	5119
5115	5120
5116	5121
5117	5122
5118	5123
5119	5124
5120	5125
5121	5126
5122	5127
5123	5128
5124	5129
5125	5130
5126	5131
5127	5132
5128	5133
5129	5134
5130	5135
5131	5136
5132	5137
5133	5138
5134	5139
5135	5140
5136	5141
5137	5142
5138	5143
5139	5144
5140	5145
5141	5146
5142	5147
5143	5148
5144	5149
5145	5150
5146	5151
5147	5152
5148	5153
5149	5154
5150	5155
5151	5156
5152	5157
5153	5158
5154	5159
5155	5160
5156	5161
5157	5162
5158	5163
5159	5164
5160	5165
5161	5166
5162	5167
5163	5168
5164	5169
5165	5170
5166	5171
5167	5172
5168	5173
5169	5174
5170	5175
5171	5176
5172	5177
5173	5178
5174	5179
5175	5180
5176	5181
5177	5182
5178	5183
5179	5184
5180	5185
5181	5186
5182	5187
5183	5188
5184	5189
5185	5190
5186	5191
5187	5192
5188	5193
5189	5194
5190	5195
5191	5196
5192	5197
5193	5198
5194	5199
5195	5200
5196	5201
5197	5202
5198	5203
5199	5204
5200	5205
5201	5206
5202	5207
5203	5208
5204	5209
5205	5210
5206	5211
5207	5212
5208	5213
5209	5214
5210	5215
5211	5216
5212	5217
5213	5218
5214	5219
5215	5220
5216	5221
5217	5222
5218	5223
5219	5224
5220	5225
5221	5226
5222	5227
5223	5228
5224	5229
5225	5230
5226	5231
5227	5232
5228	5233
5229	5234
5230	5235
5231	5236
5232	5237
5233	5238
5234	5239
5235	5240
5236	5241
5237	5242
5238	5243
5239	5244
5240	5245
5241	5246
5242	5247
5243	5248
5244	5249
5245	5250
5246	5251
5247	5252
5248	5253
5249	5254
5250	5255
5251	5256
5252	5257
5253	5258
5254	5259
5255	5260
5256	5261
5257	5262
5258	5263
5259	5264
5260	5265
5261	5266
5262	5267
5263	5268
5264	5269
5265	5270
5266	5271
5267	5272
5268	5273
5269	5274
5270	5275
5271	5276
5272	5277
5273	5278
5274	5279
5275	5280
5276	5281
5277	5282
5278	5283
5279	5284
5280	5285
5281	5286
5282	5287
5283	5288
5284	5289
5285	5290
5286	5291
5287	5292
5288	5293
5289	5294
5290	5295
5291	5296
5292	5297
5293	5298
5294	5299
5295	5300
5296	5301
5297	5302
5298	5303
5299	5304
5300	5305
5301	5306
5302	5307
5303	5308
5304	5309
5305	5310
5306	5311
5307	5312
5308	5313
5309	5314
5310	5315
5311	5316
5312	5317
5313	5318
5314	5319
5315	5320
5316	5321
5317	5322
5318	5323
5319	5324
5320	5325
5321	5326
5322	5327
5323	5328
5324	5329
5325	5330
5326	5331
5327	5332
5328	5333
5329	5334
5330	5335
5331	5336
5332	5337
5333	5338
5334	5339
5335	5340
5336	5341
5337	5342
5338	5343
5339	5344
5340	5345
5341	5346
5342	5347
5343	5348
5344	5349
5345	5350
5346	5351
5347	5352
5348	5353
5349	5354
5350	5355
5351	5356
5352	5357
5353	5358
5354	5359
5355	5360
5356	5361
5357	5362
5358	5363
5359	5364
5360	5365
5361	5366
5362	5367
5363	5368
5364	5369
5365	5370
5366	5371
5367	5372
5368	5373
5369	5374
5370	5375
5371	5376
5372	5377
5373	5378
5374	5379
5375	5380
5376	5381
5377	5382
5378	5383
5379	5384
5380	5385
5381	5386
5382	5387
5383	5388
5384	5389
5385	5390
5386	5391
5387	5392
5388	5393
5389	5394
5390	5395
5391	5396
5392	5397
5393	5398
5394	5399
5395	5400
5396	5401
5397	5402
5398	5403
5399	5404
5400	5405
5401	5406
5402	5407
5403	5408
5404	5409
5405	5410
5406	5411
5407	5412
5408	5413
5409	5414
5410	5415
5411	5416
5412	5417
5413	5418
5414	5419
5415	5420
5416	5421
5417	5422
5418	5423
5419	5424
5420	5425
5421	5426
5422	5427
5423	5428
5424	5429
5425	5430
5426	5431
5427	5432
5428	5433
5429	5434
5430	5435
5431	5436
5432	5437
5433	5438
5434	5439
5435	5440
5436	5441
5437	5442
5438	5443
5439	5444
5440	5445
5441	5446
5442	5447
5443	5448
5444	5449
5445	5450
5446	5451
5447	5452
5448	5453
5449	5454
5450	5455
5451	5456
5452	5457
5453	5458
5454	5459
5455	5460
5456	5461
5457	5462
5458	5463
5459	5464
5460	5465
5461	5466
5462	5467
5463	5468
5464	5469
5465	5470
5466	5471
5467	5472
5468	5473
5469	5474
5470	5475
5471	5476
5472	5477
5473	5478
5474	5479
5475	5480
5476	5481
5477	5482
5478	5483
5479	5484
5480	5485
5481	5486
5482	5487
5483	5488
5484	5489
5485	5490
5486	5491
5487	5492
5488	5493
5489	5494
5490	5495
5491	5496
5492	5497
5493	5498
5494	5499
5495	5500
5496	5501
5497	5502
5498	5503
5499	5504
5500	5505
5501	5506
5502	5507
5503	5508
5504	5509
5505	5510
5506	5511
5507	5512
5508	5513
5509	5514
5510	5515
5511	5516
5512	5517
5513	5518
5514	5519
5515	5520
5516	5521
5517	5522
5518	5523
5519	5524
5520	5525
5521	5526
5522	5527
5523	5528
5524	5529
5525	5530
5526	5531
5527	5532
5528	5533
5529	5534
5530	5535
5531	5536
5532	5537
5533	5538
5534	5539
5535	5540
5536	5541
5537	5542
5538	5543
5539	5544
5540	5545
5541	5546
5542	5547
5543	5548
5544	5549
5545	5550
5546	5551
5547	5552
5548	5553
5549	5554
5550	5555
5551	5556
5552	5557
5553	5558
5554	5559
5555	5560
5556	5561
5557	5562
5558	5563
5559	5564
5560	5565
5561	5566
5562	5567
5563	5568
5564	5569
5565	5570
5566	5571
5567	5572
5568	5573
5569	5574
5570	5575
5571	5576
5572	5577
5573	5578
5574	5579
5575	5580
5576	5581
5577	5582
5578	5583
5579	5584
5580	5585
5581	5586
5582	5587
5583	5588
5584	5589
5585	5590
5586	5591
5587	5592
5588	5593
5589	5594
5590	5595
5591	5596
5592	5597
5593	5598
5594	5599
5595	5600
5596	5601
5597	5602
5598	5603
5599	5604
5600	5605
5601	5606
5602	5607
5603	5608
5604	5609
5605	5610
5606	5611
5607	5612
5608	5613
5609	5614
5610	5615
5611	5616
5612	5617
5613	5618
5614	5619
5615	5620
5616	5621
5617	5622
5618	5623
5619	5624
5620	5625
5621	5626
5622	5627
5623	5628
5624	5629
5625	5630
5626	5631
5627	5632
5628	5633
5629	5634
5630	5635
5631	5636
5632	5637
5633	5638
5634	5639
5635	5640
5636	5641
5637	5642
5638	5643
5639	5644
5640	5645
5641	5646
5642	5647
5643	5648
5644	5649
5645	5650
5646	5651
5647	5652
5648	5653
5649	5654
5650	5655
5651	5656
5652	5657
5653	5658
5654	5659
5655	5660
5656	5661
5657	5662
5658	5663
5659	5664
5660	5665
5661	5666
5662	5667
5663	5668
5664	5669
5665	5670
5666	5671
5667	5672
5668	5673
5669	5674
5670	5675
5671	5676
5672	5677
5673	5678
5674	5679
5675	5680
5676	5681
5677	5682
5678	5683
5679	5684
5680	5685
5681	5686
5682	5687
5683	5688
5684	5689
5685	5690
5686	5691
5687	5692
5688	5693
5689	5694
5690	5695
5691	5696
5692	5697
5693	5698
5694	5699
5695	5700
5696	5701
5697	5702
5698	5703
5699	5704
5700	5705
5701	5706
5702	5707
5703	5708
5704	5709
5705	5710
5706	5711
5707	5712
5708	5713
5709	5714
5710	5715
5711	5716
5712	5717
5713	5718
5714	5719
5715	5720
5716	5721
5717	5722
5718	5723
5719	5724
5720	5725
5721	5726
5722	5727
5723	5728
5724	5729
5725	5730
5726	5731
5727	5732
5728	5733
5729	5734
5730	5735
5731	5736
5732	5737
5733	5738
5734	5739
5735	5740
5736	5741
5737	5742
5738	5743
5739	5744
5740	5745
5741	5746
5742	5747
5743	5748
5744	5749
5745	5750
5746	5751
5747	5752
5748	5753
5749	5754
5750	5755
5751	5756
5752	5757
5753	5758
5754	5759
5755	5760
5756	5761
5757	5762
5758	5763
5759	5764
5760	5765
5761	5766
5762	5767
5763	5768
5764	5769
5765	5770
5766	5771
5767	5772
5768	5773
5769	5774
5770	5775
5771	5776
5772	5777
5773	5778
5774	5779
5775	5780
5776	5781
5777	5782
5778	5783
5779	5784
5780	5785
5781	5786
5782	5787
5783	5788
5784	5789
5785	5790
5786	5791
5787	5792
5788	5793
5789	5794
5790	5795
5791	5796
5792	5797
5793	5798
5794	5799
5795	5800
5796	5801
5797	5802
5798	5803
5799	5804
5800	5805
5801	5806
5802	5807
5803	5808
5804	5809
5805	5810
5806	5811
5807	5812
5808	5813
5809	5814
5810	5815
5811	5816
5812	5817
5813	5818
5814	5819
5815	5820
5816	5821
5817	5822
5818	5823
5819	5824
5820	5825
5821	5826
5822	5827
5823	5828
5824	5829
5825	5830
5826	5831
5827	5832
5828	5833
5829	5834
5830	5835
5831	5836
5832	5837
5833	5838
5834	5839
5835	5840
5836	5841
5837	5842
5838	5843
5839	5844
5840	5845
5841	5846
5842	5847
5843	5848
5844	5849
5845	5850
5846	5851
5847	5852
5848	5853
5849	5854
5850	5855
5851	5856
5852	5857
5853	5858
5854	5859
5855	5860
5856	5861
5857	5862
5858	5863
5859	5864
5860	5865
5861	5866
5862	5867
5863	5868
5864	5869
5865	5870
5866	5871
5867	5872
5868	5873
5869	5874
5870	5875
5871	5876
5872	5877
5873	5878
5874	5879
5875	5880
5876	5881
5877	5882
5878	5883
5879	5884
5880	5885
5881	5886
5882	5887
5883	5888
5884	5889
5885	5890
5886	5891
5887	5892
5888	5893
5889	5894
5890	5895
5891	5896
5892	5897
5893	5898
5894	5899
5895	5900
5896	5901
5897	5902
5898	5903
5899	5904
5900	5905
5901	5906
5902	5907
5903	5908
5904	5909
5905	5910
5906	5911
5907	5912
5908	5913
5909	5914
5910	5915
5911	5916
5912	5917
5913	5918
5914	5919
5915	5920
5916	5921
5917	5922
5918	5923
5919	5924
5920	5925
5921	5926
5922	5927
5923	5928
5924	5929
5925	5930
5926	5931
5927	5932
5928	5933
5929	5934
5930	5935
5931	5936
5932	5937
5933	5938
5934	5939
5935	5940
5936	5941
5937	5942
5938	5943
5939	5944
5940	5945
5941	5946
5942	5947
5943	5948
5944	5949
5945	5950
5946	5951
5947	5952
5948	5953
5949	5954
5950	5955
5951	5956
5952	5957
5953	5958
5954	5959
5955	5960
5956	5961
5957	5962
5958	5963
5959	5964
5960	5965
5961	5966
5962	5967
5963	5968
5964	5969
5965	5970
5966	5971
5967	5972
5968	5973
5969	5974
5970	5975
5971	5976
5972	5977
5973	5978
5974	5979
5975	5980
5976	5981
5977	5982
5978	5983
5979	5984
5980	5985
5981	5986
5982	5987
5983	5988
5984	5989
5985	5990
5986	5991
5987	5992
5988	5993
5989	5994
5990	5995
5991	5996
5992	5997
5993	5998
5994	5999
5995	6000
5996	6001
5997	6002
5998	6003
5999	6004
6000	6005
6001	6006
6002	6007
6003	6008
6004	6009
6005	6010
6006	6011
6007	6012
6008	6013
6009	6014
6010	6015
6011	6016
6012	6017
6013	6018
6014	6019
6015	6020
6016	6021
6017	6022
6018	6023
6019	6024
6020	6025
6021	6026
6022	6027
6023	6028
6024	6029
6025	6030
6026	6031
6027	6032
6028	6033
6029	6034
6030	6035
6031	6036
6032	6037
6033	6038
6034	6039
6035	6040
6036	6041
6037	6042
6038	6043
6039	6044
6040	6045
6041	6046
6042	6047
6043	6048
6044	6049
6045	6050
6046	6051
6047	6052
6048	6053
6049	6054
6050	6055
6051	6056
6052	6057
6053	6058
6054	6059
6055	6060
6056	6061
6057	6062
6058	6063
6059	6064
6060	6065
6061	6066
6062	6067
6063	6068
6064	6069
6065	6070
6066	6071
6067	6072
6068	6073
6069	6074
6070	6075
6071	6076
6072	6077
6073	6078
6074	6079
6075	6080
6076	6081
6077	6082
6078	6083
6079	6084
6080	6085
6081	6086
6082	6087
6083	6088
6084	6089
6085	6090
6086	6091
6087	6092
6088	6093
6089	6094
6090	6095
6091	6096
6092	6097
6093	6098
6094	6099
6095	6100
6096	6101
6097	6102
6098	6103
6099	6104
6100	6105
6101	6106
6102	6107
6103	6108
6104	6109
6105	6110
6106	6111
6107	6112
6108	6113
6109	6114
6110	6115
6111	6116
6112	6117
6113	6118
6114	6119
6115	6120
6116	6121
6117	6122
6118	6123
6119	6124
6120	6125
6121	6126
6122	6127
6123	6128
6124	6129
6125	6130
6126	6131
6127	6132
6128	6133
6129	6134
6130	6135
6131	6136
6132	6137
6133	6138
6134	6139
6135	6140
6136	6141
6137	6142
6138	6143
6139	6144
6140	6145
6141	6146
6142	6147
6143	6148
6144	6149
6145	6150
6146	6151
6147	6152
6148	6153
6149	6154
6150	6155
6151	6156
6152	6157
6153	6158
6154	6159
6155	6160
6156	6161
6157	6162
6158	6163
6159	6164
6160	6165
6161	6166
6162	6167
6163	6168
6164	6169
6165	6170
6166	6171
6167	6172
6168	6173
6169	6174
6170	6175
6171	6176
6172	6177
6173	6178
6174	6179
6175	6180
6176	6181
6177	6182
6178	6183
6179	6184
6180	6185
6181	6186
6182	6187
6183	6188
6184	6189
6185	6190
6186	6191
6187	6192
6188	6193
6189	6194
6190	6195
6191	6196
6192	6197
6193	6198
6194	6199
6195	6200
6196	6201
6197	6202
6198	6203
6199	6204
6200	6205
6201	6206
6202	6207
6203	6208
6204	6209
6205	6210
6206	6211
6207	6212
6208	6213
6209	6214
6210	6215
6211	6216
6212	6217
6213	6218
6214	6219
6215	6220
6216	6221
6217	6222
6218	6223
6219	6224
6220	6225
6221	6226
6222	6227
6223	6228
6224	6229
6225	6230
6226	6231
6227	6232
6228	6233
6229	6234
6230	6235
6231	6236
6232	6237
6233	6238
6234	6239
6235	6240
6236	6241
6237	6242
6238	6243
6239	6244
6240	6245
6241	6246
6242	6247
6243	6248
6244	6249
6245	6250
6246	6251
6247	6252
6248	6253
6249	6254
6250	6255
6251	6256
6252	6257
6253	6258
6254	6259
6255	6260
6256	6261
6257	6262
6258	6263
6259	6264
6260	6265
6261	6266
6262	6267
6263	6268
6264	6269
6265	6270
6266	6271
6267	6272
6268	6273
6269	6274
6270	6275
6271	6276
6272	6277
6273	6278
6274	6279
6275	6280
6276	6281
6277	6282
6278	6283
6279	6284
6280	6285
6281	6286
6282	6287
6283	6288
6284	6289
6285	6290
6286	6291
6287	6292
6288	6293
6289	6294
6290	6295
6291	6296
6292	6297
6293	6298
6294	6299
6295	6300
6296	6301
6297	6302
6298	6303
6299	6304
6300	6305
6301	6306
6302	6307
6303	6308
6304	6309
6305	6310
6306	6311
6307	6312
6308	6313
6309	6314
6310	6315
6311	6316
6312	6317
6313	6318
6314	6319
6315	6320
6316	6321
6317	6322
6318	6323
6319	6324
6320	6325
6321	6326
6322	6327
6323	6328
6324	6329
6325	6330
6326	6331
6327	6332
6328	6333
6329	6334
6330	6335
6331	6336
6332	6337
6333	6338
6334	6339
6335	6340
6336	6341
6337	6342
6338	6343
6339	6344
6340	6345
6341	6346
6342	6347
6343	6348
6344	6349
6345	6350
6346	6351
6347	6352
6348	6353
6349	6354
6350	6355
6351	6356
6352	6357
6353	6358
6354	6359
6355	6360
6356	6361
6357	6362
6358	6363
6359	6364
6360	6365
6361	6366
6362	6367
6363	6368
6364	6369
6365	6370
6366	6371
6367	6372
6368	6373
6369	6374
6370	6375
6371	6376
6372	6377
6373	6378
6374	6379
6375	6380
6376	6381
6377	6382
6378	6383
6379	6384
6380	6385
6381	6386
6382	6387
6383	6388
6384	6389
6385	6390
6386	6391
6387	6392
6388	6393
6389	6394
6390	6395
6391	6396
6392	6397
6393	6398
6394	6399
6395	6400
6396	6401
6397	6402
6398	6403
6399	6404
6400	6405
6401	6406
6402	6407
6403	6408
6404	6409
6405	6410
6406	6411
6407	6412
6408	6413
6409	6414
6410	6415
6411	6416
6412	6417
6413	6425
6414	6426
6415	6427
6416	6428
6417	6429
6418	6430
6419	6431
6420	6432
6421	6433
6422	6434
6423	6435
6424	6436
6425	6437
6426	6438
6427	6439
6428	6440
6429	6441
6430	6442
6431	6443
6432	6444
6433	6445
6434	6446
6435	6447
6436	6448
6437	6449
6438	6450
6439	6451
6440	6452
6441	6453
6442	6454
6443	6455
6444	6456
6445	6457
6446	6458
6447	6459
6448	6460
6449	6461
6450	6462
6451	6463
6452	6464
6453	6465
6454	6466
6455	6467
6456	6468
6457	6469
6458	6470
6459	6471
6460	6472
6461	6473
6462	6474
6463	6475
6464	6476
6465	6477
6466	6478
6467	6479
6468	6480
6469	6481
6470	6482
6471	6483
6472	6484
6473	6485
6474	6486
6475	6487
6476	6488
6477	6489
6478	6490
6479	6491
6480	6492
6481	6493
6482	6494
6483	6495
6484	6496
6485	6497
6486	6498
6487	6499
6488	6500
6489	6501
6490	6502
6491	6503
6492	6504
6493	6505
6494	6506
6495	6507
6496	6508
6497	6509
6498	6510
6499	6511
6500	6512
6501	6513
6502	6514
6503	6515
6504	6516
6505	6517
6506	6518
6507	6519
6508	6520
6509	6521
6510	6522
6511	6523
6512	6524
6513	6525
6514	6526
6515	6527
6516	6528
6517	6529
6518	6530
6519	6531
6520	6532
6521	6533
6522	6534
6523	6535
6524	6536
6525	6537
6526	6538
6527	6539
6528	6540
6529	6541
6530	6542
6531	6543
6532	6544
6533	6545
6534	6546
6535	6547
6536	6548
6537	6549
6538	6550
6539	6551
6540	6552
6541	6553
6542	6554
6543	6555
6544	6556
6545	6557
6546	6558
6547	6559
6548	6560
6549	6561
6550	6562
6551	6563
6552	6564
6553	6565
6554	6566
6555	6567
6556	6568
6557	6569
6558	6570
6559	6571
6560	6572
6561	6573
6562	6574
6563	6575
6564	6576
6565	6577
6566	6578
6567	6579
6568	6580
6569	6581
6570	6582
6571	6583
6572	6584
6573	6585
6574	6586
6575	6587
6576	6588
6577	6589
6578	6590
6579	6591
6580	6592
6581	6593
6582	6594
6583	6595
6584	6596
6585	6597
6586	6598
6587	6599
6588	6600
6589	6601
6590	6602
6591	6603
6592	6604
6593	6605
6594	6606
6595	6607
6596	6608
6597	6609
6598	6610
6599	6611
6600	6612
6601	6613
6602	6614
6603	6615
6604	6616
6605	6617
6606	6618
6607	6619
6608	6620
6609	6621
6610	6622
6611	6623
6612	6624
6613	6625
6614	6626
6615	6627
6616	6628
6617	6629
6618	6630
6619	6631
6620	6632
6621	6633
6622	6634
6623	6635
6624	6636
6625	6637
6626	6638
6627	6639
6628	6640
6629	6641
6630	6642
6631	6643
6632	6644
6633	6645
6634	6646
6635	6647
6636	6648
6637	6649
6638	6650
6639	6651
6640	6652
6641	6653
6642	6654
6643	6655
6644	6656
6645	6657
6646	6658
6647	6659
6648	6660
6649	6661
6650	6662
6651	6663
6652	6664
6653	6665
6654	6666
6655	6667
6656	6668
6657	6669
6658	6670
6659	6671
6660	6672
6661	6673
6662	6674
6663	6675
6664	6676
6665	6677
6666	6678
6667	6679
6668	6680
6669	6681
6670	6682
6671	6683
6672	6684
6673	6685
6674	6686
6675	6687
6676	6688
6677	6689
6678	6690
6679	6691
6680	6692
6681	6693
6682	6694
6683	6695
6684	6696
6685	6697
6686	6698
6687	6699
6688	6700
6689	6701
6690	6702
6691	6703
6692	6704
6693	6705
6694	6706
6695	6707
6696	6708
6697	6709
6698	6710
6699	6711
6700	6712
6701	6713
6702	6714
6703	6715
6704	6716
6705	6717
6706	6718
6707	6719
6708	6720
6709	6721
6710	6722
6711	6723
6712	6724
6713	6725
6714	6726
6715	6727
6716	6728
6717	6729
6718	6730
6719	6731
6720	6732
6721	6733
6722	6734
6723	6735
6724	6736
6725	6737
6726	6738
6727	6739
6728	6740
6729	6741
6730	6742
6731	6743
6732	6744
6733	6745
6734	6746
6735	6747
6736	6748
6737	6749
6738	6750
6739	6751
6740	6752
6741	6753
6742	6754
6743	6755
6744	6756
6745	6757
6746	6758
6747	6759
6748	6760
6749	6761
6750	6762
6751	6763
6752	6764
6753	6765
6754	6766
6755	6767
6756	6768
6757	6769
6758	6770
6759	6771
6760	6772
6761	6773
6762	6774
6763	6775
6764	6776
6765	6777
6766	6778
6767	6779
6768	6780
6769	6781
6770	6782
6771	6783
6772	6784
6773	6785
6774	6786
6775	6787
6776	6788
6777	6789
6778	6790
6779	6791
6780	6792
6781	6793
6782	6794
6783	6795
6784	6796
6785	6797
6786	6798
6787	6799
6788	6800
6789	6801
6790	6802
6791	6803
6792	6804
6793	6805
6794	6806
6795	6807
6796	6808
6797	6809
6798	6810
6799	6811
6800	6812
6801	6813
6802	6814
6803	6815
6804	6816
6805	6817
6806	6818
6807	6819
6808	6820
6809	6821
6810	6822
6811	6823
6812	6824
6813	6825
6814	6826
6815	6827
6816	6828
6817	6829
6818	6830
6819	6831
6820	6832
6821	6833
6822	6834
6823	6835
6824	6836
6825	6837
6826	6838
6827	6839
6828	6840
6829	6841
6830	6842
6831	6843
6832	6844
6833	6845
6834	6846
6835	6847
6836	6848
6837	6849
6838	6850
6839	6851
6840	6852
6841	6853
6842	6854
6843	6855
6844	6856
6845	6857
6846	6858
6847	6859
6848	6860
6849	6861
6850	6862
6851	6863
6852	6864
6853	6865
6854	6866
6855	6867
6856	6868
6857	6869
6858	6870
6859	6871
6860	6872
6861	6873
6862	6874
6863	6875
6864	6876
6865	6877
6866	6878
6867	6879
6868	6880
6869	6881
6870	6882
6871	6883
6872	6884
6873	6885
6874	6886
6875	6887
6876	6888
6877	6889
6878	6890
6879	6891
6880	6892
6881	6893
6882	6894
6883	6895
6884	6896
6885	6897
6886	6898
6887	6899
6888	6900
6889	6901
6890	6902
6891	6903
6892	6904
6893	6905
6894	6906
6895	6907
6896	6908
6897	6909
6898	6910
6899	6911
6900	6912
6901	6913
6902	6914
6903	6915
6904	6916
6905	6917
6906	6918
6907	6919
6908	6920
6909	6921
6910	6922
6911	6923
6912	6924
6913	6925
6914	6926
6915	6927
6916	6928
6917	6929
6918	6930
6919	6931
6920	6932
6921	6933
6922	6934
6923	6935
6924	6936
6925	6937
6926	6938
6927	6939
6928	6940
6929	6941
6930	6942
6931	6943
6932	6944
6933	6945
6934	6946
6935	6947
6936	6948
6937	6949
6938	6950
6939	6951
6940	6952
6941	6953
6942	6954
6943	6955
6944	6956
6945	6957
6946	6958
6947	6959
6948	6960
6949	6961
6950	6962
6951	6963
6952	6964
6953	6965
6954	6966
6955	6967
6956	6968
6957	6969
6958	6970
6959	6971
6960	6972
6961	6973
6962	6974
6963	6975
6964	6976
6965	6977
6966	6978
6967	6979
6968	6980
6969	6981
6970	6982
6971	6983
6972	6984
6973	6985
6974	6986
6975	6987
6976	6988
6977	6989
6978	6990
6979	6991
6980	6992
6981	6993
6982	6994
6983	6995
6984	6996
6985	6997
6986	6998
6987	6999
6988	7000
6989	7001
6990	7002
6991	7003
6992	7004
6993	7005
6994	7006
6995	7007
6996	7008
6997	7009
6998	7010
6999	7011
7000	7012
7001	7013
7002	7014
7003	7015
7004	7016
7005	7017
7006	7018
7007	7019
7008	7020
7009	7021
7010	7022
7011	7023
7012	7024
7013	7025
7014	7026
7015	7027
7016	7028
7017	7029
7018	7030
7019	7031
7020	7032
7021	7033
7022	7034
7023	7035
7024	7036
7025	7037
7026	7038
7027	7039
7028	7040
7029	7041
7030	7042
7031	7043
7032	7044
7033	7045
7034	7046
7035	7047
7036	7048
7037	7049
7038	7050
7039	7051
7040	7052
7041	7053
7042	7054
7043	7055
7044	7056
7045	7057
7046	7058
7047	7059
7048	7060
7049	7061
7050	7062
7051	7063
7052	7064
7053	7065
7054	7066
7055	7067
7056	7068
7057	7069
7058	7070
7059	7071
7060	7072
7061	7073
7062	7074
7063	7075
7064	7076
7065	7077
7066	7078
7067	7079
7068	7080
7069	7081
7070	7082
7071	7083
7072	7084
7073	7085
7074	7086
7075	7087
7076	7088
7077	7089
7078	7090
7079	7091
7080	7092
7081	7093
7082	7094
7083	7095
7084	7096
