1	319
2	320
3	321
4	322
5	323
6	324
7	325
8	326
9	327
10	328
11	329
12	330
13	331
14	332
15	333
16	334
17	335
18	336
19	337
20	338
21	339
22	340
23	341
24	342
25	343
26	344
27	345
28	346
29	347
30	348
31	349
32	350
33	351
34	352
35	353
36	354
37	355
38	356
39	357
40	358
41	359
42	360
43	361
44	362
45	363
46	364
47	365
48	366
49	367
50	368
51	369
52	370
53	371
54	372
55	373
56	374
57	375
58	376
59	377
60	378
61	379
62	380
63	381
64	382
65	383
66	384
67	385
68	386
69	387
70	388
71	389
72	390
73	391
74	392
75	393
76	394
77	395
78	396
79	397
80	398
81	399
82	400
83	401
84	402
85	403
86	404
87	405
88	406
89	407
90	408
91	409
92	410
93	411
94	412
95	413
96	414
97	415
98	416
99	417
100	418
101	419
102	420
103	421
104	422
105	423
106	424
107	425
108	426
109	427
110	428
111	429
112	430
113	431
114	432
115	433
116	434
117	435
118	436
119	437
120	438
121	439
122	440
123	441
124	442
125	443
126	444
127	445
128	446
129	447
130	448
131	449
132	450
133	451
134	452
135	453
136	454
137	455
138	456
139	457
140	458
141	459
142	460
143	461
144	462
145	463
146	464
147	465
148	466
149	467
150	468
151	469
152	470
153	471
154	472
155	473
156	474
157	475
158	476
159	477
160	478
161	479
162	480
163	481
164	482
165	483
166	484
167	485
168	486
169	487
170	488
171	489
172	490
173	491
174	492
175	493
176	494
177	495
178	496
179	497
180	498
181	499
182	500
183	501
184	502
185	503
186	504
187	505
188	506
189	507
190	508
191	509
192	510
193	511
194	512
195	513
196	514
197	515
198	516
199	517
200	518
201	519
202	520
203	521
204	522
205	523
206	524
207	525
208	526
209	527
210	528
211	529
212	530
213	531
214	532
215	533
216	534
217	535
