1	118
2	119
3	120
4	121
5	122
6	123
7	124
8	125
9	126
10	127
11	128
12	129
13	130
14	131
15	132
16	133
17	134
18	135
19	136
20	137
21	138
22	139
23	140
24	141
25	142
26	143
27	144
28	145
29	146
30	147
31	148
32	149
33	150
34	151
35	152
36	153
37	154
38	155
39	156
40	157
41	158
42	159
43	160
44	161
45	162
46	163
47	164
48	165
49	166
50	167
51	168
52	169
53	170
54	171
55	172
56	173
57	174
58	175
59	176
60	177
61	178
62	179
63	180
64	181
65	182
66	183
67	184
68	185
69	186
70	187
71	188
72	189
73	190
74	191
75	192
76	193
77	194
78	195
79	196
80	197
81	198
82	199
83	200
84	201
85	202
86	203
87	204
88	205
89	206
90	207
91	208
92	209
93	210
94	211
95	212
96	213
97	214
98	215
99	216
100	217
101	218
102	219
103	220
104	221
105	222
106	223
107	224
108	225
109	226
110	227
111	228
112	229
113	230
114	231
115	232
116	233
117	234
118	235
119	236
120	237
121	238
122	239
123	240
124	241
125	242
126	243
127	244
128	245
129	246
130	247
131	248
132	249
133	250
134	251
135	252
136	253
137	254
138	255
139	256
140	257
141	258
142	259
143	260
144	261
145	262
146	263
147	264
148	265
149	266
150	267
151	268
152	269
153	270
154	271
155	272
156	273
157	274
158	275
159	276
160	277
161	278
162	279
163	280
164	281
165	282
166	283
167	284
168	285
169	286
170	287
171	288
172	289
173	290
174	291
175	292
176	293
177	294
178	295
179	296
180	297
181	298
182	299
183	300
184	301
185	302
186	303
187	304
188	305
189	306
190	307
191	308
192	309
193	310
194	311
195	312
196	313
197	314
198	315
199	316
200	317
201	318
202	319
203	320
204	321
205	322
206	323
207	324
208	325
209	326
210	327
211	328
212	329
213	330
214	331
215	332
216	333
217	334
218	335
219	336
220	337
221	338
222	339
223	340
224	341
225	342
226	343
227	344
228	345
229	346
230	347
231	348
232	349
233	350
234	351
235	352
236	353
237	354
238	355
239	356
240	357
241	358
242	359
243	360
244	361
245	362
246	363
247	364
248	365
249	366
250	367
251	368
252	369
253	370
254	371
255	372
256	373
257	374
258	375
259	376
260	377
261	378
262	379
263	380
264	381
265	382
266	383
267	384
268	385
269	386
270	387
271	388
272	389
273	390
274	391
275	392
276	393
277	394
278	395
279	396
280	397
281	398
282	399
283	400
284	401
285	402
286	403
287	404
288	405
289	406
290	407
291	408
292	409
293	410
294	411
295	412
296	413
297	414
298	415
299	416
300	417
301	418
302	419
303	420
304	421
305	422
306	423
307	424
308	425
309	426
310	427
311	428
312	429
313	430
314	431
315	432
316	433
317	434
318	435
319	436
320	437
321	438
322	439
323	440
324	441
325	442
326	443
327	444
328	445
329	446
330	447
331	448
332	449
333	450
334	451
335	452
336	453
337	454
338	455
339	456
340	457
341	458
342	459
343	460
344	461
345	462
346	463
347	464
348	465
349	466
350	467
351	468
352	469
353	470
354	471
355	472
356	473
357	474
358	475
359	476
360	477
361	478
362	479
363	480
364	481
365	482
366	483
367	484
368	485
369	486
370	487
371	488
372	489
373	490
374	491
375	492
376	493
377	494
378	495
379	496
380	497
381	498
382	499
383	500
384	501
385	502
386	503
387	504
388	505
389	506
390	507
391	508
392	509
393	510
394	511
395	512
396	513
397	514
398	515
399	516
400	517
401	518
402	519
403	520
404	521
405	522
406	523
407	524
408	525
409	526
410	527
411	528
412	529
413	530
414	531
415	532
416	533
417	534
418	535
419	536
420	537
421	538
422	539
423	540
424	541
425	542
426	543
427	544
428	545
429	546
430	547
431	548
432	549
433	550
434	551
435	552
436	553
437	554
438	555
439	556
440	557
441	558
442	559
443	560
444	561
445	562
446	563
447	564
448	565
449	566
450	567
451	568
452	569
453	570
454	571
455	572
456	573
457	574
458	575
459	576
460	577
461	578
462	579
463	580
464	581
465	582
466	583
467	584
468	585
469	586
470	587
471	588
472	589
473	590
474	591
475	592
476	593
477	594
478	595
479	596
480	597
481	598
482	599
483	600
484	601
485	602
486	603
487	604
488	605
489	606
490	607
491	608
492	609
493	610
494	611
495	612
496	613
497	614
498	615
499	616
500	617
501	618
502	619
503	620
504	621
505	622
506	623
507	624
508	625
509	626
510	627
511	628
512	629
513	630
514	631
515	632
516	633
517	634
518	635
519	636
520	637
521	638
522	639
523	640
524	641
525	642
526	643
527	644
528	645
529	646
530	647
531	648
532	649
533	650
534	651
535	652
536	653
537	654
538	655
539	656
540	657
541	658
542	659
543	660
544	661
545	662
546	663
547	664
548	665
549	666
550	667
551	668
552	669
553	670
554	671
555	672
556	673
557	674
558	675
559	676
560	677
561	678
562	679
563	680
564	681
565	682
566	683
567	684
568	685
569	686
570	687
571	688
572	689
573	690
574	691
575	692
576	693
577	694
578	695
579	696
580	697
581	698
582	699
583	700
584	701
585	702
586	703
587	704
588	705
589	706
590	707
591	708
592	709
593	710
594	711
595	712
596	713
597	714
598	715
599	716
600	717
601	718
602	719
603	720
604	721
605	722
606	723
607	724
608	725
609	726
610	727
611	728
612	729
613	730
614	731
615	732
616	733
617	734
618	735
619	736
620	737
621	738
622	739
623	740
624	741
625	742
626	743
627	744
628	745
629	746
630	747
631	748
632	749
633	750
634	751
635	752
636	753
637	754
638	755
639	756
640	757
641	758
642	759
643	760
644	761
645	762
646	763
647	764
648	765
649	766
650	767
651	768
652	769
653	770
654	771
655	772
656	773
657	774
658	775
659	776
660	777
661	778
662	779
663	780
664	781
665	782
666	783
667	784
668	785
669	786
670	787
671	788
672	789
673	790
674	791
675	792
676	793
677	794
678	795
679	796
680	797
681	798
682	799
683	800
684	801
685	802
686	803
687	804
688	805
689	806
690	807
691	808
692	809
693	810
694	811
695	812
696	813
697	814
698	815
699	816
700	817
701	818
702	819
703	820
704	821
705	822
706	823
707	824
708	825
709	826
710	827
711	828
712	829
713	830
714	831
715	832
716	833
717	834
718	835
719	836
720	837
721	838
722	839
723	840
724	841
725	842
726	843
727	844
728	845
729	846
730	847
731	848
732	849
733	850
734	851
735	852
736	853
737	854
738	855
739	856
740	857
741	858
742	859
743	860
744	861
745	862
746	863
747	864
748	865
749	866
750	867
751	868
752	869
753	870
754	871
755	872
756	873
757	874
758	875
759	876
760	877
761	878
762	879
763	880
764	881
765	882
766	883
767	884
768	885
769	886
770	887
771	888
772	889
773	890
774	891
775	892
776	893
777	894
778	895
779	896
780	897
781	898
782	899
783	900
784	901
785	902
786	903
787	904
788	905
789	906
790	907
791	908
792	909
793	910
794	911
795	912
796	913
797	914
798	915
799	916
800	917
801	918
802	919
803	920
804	921
805	922
806	923
807	924
808	925
809	926
810	927
811	928
812	929
813	930
814	931
815	932
816	933
817	934
818	935
819	936
820	937
821	938
822	939
823	940
824	941
825	942
826	943
827	944
828	945
829	946
830	947
831	948
832	949
833	950
834	951
835	952
836	953
837	954
838	955
839	956
840	957
841	958
842	959
843	960
844	961
845	962
846	963
847	964
848	965
849	966
850	967
851	968
852	969
853	970
854	971
855	972
856	973
857	974
858	975
859	976
860	977
861	978
862	979
863	980
864	981
865	982
866	983
867	984
868	985
869	986
870	987
871	988
872	989
873	990
874	991
875	992
876	993
877	994
878	995
879	996
880	997
881	998
882	999
883	1000
884	1001
885	1002
886	1003
887	1004
888	1005
889	1006
890	1007
891	1008
892	1009
893	1010
894	1011
895	1012
896	1013
897	1014
898	1015
899	1016
900	1017
901	1018
902	1019
903	1020
904	1021
905	1022
906	1023
907	1024
908	1025
909	1026
910	1027
911	1028
912	1029
913	1030
914	1031
915	1032
916	1033
917	1034
918	1035
919	1036
920	1037
921	1038
922	1039
923	1040
924	1041
925	1042
926	1043
927	1044
928	1045
929	1046
930	1047
931	1048
932	1049
933	1050
934	1051
935	1052
936	1053
937	1054
938	1055
939	1056
940	1057
941	1058
942	1059
943	1060
944	1061
945	1062
946	1063
947	1064
948	1065
949	1066
950	1067
951	1068
952	1069
953	1070
954	1071
955	1072
956	1073
957	1074
958	1075
959	1076
960	1077
961	1078
962	1079
963	1080
964	1081
965	1082
966	1083
967	1084
968	1085
969	1086
970	1087
971	1088
972	1089
973	1090
974	1091
975	1092
976	1093
977	1094
978	1095
979	1096
980	1097
981	1098
982	1099
983	1100
984	1101
985	1102
986	1103
987	1104
988	1105
989	1106
990	1107
991	1108
992	1109
993	1110
994	1111
995	1112
996	1113
997	1114
998	1115
999	1116
1000	1117
1001	1118
1002	1119
1003	1120
1004	1121
1005	1122
1006	1123
1007	1124
1008	1125
1009	1126
1010	1127
1011	1128
1012	1129
1013	1130
1014	1131
1015	1132
1016	1133
1017	1134
1018	1135
1019	1136
1020	1137
1021	1138
1022	1139
1023	1140
1024	1141
1025	1142
1026	1143
1027	1144
1028	1145
1029	1146
1030	1147
1031	1148
1032	1149
1033	1150
1034	1151
1035	1152
1036	1153
1037	1154
1038	1155
1039	1156
1040	1157
1041	1158
1042	1159
1043	1160
1044	1161
1045	1162
1046	1163
1047	1164
1048	1165
1049	1166
1050	1167
1051	1168
1052	1169
1053	1170
1054	1171
1055	1172
1056	1173
1057	1174
1058	1175
1059	1176
1060	1177
1061	1178
1062	1179
1063	1180
1064	1181
1065	1182
1066	1183
1067	1184
1068	1185
1069	1186
1070	1187
1071	1188
1072	1189
1073	1190
1074	1191
1075	1192
1076	1193
1077	1194
1078	1195
1079	1196
1080	1197
1081	1198
1082	1199
1083	1200
1084	1201
1085	1202
1086	1203
1087	1204
1088	1205
1089	1206
1090	1207
1091	1208
1092	1209
1093	1210
1094	1211
1095	1212
1096	1213
1097	1214
1098	1215
1099	1216
1100	1217
1101	1218
1102	1219
1103	1220
1104	1221
1105	1222
1106	1223
1107	1224
1108	1225
1109	1226
1110	1227
1111	1228
1112	1229
1113	1230
1114	1231
1115	1232
1116	1233
1117	1234
1118	1235
1119	1236
1120	1237
1121	1238
1122	1239
1123	1240
1124	1241
1125	1242
1126	1243
1127	1244
1128	1245
1129	1246
1130	1247
1131	1248
1132	1249
1133	1250
1134	1251
1135	1252
1136	1253
1137	1254
1138	1255
1139	1256
1140	1257
1141	1258
1142	1259
1143	1260
1144	1261
1145	1262
1146	1263
1147	1264
1148	1265
1149	1266
1150	1267
1151	1268
1152	1269
1153	1270
1154	1271
1155	1272
1156	1273
1157	1274
1158	1275
1159	1276
1160	1277
1161	1278
1162	1279
1163	1280
1164	1281
1165	1282
1166	1283
1167	1284
1168	1285
1169	1286
1170	1287
1171	1288
1172	1289
1173	1290
1174	1291
1175	1292
1176	1293
1177	1294
1178	1295
1179	1296
1180	1297
1181	1298
1182	1299
1183	1300
1184	1301
1185	1302
1186	1303
1187	1304
1188	1305
1189	1306
1190	1307
1191	1308
1192	1309
1193	1310
1194	1311
1195	1312
1196	1313
1197	1314
1198	1315
1199	1316
1200	1317
1201	1318
1202	1319
1203	1320
1204	1321
1205	1322
1206	1323
1207	1324
1208	1325
1209	1326
1210	1327
1211	1328
1212	1329
1213	1330
1214	1331
1215	1332
1216	1333
1217	1334
1218	1335
1219	1336
1220	1337
1221	1338
1222	1339
1223	1340
1224	1341
1225	1342
1226	1343
1227	1344
1228	1345
1229	1346
1230	1347
1231	1348
1232	1349
1233	1350
1234	1351
1235	1352
1236	1353
1237	1354
1238	1355
1239	1356
1240	1357
1241	1358
1242	1359
1243	1360
1244	1361
1245	1362
1246	1363
1247	1364
1248	1365
1249	1366
1250	1367
1251	1368
1252	1369
1253	1370
1254	1371
1255	1372
1256	1373
1257	1374
1258	1375
1259	1376
1260	1377
1261	1378
1262	1379
1263	1380
1264	1381
1265	1382
1266	1383
1267	1384
1268	1385
1269	1386
1270	1387
1271	1388
1272	1389
1273	1390
1274	1391
1275	1392
1276	1393
1277	1394
1278	1395
1279	1396
1280	1397
1281	1398
1282	1399
1283	1400
1284	1401
1285	1402
1286	1403
1287	1404
1288	1405
1289	1406
1290	1407
1291	1408
1292	1409
1293	1410
1294	1411
1295	1412
1296	1413
1297	1414
1298	1415
1299	1416
1300	1417
1301	1418
1302	1419
1303	1420
1304	1421
1305	1422
1306	1423
1307	1424
1308	1425
1309	1426
1310	1427
1311	1428
1312	1429
1313	1430
1314	1431
1315	1432
1316	1433
1317	1434
1318	1435
1319	1436
1320	1437
1321	1438
1322	1439
1323	1440
1324	1441
1325	1442
1326	1443
1327	1444
1328	1445
1329	1446
1330	1447
1331	1448
1332	1449
1333	1450
1334	1451
1335	1452
1336	1453
1337	1454
1338	1455
1339	1456
1340	1457
1341	1458
1342	1459
1343	1460
1344	1461
1345	1462
1346	1463
1347	1464
1348	1465
1349	1466
1350	1467
1351	1468
1352	1469
1353	1470
1354	1471
1355	1472
1356	1473
1357	1474
1358	1475
1359	1476
1360	1477
1361	1478
1362	1479
1363	1480
1364	1481
1365	1482
1366	1483
1367	1484
1368	1485
1369	1486
1370	1487
1371	1488
1372	1489
1373	1490
1374	1491
1375	1492
1376	1493
1377	1494
1378	1495
1379	1496
1380	1497
1381	1498
1382	1499
1383	1500
1384	1501
1385	1502
1386	1503
1387	1504
1388	1505
1389	1506
1390	1507
1391	1508
1392	1509
1393	1510
1394	1511
1395	1512
1396	1513
1397	1514
1398	1515
1399	1516
1400	1517
1401	1518
1402	1519
1403	1520
1404	1521
1405	1522
1406	1523
1407	1524
1408	1525
1409	1526
1410	1527
1411	1528
1412	1529
1413	1530
1414	1531
1415	1532
1416	1533
1417	1534
1418	1535
1419	1536
1420	1537
1421	1538
1422	1539
1423	1540
1424	1541
1425	1542
1426	1543
1427	1544
1428	1545
1429	1546
1430	1547
1431	1548
1432	1549
1433	1550
1434	1551
1435	1552
1436	1553
1437	1554
1438	1555
1439	1556
1440	1557
1441	1558
1442	1559
1443	1560
1444	1561
1445	1562
1446	1563
1447	1564
1448	1565
1449	1566
1450	1567
1451	1568
1452	1569
1453	1570
1454	1571
1455	1572
1456	1573
1457	1574
1458	1575
1459	1576
1460	1577
1461	1578
1462	1579
1463	1580
1464	1581
1465	1582
1466	1583
1467	1584
1468	1585
1469	1586
1470	1587
1471	1588
1472	1589
1473	1590
1474	1591
1475	1592
1476	1593
1477	1594
1478	1595
1479	1596
1480	1597
1481	1598
1482	1599
1483	1600
1484	1601
1485	1602
1486	1603
1487	1604
1488	1605
1489	1606
1490	1607
1491	1608
1492	1609
1493	1610
1494	1611
1495	1612
1496	1613
1497	1614
1498	1615
1499	1616
1500	1617
1501	1618
1502	1619
1503	1620
1504	1621
1505	1622
1506	1623
1507	1624
1508	1625
1509	1626
1510	1627
1511	1628
1512	1629
1513	1630
1514	1631
1515	1632
1516	1633
1517	1634
1518	1635
1519	1636
1520	1637
1521	1638
1522	1639
1523	1640
1524	1641
1525	1642
1526	1643
1527	1644
1528	1645
1529	1646
1530	1647
1531	1648
1532	1649
1533	1650
1534	1651
1535	1652
1536	1653
1537	1654
1538	1655
1539	1656
1540	1657
1541	1658
1542	1659
1543	1660
1544	1661
1545	1662
1546	1663
1547	1664
1548	1665
1549	1666
1550	1667
1551	1668
1552	1669
1553	1670
1554	1671
1555	1672
1556	1673
1557	1674
1558	1675
1559	1676
1560	1677
1561	1678
1562	1679
1563	1680
1564	1681
1565	1682
1566	1683
1567	1684
1568	1685
1569	1686
1570	1687
1571	1688
1572	1689
1573	1690
1574	1691
1575	1692
1576	1693
1577	1694
1578	1695
1579	1696
1580	1697
1581	1698
1582	1699
1583	1700
1584	1701
1585	1702
1586	1703
1587	1704
1588	1705
1589	1706
1590	1707
1591	1708
1592	1709
1593	1710
1594	1711
1595	1712
1596	1713
1597	1714
1598	1715
1599	1716
1600	1717
1601	1718
1602	1719
1603	1720
1604	1721
1605	1722
1606	1723
1607	1724
1608	1725
1609	1726
1610	1727
1611	1728
1612	1729
1613	1730
1614	1731
1615	1732
1616	1733
1617	1734
1618	1735
1619	1736
1620	1737
1621	1738
1622	1739
1623	1740
1624	1741
1625	1742
1626	1743
1627	1744
1628	1745
1629	1746
1630	1747
1631	1748
1632	1749
1633	1750
1634	1751
1635	1752
1636	1753
1637	1754
1638	1755
1639	1756
1640	1757
1641	1758
1642	1759
1643	1760
1644	1761
1645	1762
1646	1763
1647	1764
1648	1765
1649	1766
1650	1767
1651	1768
1652	1769
1653	1770
1654	1771
1655	1772
1656	1773
1657	1774
1658	1775
1659	1776
1660	1777
1661	1778
1662	1779
1663	1780
1664	1781
1665	1782
1666	1783
1667	1784
1668	1785
1669	1786
1670	1787
1671	1788
1672	1789
1673	1790
1674	1791
1675	1792
1676	1793
1677	1794
1678	1795
1679	1796
1680	1797
1681	1798
1682	1799
1683	1800
1684	1801
1685	1802
1686	1803
1687	1804
1688	1805
1689	1806
1690	1807
1691	1808
1692	1809
1693	1810
1694	1811
1695	1812
1696	1813
1697	1814
1698	1815
1699	1816
1700	1817
1701	1818
1702	1819
1703	1820
1704	1821
1705	1822
1706	1823
1707	1824
1708	1825
1709	1826
1710	1827
1711	1828
1712	1829
1713	1830
1714	1831
1715	1832
1716	1833
1717	1834
1718	1835
1719	1836
1720	1837
1721	1838
1722	1839
1723	1840
1724	1841
1725	1842
1726	1843
1727	1844
1728	1845
1729	1846
1730	1847
1731	1848
1732	1849
1733	1850
1734	1851
1735	1852
1736	1853
1737	1854
1738	1855
1739	1856
1740	1857
1741	1858
1742	1859
1743	1860
1744	1861
1745	1862
1746	1863
1747	1864
1748	1865
1749	1866
1750	1867
1751	1868
1752	1869
1753	1870
1754	1871
1755	1872
1756	1873
1757	1874
1758	1875
1759	1876
1760	1877
1761	1878
1762	1879
1763	1880
1764	1881
1765	1882
1766	1883
1767	1884
1768	1885
1769	1886
1770	1887
1771	1888
1772	1889
1773	1890
1774	1891
1775	1892
1776	1893
1777	1894
1778	1895
1779	1896
1780	1897
1781	1898
1782	1899
1783	1900
1784	1901
1785	1902
1786	1903
1787	1904
1788	1905
1789	1906
1790	1907
1791	1908
1792	1909
1793	1910
1794	1911
1795	1912
1796	1913
1797	1914
1798	1915
1799	1916
1800	1917
1801	1918
1802	1919
1803	1920
1804	1921
1805	1922
1806	1923
1807	1924
1808	1925
1809	1926
1810	1927
1811	1928
1812	1929
1813	1930
1814	1931
1815	1932
1816	1933
1817	1934
1818	1935
1819	1936
1820	1937
1821	1938
1822	1939
1823	1940
1824	1941
1825	1942
1826	1943
1827	1944
1828	1945
1829	1946
1830	1947
1831	1948
1832	1949
1833	1950
1834	1951
1835	1952
1836	1953
1837	1954
1838	1955
1839	1956
1840	1957
1841	1958
1842	1959
1843	1960
1844	1961
1845	1962
1846	1963
1847	1964
1848	1965
1849	1966
1850	1967
1851	1968
1852	1969
1853	1970
1854	1971
1855	1972
1856	1973
1857	1974
1858	1975
1859	1976
1860	1977
1861	1978
1862	1979
1863	1980
1864	1981
1865	1982
1866	1983
1867	1984
1868	1985
1869	1986
1870	1987
1871	1988
1872	1989
1873	1990
1874	1991
1875	1992
1876	1993
1877	1994
1878	1995
1879	1996
1880	1997
1881	1998
1882	1999
1883	2000
1884	2001
1885	2002
1886	2003
1887	2004
1888	2005
1889	2006
1890	2007
1891	2008
1892	2009
1893	2010
1894	2011
1895	2012
1896	2013
1897	2014
1898	2015
1899	2016
1900	2017
1901	2018
1902	2019
1903	2020
1904	2021
1905	2022
1906	2023
1907	2024
1908	2025
1909	2026
1910	2027
1911	2028
1912	2029
1913	2030
1914	2031
1915	2032
1916	2033
1917	2034
1918	2035
1919	2036
1920	2037
1921	2038
1922	2039
1923	2040
1924	2041
1925	2042
1926	2043
1927	2044
1928	2045
1929	2046
1930	2047
1931	2048
1932	2049
1933	2050
1934	2051
1935	2052
1936	2053
1937	2054
1938	2055
1939	2056
1940	2057
1941	2058
1942	2059
1943	2060
1944	2061
1945	2062
1946	2063
1947	2064
1948	2065
1949	2066
1950	2067
1951	2068
1952	2069
1953	2070
1954	2071
1955	2072
1956	2073
1957	2074
1958	2075
1959	2076
1960	2077
1961	2078
1962	2079
1963	2080
1964	2081
1965	2082
1966	2083
1967	2084
1968	2085
1969	2086
1970	2087
1971	2088
1972	2089
1973	2090
1974	2091
1975	2092
1976	2093
1977	2094
1978	2095
1979	2096
1980	2097
1981	2098
1982	2099
1983	2100
1984	2101
1985	2102
1986	2103
1987	2104
1988	2105
1989	2106
1990	2107
1991	2108
1992	2109
1993	2110
1994	2111
1995	2112
1996	2113
1997	2114
1998	2115
1999	2116
2000	2117
2001	2118
2002	2119
2003	2120
2004	2121
2005	2122
2006	2123
2007	2124
2008	2125
2009	2126
2010	2127
2011	2128
2012	2129
2013	2130
2014	2131
2015	2132
2016	2133
2017	2134
2018	2135
2019	2136
2020	2137
2021	2138
2022	2139
2023	2140
2024	2141
2025	2142
2026	2143
2027	2144
2028	2145
2029	2146
2030	2147
2031	2148
2032	2149
2033	2150
2034	2151
2035	2152
2036	2153
2037	2154
2038	2155
2039	2156
2040	2157
2041	2158
2042	2159
2043	2160
2044	2161
2045	2162
2046	2163
2047	2164
2048	2165
2049	2166
2050	2167
2051	2168
2052	2169
2053	2170
2054	2171
2055	2172
2056	2173
2057	2174
2058	2175
2059	2176
2060	2177
2061	2178
2062	2179
2063	2180
2064	2181
2065	2182
2066	2183
2067	2184
2068	2185
2069	2186
2070	2187
2071	2188
2072	2189
2073	2190
2074	2191
2075	2192
2076	2193
2077	2194
2078	2195
2079	2196
2080	2197
2081	2198
2082	2199
2083	2200
2084	2201
2085	2202
2086	2203
2087	2204
2088	2205
2089	2206
2090	2207
2091	2208
2092	2209
2093	2210
2094	2211
2095	2212
2096	2213
2097	2214
2098	2215
2099	2216
2100	2217
2101	2218
2102	2219
2103	2220
2104	2221
2105	2222
2106	2223
2107	2224
2108	2225
2109	2226
2110	2227
2111	2228
2112	2229
2113	2230
2114	2231
2115	2232
2116	2233
2117	2234
2118	2235
2119	2236
2120	2237
2121	2238
2122	2239
2123	2240
2124	2241
2125	2242
2126	2243
2127	2244
2128	2245
2129	2246
2130	2247
2131	2248
2132	2249
2133	2250
2134	2251
2135	2252
2136	2253
2137	2254
2138	2255
2139	2256
2140	2257
2141	2258
2142	2259
2143	2260
2144	2261
2145	2262
2146	2263
2147	2264
2148	2265
2149	2266
2150	2267
2151	2268
2152	2269
2153	2270
2154	2271
2155	2272
2156	2273
2157	2274
2158	2275
2159	2276
2160	2277
2161	2278
2162	2279
2163	2280
2164	2281
2165	2282
2166	2283
2167	2284
2168	2285
2169	2286
2170	2287
2171	2288
2172	2289
2173	2290
2174	2291
2175	2292
2176	2293
2177	2294
2178	2295
2179	2296
2180	2297
2181	2298
2182	2299
2183	2300
2184	2301
2185	2302
2186	2303
2187	2304
2188	2305
2189	2306
2190	2307
2191	2308
2192	2309
2193	2310
2194	2311
2195	2312
2196	2313
2197	2314
2198	2315
2199	2316
2200	2317
2201	2318
2202	2319
2203	2320
2204	2321
2205	2322
2206	2323
2207	2324
2208	2325
2209	2326
2210	2327
2211	2328
2212	2329
2213	2330
2214	2331
2215	2332
2216	2333
2217	2334
2218	2335
2219	2336
2220	2337
2221	2338
2222	2339
2223	2340
2224	2341
2225	2342
2226	2343
2227	2344
2228	2345
2229	2346
2230	2347
2231	2348
2232	2349
2233	2350
2234	2351
2235	2352
2236	2353
2237	2354
2238	2355
2239	2356
2240	2357
2241	2358
2242	2359
2243	2360
2244	2361
2245	2362
2246	2363
2247	2364
2248	2365
2249	2366
2250	2367
2251	2368
2252	2369
2253	2370
2254	2371
2255	2372
2256	2373
2257	2374
2258	2375
2259	2376
2260	2377
2261	2378
2262	2379
2263	2380
2264	2381
2265	2382
2266	2383
2267	2384
2268	2385
2269	2386
2270	2387
2271	2388
2272	2389
2273	2390
2274	2391
2275	2392
2276	2393
2277	2394
2278	2395
2279	2396
2280	2397
2281	2398
2282	2399
2283	2400
2284	2401
2285	2402
2286	2403
2287	2404
2288	2405
2289	2406
2290	2407
2291	2408
2292	2409
2293	2410
2294	2411
2295	2412
2296	2413
2297	2414
2298	2415
2299	2416
2300	2417
2301	2418
2302	2419
2303	2420
2304	2421
2305	2422
2306	2423
2307	2424
2308	2425
2309	2426
2310	2427
2311	2428
2312	2429
2313	2430
2314	2431
2315	2432
2316	2433
2317	2434
2318	2435
2319	2436
2320	2437
2321	2438
2322	2439
2323	2440
2324	2441
2325	2442
2326	2443
2327	2444
2328	2445
2329	2446
2330	2447
2331	2448
2332	2449
2333	2450
2334	2451
2335	2452
2336	2453
2337	2454
2338	2455
2339	2456
2340	2457
2341	2458
2342	2459
2343	2460
2344	2461
2345	2462
2346	2463
2347	2464
2348	2465
2349	2466
2350	2467
2351	2468
2352	2469
2353	2470
2354	2471
2355	2472
2356	2473
2357	2474
2358	2475
2359	2476
2360	2477
2361	2478
2362	2479
2363	2480
2364	2481
2365	2482
2366	2483
2367	2484
2368	2485
2369	2486
2370	2487
2371	2488
2372	2489
2373	2490
2374	2491
2375	2492
2376	2493
2377	2494
2378	2495
2379	2496
2380	2497
2381	2498
2382	2499
2383	2500
2384	2501
2385	2502
2386	2503
2387	2504
2388	2505
2389	2506
2390	2507
2391	2508
2392	2509
2393	2510
2394	2511
2395	2512
2396	2513
2397	2514
2398	2515
2399	2516
2400	2517
2401	2518
2402	2519
2403	2520
2404	2521
2405	2522
2406	2523
2407	2524
2408	2525
2409	2526
2410	2527
2411	2528
2412	2529
2413	2530
2414	2531
2415	2532
2416	2533
2417	2534
2418	2535
2419	2536
2420	2537
2421	2538
2422	2539
2423	2540
2424	2541
2425	2542
2426	2543
2427	2544
2428	2545
2429	2546
2430	2547
2431	2548
2432	2549
2433	2550
2434	2551
2435	2552
2436	2553
2437	2554
2438	2555
2439	2556
2440	2557
2441	2558
2442	2559
2443	2560
2444	2561
2445	2562
2446	2563
2447	2564
2448	2565
2449	2566
2450	2567
2451	2568
2452	2569
2453	2570
2454	2571
2455	2572
2456	2573
2457	2574
2458	2575
2459	2576
2460	2577
2461	2578
2462	2579
2463	2580
2464	2581
2465	2582
2466	2583
2467	2584
2468	2585
2469	2586
2470	2587
2471	2588
2472	2589
2473	2590
2474	2591
2475	2592
2476	2593
2477	2594
2478	2595
2479	2596
2480	2597
2481	2598
2482	2599
2483	2600
2484	2601
2485	2602
2486	2603
2487	2604
2488	2605
2489	2606
2490	2607
2491	2608
2492	2609
2493	2610
2494	2611
2495	2612
2496	2613
2497	2614
2498	2615
2499	2616
2500	2617
2501	2618
2502	2619
2503	2620
2504	2621
2505	2622
2506	2623
2507	2624
2508	2625
2509	2626
2510	2627
2511	2628
2512	2629
2513	2630
2514	2631
2515	2632
2516	2633
2517	2634
2518	2635
2519	2636
2520	2637
2521	2638
2522	2639
2523	2640
2524	2641
2525	2642
2526	2643
2527	2644
2528	2645
2529	2646
2530	2647
2531	2648
2532	2649
2533	2650
2534	2651
2535	2652
2536	2653
2537	2654
2538	2655
2539	2656
2540	2657
2541	2658
2542	2659
2543	2660
2544	2661
2545	2662
2546	2663
2547	2664
2548	2665
2549	2666
2550	2667
2551	2668
2552	2669
2553	2670
2554	2671
2555	2672
2556	2673
2557	2674
2558	2675
2559	2676
2560	2677
2561	2678
2562	2679
2563	2680
2564	2681
2565	2682
2566	2683
2567	2684
2568	2685
2569	2686
2570	2687
2571	2688
2572	2689
2573	2690
2574	2691
2575	2692
2576	2693
2577	2694
2578	2695
2579	2696
2580	2697
2581	2698
2582	2699
2583	2700
2584	2701
2585	2702
2586	2703
2587	2704
2588	2705
2589	2706
2590	2707
2591	2708
2592	2709
2593	2710
2594	2711
2595	2712
2596	2713
2597	2714
2598	2715
2599	2716
2600	2717
2601	2718
2602	2719
2603	2720
2604	2721
2605	2722
2606	2723
2607	2724
2608	2725
2609	2726
2610	2727
2611	2728
2612	2729
2613	2730
2614	2731
2615	2732
2616	2733
2617	2734
2618	2735
2619	2736
2620	2737
2621	2738
2622	2739
2623	2740
2624	2741
2625	2742
2626	2743
2627	2744
2628	2745
2629	2746
2630	2747
2631	2748
2632	2749
2633	2750
2634	2751
2635	2752
2636	2753
2637	2754
2638	2755
2639	2756
2640	2757
2641	2758
2642	2759
2643	2760
2644	2761
2645	2762
2646	2763
2647	2764
2648	2765
2649	2766
2650	2767
2651	2768
2652	2769
2653	2770
2654	2771
2655	2772
2656	2773
2657	2774
2658	2775
2659	2776
2660	2777
2661	2778
2662	2779
2663	2780
2664	2781
2665	2782
2666	2783
2667	2784
2668	2785
2669	2786
2670	2787
2671	2788
2672	2789
2673	2790
2674	2791
2675	2792
2676	2793
2677	2794
2678	2795
2679	2796
2680	2797
2681	2798
2682	2799
2683	2800
2684	2801
2685	2802
2686	2803
2687	2804
2688	2805
2689	2806
2690	2807
2691	2808
2692	2809
2693	2810
2694	2811
2695	2812
2696	2813
2697	2814
2698	2815
2699	2816
2700	2817
2701	2818
2702	2819
2703	2820
2704	2821
2705	2822
2706	2823
2707	2824
2708	2825
2709	2826
2710	2827
2711	2828
2712	2829
2713	2830
2714	2831
2715	2832
2716	2833
2717	2834
2718	2835
2719	2836
2720	2837
2721	2838
2722	2839
2723	2840
2724	2841
2725	2842
2726	2843
2727	2844
2728	2845
2729	2846
2730	2847
2731	2848
2732	2849
2733	2850
2734	2851
2735	2852
2736	2853
2737	2854
2738	2855
2739	2856
2740	2857
2741	2858
2742	2859
2743	2860
2744	2861
2745	2862
2746	2863
2747	2864
2748	2865
2749	2866
2750	2867
2751	2868
2752	2869
2753	2870
2754	2871
2755	2872
2756	2873
2757	2874
2758	2875
2759	2876
2760	2877
2761	2878
2762	2879
2763	2880
2764	2881
2765	2882
2766	2883
2767	2884
2768	2885
2769	2886
2770	2887
2771	2888
2772	2889
2773	2890
2774	2891
2775	2892
2776	2893
2777	2894
2778	2895
2779	2896
2780	2897
2781	2898
2782	2899
2783	2900
2784	2901
2785	2902
2786	2903
2787	2904
2788	2905
2789	2906
2790	2907
2791	2908
2792	2909
2793	2910
2794	2911
2795	2912
2796	2913
2797	2914
2798	2915
2799	2916
2800	2917
2801	2918
2802	2919
2803	2920
2804	2921
2805	2922
2806	2923
2807	2924
2808	2925
2809	2926
2810	2927
2811	2928
2812	2929
2813	2930
2814	2931
2815	2932
2816	2933
2817	2934
2818	2935
2819	2936
2820	2937
2821	2938
2822	2939
2823	2940
2824	2941
2825	2942
2826	2943
2827	2944
2828	2945
2829	2946
2830	2947
2831	2948
2832	2949
2833	2950
2834	2951
2835	2952
2836	2953
2837	2954
2838	2955
2839	2956
2840	2957
2841	2958
2842	2959
2843	2960
2844	2961
2845	2962
2846	2963
2847	2964
2848	2965
2849	2966
2850	2967
2851	2968
2852	2969
2853	2970
2854	2971
2855	2972
2856	2973
2857	2974
2858	2975
2859	2976
2860	2977
2861	2978
2862	2979
2863	2980
2864	2981
2865	2982
2866	2983
2867	2984
2868	2985
2869	2986
2870	2987
2871	2988
2872	2989
2873	2990
2874	2991
2875	2992
2876	2993
2877	2994
2878	2995
2879	2996
2880	2997
2881	2998
2882	2999
2883	3000
2884	3001
2885	3002
2886	3003
2887	3004
2888	3005
2889	3006
2890	3007
2891	3008
2892	3009
2893	3010
2894	3011
2895	3012
2896	3013
2897	3014
2898	3015
2899	3016
2900	3017
2901	3018
2902	3019
2903	3020
2904	3021
2905	3022
2906	3023
2907	3024
2908	3025
2909	3026
2910	3027
2911	3028
2912	3029
2913	3030
2914	3031
2915	3032
2916	3033
2917	3034
2918	3035
2919	3036
2920	3037
2921	3038
2922	3039
2923	3040
2924	3041
2925	3042
2926	3043
2927	3044
2928	3045
2929	3046
2930	3047
2931	3048
2932	3049
2933	3050
2934	3051
2935	3052
2936	3053
2937	3054
2938	3055
2939	3056
2940	3057
2941	3058
2942	3059
2943	3060
2944	3061
2945	3062
2946	3063
2947	3064
2948	3065
2949	3066
2950	3067
2951	3068
2952	3069
2953	3070
2954	3071
2955	3072
2956	3073
2957	3074
2958	3075
2959	3076
2960	3077
2961	3078
2962	3079
2963	3080
2964	3081
2965	3082
2966	3083
2967	3084
2968	3085
2969	3086
2970	3087
2971	3088
2972	3089
2973	3090
2974	3091
2975	3092
2976	3093
2977	3094
2978	3095
2979	3096
2980	3097
2981	3098
2982	3099
2983	3100
2984	3101
2985	3102
2986	3103
2987	3104
2988	3105
2989	3106
2990	3107
2991	3108
2992	3109
2993	3110
2994	3111
2995	3112
2996	3113
2997	3114
2998	3115
2999	3116
3000	3117
3001	3118
3002	3119
3003	3120
3004	3121
3005	3122
3006	3123
3007	3124
3008	3125
3009	3126
3010	3127
3011	3128
3012	3129
3013	3130
3014	3131
3015	3132
3016	3133
3017	3134
3018	3135
3019	3136
3020	3137
3021	3138
3022	3139
3023	3140
3024	3141
3025	3142
3026	3143
3027	3144
3028	3145
3029	3146
3030	3147
3031	3148
3032	3149
3033	3150
3034	3151
3035	3152
3036	3153
3037	3154
3038	3155
3039	3156
3040	3157
3041	3158
3042	3159
3043	3160
3044	3161
3045	3162
3046	3163
3047	3164
3048	3165
3049	3166
3050	3167
3051	3168
3052	3169
3053	3170
3054	3171
3055	3172
3056	3173
3057	3174
3058	3175
3059	3176
3060	3177
3061	3178
3062	3179
3063	3180
3064	3181
3065	3182
3066	3183
3067	3184
3068	3185
3069	3186
3070	3187
3071	3188
3072	3189
3073	3190
3074	3191
3075	3192
3076	3193
3077	3194
3078	3195
3079	3196
3080	3197
3081	3198
3082	3199
3083	3200
3084	3201
3085	3202
3086	3203
3087	3204
3088	3205
3089	3206
3090	3207
3091	3208
3092	3209
3093	3210
3094	3211
3095	3212
3096	3213
3097	3214
3098	3215
3099	3216
3100	3217
3101	3218
3102	3219
3103	3220
3104	3221
3105	3222
3106	3223
3107	3224
3108	3225
3109	3226
3110	3227
3111	3228
3112	3229
3113	3230
3114	3231
3115	3232
3116	3233
3117	3234
3118	3235
3119	3236
3120	3237
3121	3238
3122	3239
3123	3240
3124	3241
3125	3242
3126	3243
3127	3244
3128	3245
3129	3246
3130	3247
3131	3248
3132	3249
3133	3250
3134	3251
3135	3252
3136	3253
3137	3254
3138	3255
3139	3256
3140	3257
3141	3258
3142	3259
3143	3260
3144	3261
3145	3262
3146	3263
3147	3264
3148	3265
3149	3266
3150	3267
3151	3268
3152	3269
3153	3270
3154	3271
3155	3272
3156	3273
3157	3274
3158	3275
3159	3276
3160	3277
3161	3278
3162	3279
3163	3280
3164	3281
3165	3282
3166	3283
3167	3284
3168	3285
3169	3286
3170	3287
3171	3288
3172	3289
3173	3290
3174	3291
3175	3292
3176	3293
3177	3294
3178	3295
3179	3296
3180	3297
3181	3298
3182	3299
3183	3300
3184	3301
3185	3302
3186	3303
3187	3304
3188	3305
3189	3306
3190	3307
3191	3308
3192	3309
3193	3310
3194	3311
3195	3312
3196	3313
3197	3314
3198	3315
3199	3316
3200	3317
3201	3318
3202	3319
3203	3320
3204	3321
3205	3322
3206	3323
3207	3324
3208	3325
3209	3326
3210	3327
3211	3328
3212	3329
3213	3330
3214	3331
3215	3332
3216	3333
3217	3334
3218	3335
3219	3336
3220	3337
3221	3338
3222	3339
3223	3340
3224	3341
3225	3342
3226	3343
3227	3344
3228	3345
3229	3346
3230	3347
3231	3348
3232	3349
3233	3350
3234	3351
3235	3352
3236	3353
3237	3354
3238	3355
3239	3356
3240	3357
3241	3358
3242	3359
3243	3360
3244	3361
3245	3362
3246	3363
3247	3364
3248	3365
3249	3366
3250	3367
3251	3368
3252	3369
3253	3370
3254	3371
3255	3372
3256	3373
3257	3374
3258	3375
3259	3376
3260	3377
3261	3378
3262	3379
3263	3380
3264	3381
3265	3382
3266	3383
3267	3384
3268	3385
3269	3386
3270	3387
3271	3388
3272	3389
3273	3390
3274	3391
3275	3392
3276	3393
3277	3394
3278	3395
3279	3396
3280	3397
3281	3398
3282	3399
3283	3400
3284	3401
3285	3402
3286	3403
3287	3404
3288	3405
3289	3406
3290	3407
3291	3408
3292	3409
3293	3410
3294	3411
3295	3412
3296	3413
3297	3414
3298	3415
3299	3416
3300	3417
3301	3418
3302	3419
3303	3420
3304	3421
3305	3422
3306	3423
3307	3424
3308	3425
3309	3426
3310	3427
3311	3428
3312	3429
3313	3430
3314	3431
3315	3432
3316	3433
3317	3434
3318	3435
3319	3436
3320	3437
3321	3438
3322	3439
3323	3440
3324	3441
3325	3442
3326	3443
3327	3444
3328	3445
3329	3446
3330	3447
3331	3448
3332	3449
3333	3450
3334	3451
3335	3452
3336	3453
3337	3454
3338	3455
3339	3456
3340	3457
3341	3458
3342	3459
3343	3460
3344	3461
3345	3462
3346	3463
3347	3464
3348	3465
3349	3466
3350	3467
3351	3468
3352	3469
3353	3470
3354	3471
3355	3472
3356	3473
3357	3474
3358	3475
3359	3476
3360	3477
3361	3478
3362	3479
3363	3480
3364	3481
3365	3482
3366	3483
3367	3484
3368	3485
3369	3486
3370	3487
3371	3488
3372	3489
3373	3490
3374	3491
3375	3492
3376	3493
3377	3494
3378	3495
3379	3496
3380	3497
3381	3498
3382	3499
3383	3500
3384	3501
3385	3502
3386	3503
3387	3504
3388	3505
3389	3506
3390	3507
3391	3508
3392	3509
3393	3510
3394	3511
3395	3512
3396	3513
3397	3514
3398	3515
3399	3516
3400	3517
3401	3518
3402	3519
3403	3520
3404	3521
3405	3522
3406	3523
3407	3524
3408	3525
3409	3526
3410	3527
3411	3528
3412	3529
3413	3530
3414	3531
3415	3532
3416	3533
3417	3534
3418	3535
3419	3536
3420	3537
3421	3538
3422	3539
3423	3540
3424	3541
3425	3542
3426	3543
3427	3544
3428	3545
3429	3546
3430	3547
3431	3548
3432	3549
3433	3550
3434	3551
3435	3552
3436	3553
3437	3554
3438	3555
3439	3556
3440	3557
3441	3558
3442	3559
3443	3560
3444	3561
3445	3562
3446	3563
3447	3564
3448	3565
3449	3566
3450	3567
3451	3568
3452	3569
3453	3570
3454	3571
3455	3572
3456	3573
3457	3574
3458	3575
3459	3576
3460	3577
3461	3578
3462	3579
3463	3580
3464	3581
3465	3582
3466	3583
3467	3584
3468	3585
3469	3586
3470	3587
3471	3588
3472	3589
3473	3590
3474	3591
3475	3592
3476	3593
3477	3594
3478	3595
3479	3596
3480	3597
3481	3598
3482	3599
3483	3600
3484	3601
3485	3602
3486	3603
3487	3604
3488	3605
3489	3606
3490	3607
3491	3608
3492	3609
3493	3610
3494	3611
3495	3612
3496	3613
3497	3614
3498	3615
3499	3616
3500	3617
3501	3618
3502	3619
3503	3620
3504	3621
3505	3622
3506	3623
3507	3624
3508	3625
3509	3626
3510	3627
3511	3628
3512	3629
3513	3630
3514	3631
3515	3632
3516	3633
3517	3634
3518	3635
3519	3636
3520	3637
3521	3638
3522	3639
3523	3640
3524	3641
3525	3642
3526	3643
3527	3644
3528	3645
3529	3646
3530	3647
3531	3648
3532	3649
3533	3650
3534	3651
3535	3652
3536	3653
3537	3654
3538	3655
3539	3656
3540	3657
3541	3658
3542	3659
3543	3660
3544	3661
3545	3662
3546	3663
3547	3664
3548	3665
3549	3666
3550	3667
3551	3668
3552	3669
3553	3670
3554	3671
3555	3672
3556	3673
3557	3674
3558	3675
3559	3676
3560	3677
3561	3678
3562	3679
3563	3680
3564	3681
3565	3682
3566	3683
3567	3684
3568	3685
3569	3686
3570	3687
3571	3688
3572	3689
3573	3690
3574	3691
3575	3692
3576	3693
3577	3694
3578	3695
3579	3696
3580	3697
3581	3698
3582	3699
3583	3700
3584	3701
3585	3702
3586	3703
3587	3704
3588	3705
3589	3706
3590	3707
3591	3708
3592	3709
3593	3710
3594	3711
3595	3712
3596	3713
3597	3714
3598	3715
3599	3716
3600	3717
3601	3718
3602	3719
3603	3720
3604	3721
3605	3722
3606	3723
3607	3724
3608	3725
3609	3726
3610	3727
3611	3728
3612	3729
3613	3730
3614	3731
3615	3732
3616	3733
3617	3734
3618	3735
3619	3736
3620	3737
3621	3738
3622	3739
3623	3740
3624	3741
3625	3742
3626	3743
3627	3744
3628	3745
3629	3746
3630	3747
3631	3748
3632	3749
3633	3750
3634	3751
3635	3752
3636	3753
3637	3754
3638	3755
3639	3756
3640	3757
3641	3758
3642	3759
3643	3760
3644	3761
3645	3762
3646	3763
3647	3764
3648	3765
3649	3766
3650	3767
3651	3768
3652	3769
3653	3770
3654	3771
3655	3772
3656	3773
3657	3774
3658	3775
3659	3776
3660	3777
3661	3778
3662	3779
3663	3780
3664	3781
3665	3782
3666	3783
3667	3784
3668	3785
3669	3786
3670	3787
3671	3788
3672	3789
3673	3790
3674	3791
3675	3792
3676	3793
3677	3794
3678	3795
3679	3796
3680	3797
3681	3798
3682	3799
3683	3800
3684	3801
3685	3802
3686	3803
3687	3804
3688	3805
3689	3806
3690	3807
3691	3808
3692	3809
3693	3810
3694	3811
3695	3812
3696	3813
3697	3814
3698	3815
3699	3816
3700	3817
3701	3818
3702	3819
3703	3820
3704	3821
3705	3822
3706	3823
3707	3824
3708	3825
3709	3826
3710	3827
3711	3828
3712	3829
3713	3830
3714	3831
3715	3832
3716	3833
3717	3834
3718	3835
3719	3836
3720	3837
3721	3838
3722	3839
3723	3840
3724	3841
3725	3842
3726	3843
3727	3844
3728	3845
3729	3846
3730	3847
3731	3848
3732	3849
3733	3850
3734	3851
3735	3852
3736	3853
3737	3854
3738	3855
3739	3856
3740	3857
3741	3858
3742	3859
3743	3860
3744	3861
3745	3862
3746	3863
3747	3864
3748	3865
3749	3866
3750	3867
3751	3868
3752	3869
3753	3870
3754	3871
3755	3872
3756	3873
3757	3874
3758	3875
3759	3876
3760	3877
3761	3878
3762	3879
3763	3880
3764	3881
3765	3882
3766	3883
3767	3884
3768	3885
3769	3886
3770	3887
3771	3888
3772	3889
3773	3890
3774	3891
3775	3892
3776	3893
3777	3894
3778	3895
3779	3896
3780	3897
3781	3898
3782	3899
3783	3900
3784	3901
3785	3902
3786	3903
3787	3904
3788	3905
3789	3906
3790	3907
3791	3908
3792	3909
3793	3910
3794	3911
3795	3912
3796	3913
3797	3914
3798	3915
3799	3916
3800	3917
3801	3918
3802	3919
3803	3920
3804	3921
3805	3922
3806	3923
3807	3924
3808	3925
3809	3926
3810	3927
3811	3928
3812	3929
3813	3930
3814	3931
3815	3932
3816	3933
3817	3934
3818	3935
3819	3936
3820	3937
3821	3938
3822	3939
3823	3940
3824	3941
3825	3942
3826	3943
3827	3944
3828	3945
3829	3946
3830	3947
3831	3948
3832	3949
3833	3950
3834	3951
3835	3952
3836	3953
3837	3954
3838	3955
3839	3956
3840	3957
3841	3958
3842	3959
3843	3960
3844	3961
3845	3962
3846	3963
3847	3964
3848	3965
3849	3966
3850	3967
3851	3968
3852	3969
3853	3970
3854	3971
3855	3972
3856	3973
3857	3974
3858	3975
3859	3976
3860	3977
3861	3978
3862	3979
3863	3980
3864	3981
3865	3982
3866	3983
3867	3984
3868	3985
3869	3986
3870	3987
3871	3988
3872	3989
3873	3990
3874	3991
3875	3992
3876	3993
3877	3994
3878	3995
3879	3996
3880	3997
3881	3998
3882	3999
3883	4000
3884	4001
3885	4002
3886	4003
3887	4004
3888	4005
3889	4006
3890	4007
3891	4008
3892	4009
3893	4010
3894	4011
3895	4012
3896	4013
3897	4014
3898	4015
3899	4016
3900	4017
3901	4018
3902	4019
3903	4020
3904	4021
3905	4022
3906	4023
3907	4024
3908	4025
3909	4026
3910	4027
3911	4028
3912	4029
3913	4030
3914	4031
3915	4032
3916	4033
3917	4034
3918	4035
3919	4036
3920	4037
3921	4038
3922	4039
3923	4040
3924	4041
3925	4042
3926	4043
3927	4044
3928	4045
3929	4046
3930	4047
3931	4048
3932	4049
3933	4050
3934	4051
3935	4052
3936	4053
3937	4054
3938	4055
3939	4056
3940	4057
3941	4058
3942	4059
3943	4060
3944	4061
3945	4062
3946	4063
3947	4064
3948	4065
3949	4066
3950	4067
3951	4068
3952	4069
3953	4070
3954	4071
3955	4072
3956	4073
3957	4074
3958	4075
3959	4076
3960	4077
3961	4078
3962	4079
3963	4080
3964	4081
3965	4082
3966	4083
3967	4084
3968	4085
3969	4086
3970	4087
3971	4088
3972	4089
3973	4090
3974	4091
3975	4092
3976	4093
3977	4094
3978	4095
3979	4096
3980	4097
3981	4098
3982	4099
3983	4100
3984	4101
3985	4102
3986	4103
3987	4104
3988	4105
3989	4106
3990	4107
3991	4108
3992	4109
3993	4110
3994	4111
3995	4112
3996	4113
3997	4114
3998	4115
3999	4116
4000	4117
4001	4118
4002	4119
4003	4120
4004	4121
4005	4122
4006	4123
4007	4124
4008	4125
4009	4126
4010	4127
4011	4128
4012	4129
4013	4130
4014	4131
4015	4132
4016	4133
4017	4134
4018	4135
4019	4136
4020	4137
4021	4138
4022	4139
4023	4140
4024	4141
4025	4142
4026	4143
4027	4144
4028	4145
4029	4146
4030	4147
4031	4148
4032	4149
4033	4150
4034	4151
4035	4152
4036	4153
4037	4154
4038	4155
4039	4156
4040	4157
4041	4158
4042	4159
4043	4160
4044	4161
4045	4162
4046	4163
4047	4164
4048	4165
4049	4166
4050	4167
4051	4168
4052	4169
4053	4170
4054	4171
4055	4172
4056	4173
4057	4174
4058	4175
4059	4176
4060	4177
4061	4178
4062	4179
4063	4180
4064	4181
4065	4182
4066	4183
4067	4184
4068	4185
4069	4186
4070	4187
4071	4188
4072	4189
4073	4190
4074	4191
4075	4192
4076	4193
4077	4194
4078	4195
4079	4196
4080	4197
4081	4198
4082	4199
4083	4200
4084	4201
4085	4202
4086	4203
4087	4204
4088	4205
4089	4206
4090	4207
4091	4208
4092	4209
4093	4210
4094	4211
4095	4212
4096	4213
4097	4214
4098	4215
4099	4216
4100	4217
4101	4218
4102	4219
4103	4220
4104	4221
4105	4222
4106	4223
4107	4224
4108	4225
4109	4226
4110	4227
4111	4228
4112	4229
4113	4230
4114	4231
4115	4232
4116	4233
4117	4234
4118	4235
4119	4236
4120	4237
4121	4238
4122	4239
4123	4240
4124	4241
4125	4242
4126	4243
4127	4244
4128	4245
4129	4246
4130	4247
4131	4248
4132	4249
4133	4250
4134	4251
4135	4252
4136	4253
4137	4254
4138	4255
4139	4256
4140	4257
4141	4258
4142	4259
4143	4260
4144	4261
4145	4262
4146	4263
4147	4264
4148	4265
4149	4266
4150	4267
4151	4268
4152	4269
4153	4270
4154	4271
4155	4272
4156	4273
4157	4274
4158	4275
4159	4276
4160	4277
4161	4278
4162	4279
4163	4280
4164	4281
4165	4282
4166	4283
4167	4284
4168	4285
4169	4286
4170	4287
4171	4288
4172	4289
4173	4290
4174	4291
4175	4292
4176	4293
4177	4294
4178	4295
4179	4296
4180	4297
4181	4298
4182	4299
4183	4300
4184	4301
4185	4302
4186	4303
4187	4304
4188	4305
4189	4306
4190	4307
4191	4308
4192	4309
4193	4310
4194	4311
4195	4312
4196	4313
4197	4314
4198	4315
4199	4316
4200	4317
4201	4318
4202	4319
4203	4320
4204	4321
4205	4322
4206	4323
4207	4324
4208	4325
4209	4326
4210	4327
4211	4328
4212	4329
4213	4330
4214	4331
4215	4332
4216	4333
4217	4334
4218	4335
4219	4336
4220	4337
4221	4338
4222	4339
4223	4340
4224	4341
4225	4342
4226	4343
4227	4344
4228	4345
4229	4346
4230	4347
4231	4348
4232	4349
4233	4350
4234	4351
4235	4352
4236	4353
4237	4354
4238	4355
4239	4356
4240	4357
4241	4358
4242	4359
4243	4360
4244	4361
4245	4362
4246	4363
4247	4364
4248	4365
4249	4366
4250	4367
4251	4368
4252	4369
4253	4370
4254	4371
4255	4372
4256	4373
4257	4374
4258	4375
4259	4376
4260	4377
4261	4378
4262	4379
4263	4380
4264	4381
4265	4382
4266	4383
4267	4384
4268	4385
4269	4386
4270	4387
4271	4388
4272	4389
4273	4390
4274	4391
4275	4392
4276	4393
4277	4394
4278	4395
4279	4396
4280	4397
4281	4398
4282	4399
4283	4400
4284	4401
4285	4402
4286	4403
4287	4404
4288	4405
4289	4406
4290	4407
4291	4408
4292	4409
4293	4410
4294	4411
4295	4412
4296	4413
4297	4414
4298	4415
4299	4416
4300	4417
4301	4418
4302	4419
4303	4420
4304	4421
4305	4422
4306	4423
4307	4424
4308	4425
4309	4426
4310	4427
4311	4428
4312	4429
4313	4430
4314	4431
4315	4432
4316	4433
4317	4434
4318	4435
4319	4436
4320	4437
4321	4438
4322	4439
4323	4440
4324	4441
4325	4442
4326	4443
4327	4444
4328	4445
4329	4446
4330	4447
4331	4448
4332	4449
4333	4450
4334	4451
4335	4452
4336	4453
4337	4454
4338	4455
4339	4456
4340	4457
4341	4458
4342	4459
4343	4460
4344	4461
4345	4462
4346	4463
4347	4464
4348	4465
4349	4466
4350	4467
4351	4468
4352	4469
4353	4470
4354	4471
4355	4472
4356	4473
4357	4474
4358	4475
4359	4476
4360	4477
4361	4478
4362	4479
4363	4480
4364	4481
4365	4482
4366	4483
4367	4484
4368	4485
4369	4486
4370	4487
4371	4488
4372	4489
4373	4490
4374	4491
4375	4492
4376	4493
4377	4494
4378	4495
4379	4496
4380	4497
4381	4498
4382	4499
4383	4500
4384	4501
4385	4502
4386	4503
4387	4504
4388	4505
4389	4506
4390	4507
4391	4508
4392	4509
4393	4510
4394	4511
4395	4512
4396	4513
4397	4514
4398	4515
4399	4516
4400	4517
4401	4518
4402	4519
4403	4520
4404	4521
4405	4522
4406	4523
4407	4524
4408	4525
4409	4526
4410	4527
4411	4528
4412	4529
4413	4530
4414	4531
4415	4532
4416	4533
4417	4534
4418	4535
4419	4536
4420	4537
4421	4538
4422	4539
4423	4540
4424	4541
4425	4542
4426	4543
4427	4544
4428	4545
4429	4546
4430	4547
4431	4548
4432	4549
4433	4550
4434	4551
4435	4552
4436	4553
4437	4554
4438	4555
4439	4556
4440	4557
4441	4558
4442	4559
4443	4560
4444	4561
4445	4562
4446	4563
4447	4564
4448	4565
4449	4566
4450	4567
4451	4568
4452	4569
4453	4570
4454	4571
4455	4572
4456	4573
4457	4574
4458	4575
4459	4576
4460	4577
4461	4578
4462	4579
4463	4580
4464	4581
4465	4582
4466	4583
4467	4584
4468	4585
4469	4586
4470	4587
4471	4588
4472	4589
4473	4590
4474	4591
4475	4592
4476	4593
4477	4594
4478	4595
4479	4596
4480	4597
4481	4598
4482	4599
4483	4600
4484	4601
4485	4602
4486	4603
4487	4604
4488	4605
4489	4606
4490	4607
4491	4608
4492	4609
4493	4610
4494	4611
4495	4612
4496	4613
4497	4614
4498	4615
4499	4616
4500	4617
4501	4618
4502	4619
4503	4620
4504	4621
4505	4622
4506	4623
4507	4624
4508	4625
4509	4626
4510	4627
4511	4628
4512	4629
4513	4630
4514	4631
4515	4632
4516	4633
4517	4634
4518	4635
4519	4636
4520	4637
4521	4638
4522	4639
4523	4640
4524	4641
4525	4642
4526	4643
4527	4644
4528	4645
4529	4646
4530	4647
4531	4648
4532	4649
4533	4650
4534	4651
4535	4652
4536	4653
4537	4654
4538	4655
4539	4656
4540	4657
4541	4658
4542	4659
4543	4660
4544	4661
4545	4662
4546	4663
4547	4664
4548	4665
4549	4666
4550	4667
4551	4668
4552	4669
4553	4670
4554	4671
4555	4672
4556	4673
4557	4674
4558	4675
4559	4676
4560	4677
4561	4678
4562	4679
4563	4680
4564	4681
4565	4682
4566	4683
4567	4684
4568	4685
4569	4686
4570	4687
4571	4688
4572	4689
4573	4690
4574	4691
4575	4692
4576	4693
4577	4694
4578	4695
4579	4696
4580	4697
4581	4698
4582	4699
4583	4700
4584	4701
4585	4702
4586	4703
4587	4704
4588	4705
4589	4706
4590	4707
4591	4708
4592	4709
4593	4710
4594	4711
4595	4712
4596	4713
4597	4714
4598	4715
4599	4716
4600	4717
4601	4718
4602	4719
4603	4720
4604	4721
4605	4722
4606	4723
4607	4724
4608	4725
4609	4726
4610	4727
4611	4728
4612	4729
4613	4730
4614	4731
4615	4732
4616	4733
4617	4734
4618	4735
4619	4736
4620	4737
4621	4738
4622	4739
4623	4740
4624	4741
4625	4742
4626	4743
4627	4744
4628	4745
4629	4746
4630	4747
4631	4748
4632	4749
4633	4750
4634	4751
4635	4752
4636	4753
4637	4754
4638	4755
4639	4756
4640	4757
4641	4758
4642	4759
4643	4760
4644	4761
4645	4762
4646	4763
4647	4764
4648	4765
4649	4766
4650	4767
4651	4768
4652	4769
4653	4770
4654	4771
4655	4772
4656	4773
4657	4774
4658	4775
4659	4776
4660	4777
4661	4778
4662	4779
4663	4780
4664	4781
4665	4782
4666	4783
4667	4784
4668	4785
4669	4786
4670	4787
4671	4788
4672	4789
4673	4790
4674	4791
4675	4792
4676	4793
4677	4794
4678	4795
4679	4796
4680	4797
4681	4798
4682	4799
4683	4800
4684	4801
4685	4802
4686	4803
4687	4804
4688	4805
4689	4806
4690	4807
4691	4808
4692	4809
4693	4810
4694	4811
4695	4812
4696	4813
4697	4814
4698	4815
4699	4816
4700	4817
4701	4818
4702	4819
4703	4820
4704	4821
4705	4822
4706	4823
4707	4824
4708	4825
4709	4826
4710	4827
4711	4828
4712	4829
4713	4830
4714	4831
4715	4832
4716	4833
4717	4834
4718	4835
4719	4836
4720	4837
4721	4838
4722	4839
4723	4840
4724	4841
4725	4842
4726	4843
4727	4844
4728	4845
4729	4846
4730	4847
4731	4848
4732	4849
4733	4850
4734	4851
4735	4852
4736	4853
4737	4854
4738	4855
4739	4856
4740	4857
4741	4858
4742	4859
4743	4860
4744	4861
4745	4862
4746	4863
4747	4864
4748	4865
4749	4866
4750	4867
4751	4868
4752	4869
4753	4870
4754	4871
4755	4872
4756	4873
4757	4874
4758	4875
4759	4876
4760	4877
4761	4878
4762	4879
4763	4880
4764	4881
4765	4882
4766	4883
4767	4884
4768	4885
4769	4886
4770	4887
4771	4888
4772	4889
4773	4890
4774	4891
4775	4892
4776	4893
4777	4894
4778	4895
4779	4896
4780	4897
4781	4898
4782	4899
4783	4900
4784	4901
4785	4902
4786	4903
4787	4904
4788	4905
4789	4906
4790	4907
4791	4908
4792	4909
4793	4910
4794	4911
4795	4912
4796	4913
4797	4914
4798	4915
4799	4916
4800	4917
4801	4918
4802	4919
4803	4920
4804	4921
4805	4922
4806	4923
4807	4924
4808	4925
4809	4926
4810	4927
4811	4928
4812	4929
4813	4930
4814	4931
4815	4932
4816	4933
4817	4934
4818	4935
4819	4936
4820	4937
4821	4938
4822	4939
4823	4940
4824	4941
4825	4942
4826	4943
4827	4944
4828	4945
4829	4946
4830	4947
4831	4948
4832	4949
4833	4950
4834	4951
4835	4952
4836	4953
4837	4954
4838	4955
4839	4956
4840	4957
4841	4958
4842	4959
4843	4960
4844	4961
4845	4962
4846	4963
4847	4964
4848	4965
4849	4966
4850	4967
4851	4968
4852	4969
4853	4970
4854	4971
4855	4972
4856	4973
4857	4974
4858	4975
4859	4976
4860	4977
4861	4978
4862	4979
4863	4980
4864	4981
4865	4982
4866	4983
4867	4984
4868	4985
4869	4986
4870	4987
4871	4988
4872	4989
4873	4990
4874	4991
4875	4992
4876	4993
4877	4994
4878	4995
4879	4996
4880	4997
4881	4998
4882	4999
4883	5000
4884	5001
4885	5002
4886	5003
4887	5004
4888	5005
4889	5006
4890	5007
4891	5008
4892	5009
4893	5010
4894	5011
4895	5012
4896	5013
4897	5014
4898	5015
4899	5016
4900	5017
4901	5018
4902	5019
4903	5020
4904	5021
4905	5022
4906	5023
4907	5024
4908	5025
4909	5026
4910	5027
4911	5028
4912	5029
4913	5030
4914	5031
4915	5032
4916	5033
4917	5034
4918	5035
4919	5036
4920	5037
4921	5038
4922	5039
4923	5040
4924	5041
4925	5042
4926	5043
4927	5044
4928	5045
4929	5046
4930	5047
4931	5048
4932	5049
4933	5050
4934	5051
4935	5052
4936	5053
4937	5054
4938	5055
4939	5056
4940	5057
4941	5058
4942	5059
4943	5060
4944	5061
4945	5062
4946	5063
4947	5064
4948	5065
4949	5066
4950	5067
4951	5068
4952	5069
4953	5070
4954	5071
4955	5072
4956	5073
4957	5074
4958	5075
4959	5076
4960	5077
4961	5078
4962	5079
4963	5080
4964	5081
4965	5082
4966	5083
4967	5084
4968	5085
4969	5086
4970	5087
4971	5088
4972	5089
4973	5090
4974	5091
4975	5092
4976	5093
4977	5094
4978	5095
4979	5096
4980	5097
4981	5098
4982	5099
4983	5100
4984	5101
4985	5102
4986	5103
4987	5104
4988	5105
4989	5106
4990	5107
4991	5108
4992	5109
4993	5110
4994	5111
4995	5112
4996	5113
4997	5114
4998	5115
4999	5116
5000	5117
5001	5118
5002	5119
5003	5120
5004	5121
5005	5122
5006	5123
5007	5124
5008	5125
5009	5126
5010	5127
5011	5128
5012	5129
5013	5130
5014	5131
5015	5132
5016	5133
5017	5134
5018	5135
5019	5136
5020	5137
5021	5138
5022	5139
5023	5140
5024	5141
5025	5142
5026	5143
5027	5144
5028	5145
5029	5146
5030	5147
5031	5148
5032	5149
5033	5150
5034	5151
5035	5152
5036	5153
5037	5154
5038	5155
5039	5156
5040	5157
5041	5158
5042	5159
5043	5160
5044	5161
5045	5162
5046	5163
5047	5164
5048	5165
5049	5166
5050	5167
5051	5168
5052	5169
5053	5170
5054	5171
5055	5172
5056	5173
5057	5174
5058	5175
5059	5176
5060	5177
5061	5178
5062	5179
5063	5180
5064	5181
5065	5182
5066	5183
5067	5184
5068	5185
5069	5186
5070	5187
5071	5188
5072	5189
5073	5190
5074	5191
5075	5192
5076	5193
5077	5194
5078	5195
5079	5196
5080	5197
5081	5198
5082	5199
5083	5200
5084	5201
5085	5202
5086	5203
5087	5204
5088	5205
5089	5206
5090	5207
5091	5208
5092	5209
5093	5210
5094	5211
5095	5212
5096	5213
5097	5214
5098	5215
5099	5216
5100	5217
5101	5218
5102	5219
5103	5220
5104	5221
5105	5222
5106	5223
5107	5224
5108	5225
5109	5226
5110	5227
5111	5228
5112	5229
5113	5230
5114	5231
5115	5232
5116	5233
5117	5234
5118	5235
5119	5236
5120	5237
5121	5238
5122	5239
5123	5240
5124	5241
5125	5242
5126	5243
5127	5244
5128	5245
5129	5246
5130	5247
5131	5248
5132	5249
5133	5250
5134	5251
5135	5252
5136	5253
5137	5254
5138	5255
5139	5256
5140	5257
5141	5258
5142	5259
5143	5260
5144	5261
5145	5262
5146	5263
5147	5264
5148	5265
5149	5266
5150	5267
5151	5268
5152	5269
5153	5270
5154	5271
5155	5272
5156	5273
5157	5274
5158	5275
5159	5276
5160	5277
5161	5278
5162	5279
5163	5280
5164	5281
5165	5282
5166	5283
5167	5284
5168	5285
5169	5286
5170	5287
5171	5288
5172	5289
5173	5290
5174	5291
5175	5292
5176	5293
5177	5294
5178	5295
5179	5296
5180	5297
5181	5298
5182	5299
5183	5300
5184	5301
5185	5302
5186	5303
5187	5304
5188	5305
5189	5306
5190	5307
5191	5308
5192	5309
5193	5310
5194	5311
5195	5312
5196	5313
5197	5314
5198	5315
5199	5316
5200	5317
5201	5318
5202	5319
5203	5320
5204	5321
5205	5322
5206	5323
5207	5324
5208	5325
5209	5326
5210	5327
5211	5328
5212	5329
5213	5330
5214	5331
5215	5332
5216	5333
5217	5334
5218	5335
5219	5336
5220	5337
5221	5338
5222	5339
5223	5340
5224	5341
5225	5342
5226	5343
5227	5344
5228	5345
5229	5346
5230	5347
5231	5348
5232	5349
5233	5350
5234	5351
5235	5352
5236	5353
5237	5354
5238	5355
5239	5356
5240	5357
5241	5358
5242	5359
5243	5360
5244	5361
5245	5362
5246	5363
5247	5364
5248	5365
5249	5366
5250	5367
5251	5368
5252	5369
5253	5370
5254	5371
5255	5372
5256	5373
5257	5374
5258	5375
5259	5376
5260	5377
5261	5378
5262	5379
5263	5380
5264	5381
5265	5382
5266	5383
5267	5384
5268	5385
5269	5386
5270	5387
5271	5388
5272	5389
5273	5390
5274	5391
5275	5392
5276	5393
5277	5394
5278	5395
5279	5396
5280	5397
5281	5398
5282	5399
5283	5400
5284	5401
5285	5402
5286	5403
5287	5404
5288	5405
5289	5406
5290	5407
5291	5408
5292	5409
5293	5410
5294	5411
5295	5412
5296	5413
5297	5414
5298	5415
5299	5416
5300	5417
5301	5418
5302	5419
5303	5420
5304	5421
5305	5422
5306	5423
5307	5424
5308	5425
5309	5426
5310	5427
5311	5428
5312	5429
5313	5430
5314	5431
5315	5432
5316	5433
5317	5434
5318	5435
5319	5436
5320	5437
5321	5438
5322	5439
5323	5440
5324	5441
5325	5442
5326	5443
5327	5444
5328	5445
5329	5446
5330	5447
5331	5448
5332	5449
5333	5450
5334	5451
5335	5452
5336	5453
5337	5454
5338	5455
5339	5456
5340	5457
5341	5458
5342	5459
5343	5460
5344	5461
5345	5462
5346	5463
5347	5464
5348	5465
5349	5466
5350	5467
5351	5468
5352	5469
5353	5470
5354	5471
5355	5472
5356	5473
5357	5474
5358	5475
5359	5476
5360	5477
5361	5478
5362	5479
5363	5480
5364	5481
5365	5482
5366	5483
5367	5484
5368	5485
5369	5486
5370	5487
5371	5488
5372	5489
5373	5490
5374	5491
5375	5492
5376	5493
5377	5494
5378	5495
5379	5496
5380	5497
5381	5498
5382	5499
5383	5500
5384	5501
5385	5502
5386	5503
5387	5504
5388	5505
5389	5506
5390	5507
5391	5508
5392	5509
5393	5510
5394	5511
5395	5512
5396	5513
5397	5514
5398	5515
5399	5516
5400	5517
5401	5518
5402	5519
5403	5520
5404	5521
5405	5522
5406	5523
5407	5524
5408	5525
5409	5526
5410	5527
5411	5528
5412	5529
5413	5530
5414	5531
5415	5532
5416	5533
5417	5534
5418	5535
5419	5536
5420	5537
5421	5538
5422	5539
5423	5540
5424	5541
5425	5542
5426	5543
5427	5544
5428	5545
5429	5546
5430	5547
5431	5548
5432	5549
5433	5550
5434	5551
5435	5552
5436	5553
5437	5554
5438	5555
5439	5556
5440	5557
5441	5558
5442	5559
5443	5560
5444	5561
5445	5562
5446	5563
5447	5564
5448	5565
5449	5566
5450	5567
5451	5568
5452	5569
5453	5570
5454	5571
5455	5572
5456	5573
5457	5574
5458	5575
5459	5576
5460	5577
5461	5578
5462	5579
5463	5580
5464	5581
5465	5582
5466	5583
5467	5584
5468	5585
5469	5586
5470	5587
5471	5588
5472	5589
5473	5590
5474	5591
5475	5592
5476	5593
5477	5594
5478	5595
5479	5596
5480	5597
5481	5598
5482	5599
5483	5600
5484	5601
5485	5602
5486	5603
5487	5604
5488	5605
5489	5606
5490	5607
5491	5608
5492	5609
5493	5610
5494	5611
5495	5612
5496	5613
5497	5614
5498	5615
5499	5616
5500	5617
5501	5618
5502	5619
5503	5620
5504	5621
5505	5622
5506	5623
5507	5624
5508	5625
5509	5626
5510	5627
5511	5628
5512	5629
5513	5630
5514	5631
5515	5632
5516	5633
5517	5634
5518	5635
5519	5636
5520	5637
5521	5638
5522	5639
5523	5640
5524	5641
5525	5642
5526	5643
5527	5644
5528	5645
5529	5646
5530	5647
5531	5648
5532	5649
5533	5650
5534	5651
5535	5652
5536	5653
5537	5654
5538	5655
5539	5656
5540	5657
5541	5658
5542	5659
5543	5660
5544	5661
5545	5662
5546	5663
5547	5664
5548	5665
5549	5666
5550	5667
5551	5668
5552	5669
5553	5670
5554	5671
5555	5672
5556	5673
5557	5674
5558	5675
5559	5676
5560	5677
5561	5678
5562	5679
5563	5680
5564	5681
5565	5682
5566	5683
5567	5684
5568	5685
5569	5686
5570	5687
5571	5688
5572	5689
5573	5690
5574	5691
5575	5692
5576	5693
5577	5694
5578	5695
5579	5696
5580	5697
5581	5698
5582	5699
5583	5700
5584	5701
5585	5702
5586	5703
5587	5704
5588	5705
5589	5706
5590	5707
5591	5708
5592	5709
5593	5710
5594	5711
5595	5712
5596	5713
5597	5714
5598	5715
5599	5716
5600	5717
5601	5718
5602	5719
5603	5720
5604	5721
5605	5722
5606	5723
5607	5724
5608	5725
5609	5726
5610	5727
5611	5728
5612	5729
5613	5730
5614	5731
5615	5732
5616	5733
5617	5734
5618	5735
5619	5736
5620	5737
5621	5738
5622	5739
5623	5740
5624	5741
5625	5742
5626	5743
5627	5744
5628	5745
5629	5746
5630	5747
5631	5748
5632	5749
5633	5750
5634	5751
5635	5752
5636	5753
5637	5754
5638	5755
5639	5756
5640	5757
5641	5758
5642	5759
5643	5760
5644	5761
5645	5762
5646	5763
5647	5764
5648	5765
5649	5766
5650	5767
5651	5768
5652	5769
5653	5770
5654	5771
5655	5772
5656	5773
5657	5774
5658	5775
5659	5776
5660	5777
5661	5778
5662	5779
5663	5780
5664	5781
5665	5782
5666	5783
5667	5784
5668	5785
5669	5786
5670	5787
5671	5788
5672	5789
5673	5790
5674	5791
5675	5792
5676	5793
5677	5794
5678	5795
5679	5796
5680	5797
5681	5798
5682	5799
5683	5800
5684	5801
5685	5802
5686	5803
5687	5804
5688	5805
5689	5806
5690	5807
5691	5808
5692	5809
5693	5810
5694	5811
5695	5812
5696	5813
5697	5814
5698	5815
5699	5816
5700	5817
5701	5818
5702	5819
5703	5820
5704	5821
5705	5822
5706	5823
5707	5824
5708	5825
5709	5826
5710	5827
5711	5828
5712	5829
5713	5830
5714	5831
5715	5832
5716	5833
5717	5834
5718	5835
5719	5836
5720	5837
5721	5838
5722	5839
5723	5840
5724	5841
5725	5842
5726	5843
5727	5844
5728	5845
5729	5846
5730	5847
5731	5848
5732	5849
5733	5850
5734	5851
5735	5852
5736	5853
5737	5854
5738	5855
5739	5856
5740	5857
5741	5858
5742	5859
5743	5860
5744	5861
5745	5862
5746	5863
5747	5864
5748	5865
5749	5866
5750	5867
5751	5868
5752	5869
5753	5870
5754	5871
5755	5872
5756	5873
5757	5874
5758	5875
5759	5876
5760	5877
5761	5878
5762	5879
5763	5880
5764	5881
5765	5882
5766	5883
5767	5884
5768	5885
5769	5886
5770	5887
5771	5888
5772	5889
5773	5890
5774	5891
5775	5892
5776	5893
5777	5894
5778	5895
5779	5896
5780	5897
5781	5898
5782	5899
5783	5900
5784	5901
5785	5902
5786	5903
5787	5904
5788	5905
5789	5906
5790	5907
5791	5908
5792	5909
5793	5910
5794	5911
5795	5912
5796	5913
5797	5914
5798	5915
5799	5916
5800	5917
5801	5918
5802	5919
5803	5920
5804	5921
5805	5922
5806	5923
5807	5924
5808	5925
5809	5926
5810	5927
5811	5928
5812	5929
5813	5930
5814	5931
5815	5932
5816	5933
5817	5934
5818	5935
5819	5936
5820	5937
5821	5938
5822	5939
5823	5940
5824	5941
5825	5942
5826	5943
5827	5944
5828	5945
5829	5946
5830	5947
5831	5948
5832	5949
5833	5950
5834	5951
5835	5952
5836	5953
5837	5954
5838	5955
5839	5956
5840	5957
5841	5958
5842	5959
5843	5960
5844	5961
5845	5962
5846	5963
5847	5964
5848	5965
5849	5966
5850	5967
5851	5968
5852	5969
5853	5970
5854	5971
5855	5972
5856	5973
5857	5974
5858	5975
5859	5976
5860	5977
5861	5978
5862	5979
5863	5980
5864	5981
5865	5982
5866	5983
5867	5984
5868	5985
5869	5986
5870	5987
5871	5988
5872	5989
5873	5990
5874	5991
5875	5992
5876	5993
5877	5994
5878	5995
5879	5996
5880	5997
5881	5998
5882	5999
5883	6000
5884	6001
5885	6002
5886	6003
5887	6004
5888	6005
5889	6006
5890	6007
5891	6008
5892	6009
5893	6010
5894	6011
5895	6012
5896	6013
5897	6014
5898	6015
5899	6016
5900	6017
5901	6018
5902	6019
5903	6020
5904	6021
5905	6022
5906	6023
5907	6024
5908	6025
5909	6026
5910	6027
5911	6028
5912	6029
5913	6030
5914	6031
5915	6032
5916	6033
5917	6034
5918	6035
5919	6036
5920	6037
5921	6038
5922	6039
5923	6040
5924	6041
5925	6042
5926	6043
5927	6044
5928	6045
5929	6046
5930	6047
5931	6048
5932	6049
5933	6050
5934	6051
5935	6052
5936	6053
5937	6054
5938	6055
5939	6056
5940	6057
5941	6058
5942	6059
5943	6060
5944	6061
5945	6062
5946	6063
5947	6064
5948	6065
5949	6066
5950	6067
5951	6068
5952	6069
5953	6070
5954	6071
5955	6072
5956	6073
5957	6074
5958	6075
5959	6076
5960	6077
5961	6078
5962	6079
5963	6080
5964	6081
5965	6082
5966	6083
5967	6084
5968	6085
5969	6086
5970	6087
5971	6088
5972	6089
5973	6090
5974	6091
5975	6092
5976	6093
5977	6094
5978	6095
5979	6096
5980	6097
5981	6098
5982	6099
5983	6100
5984	6101
5985	6102
5986	6103
5987	6104
5988	6105
5989	6106
5990	6107
5991	6108
5992	6109
5993	6110
5994	6111
5995	6112
5996	6113
5997	6114
5998	6115
5999	6116
6000	6117
6001	6118
6002	6119
6003	6120
6004	6121
6005	6122
6006	6123
6007	6124
6008	6125
6009	6126
6010	6127
6011	6128
6012	6129
6013	6130
6014	6131
6015	6132
6016	6133
6017	6134
6018	6135
6019	6136
6020	6137
6021	6138
6022	6139
6023	6140
6024	6141
6025	6142
6026	6143
6027	6144
6028	6145
6029	6146
6030	6147
6031	6148
6032	6149
6033	6150
6034	6151
6035	6152
6036	6153
6037	6154
6038	6155
6039	6156
6040	6157
6041	6158
6042	6159
6043	6160
6044	6161
6045	6162
6046	6163
6047	6164
6048	6165
6049	6166
6050	6167
6051	6168
6052	6169
6053	6170
6054	6171
6055	6172
6056	6173
6057	6174
6058	6175
6059	6176
6060	6177
6061	6178
6062	6179
6063	6180
6064	6181
6065	6182
6066	6183
6067	6184
6068	6185
6069	6186
6070	6187
6071	6188
6072	6189
6073	6190
6074	6191
6075	6192
6076	6193
6077	6194
6078	6195
6079	6196
6080	6197
6081	6198
6082	6199
6083	6200
6084	6201
6085	6202
6086	6203
6087	6204
6088	6205
6089	6206
6090	6207
6091	6208
6092	6209
6093	6210
6094	6211
6095	6212
6096	6213
6097	6214
6098	6215
6099	6216
6100	6217
6101	6218
6102	6219
6103	6220
6104	6221
6105	6222
6106	6223
6107	6224
6108	6225
6109	6226
6110	6227
6111	6228
6112	6229
6113	6230
6114	6231
6115	6232
6116	6233
6117	6234
6118	6235
6119	6236
6120	6237
6121	6238
6122	6239
6123	6240
6124	6241
6125	6242
6126	6243
6127	6244
6128	6245
6129	6246
6130	6247
6131	6248
6132	6249
6133	6250
6134	6251
6135	6252
6136	6253
6137	6254
6138	6255
6139	6256
6140	6257
6141	6258
6142	6259
6143	6260
6144	6261
6145	6262
6146	6263
6147	6264
6148	6265
6149	6266
6150	6267
6151	6268
6152	6269
6153	6270
6154	6271
6155	6272
6156	6273
6157	6274
6158	6275
6159	6276
6160	6277
6161	6278
6162	6279
6163	6280
6164	6281
6165	6282
6166	6283
6167	6284
6168	6285
6169	6286
6170	6287
6171	6288
6172	6289
6173	6290
6174	6291
6175	6292
6176	6293
6177	6294
6178	6295
6179	6296
6180	6297
6181	6298
6182	6299
6183	6300
6184	6301
6185	6302
6186	6303
6187	6304
6188	6305
6189	6306
6190	6307
6191	6308
6192	6309
6193	6310
6194	6311
6195	6312
6196	6313
6197	6314
6198	6315
6199	6316
6200	6317
6201	6318
6202	6319
6203	6320
6204	6321
6205	6322
6206	6323
6207	6324
6208	6325
6209	6326
6210	6327
6211	6328
6212	6329
6213	6330
6214	6331
6215	6332
6216	6333
6217	6334
6218	6335
6219	6336
6220	6337
6221	6338
6222	6339
6223	6340
6224	6341
6225	6342
6226	6343
6227	6344
6228	6345
6229	6346
6230	6347
6231	6348
6232	6349
6233	6350
6234	6351
6235	6352
6236	6353
6237	6354
6238	6355
6239	6356
6240	6357
6241	6358
6242	6359
6243	6360
6244	6361
6245	6362
6246	6363
6247	6364
6248	6365
6249	6366
6250	6367
6251	6368
6252	6369
6253	6370
6254	6371
6255	6372
6256	6373
6257	6374
6258	6375
6259	6376
6260	6377
6261	6378
6262	6379
6263	6380
6264	6381
6265	6382
6266	6383
6267	6384
6268	6385
6269	6386
6270	6387
6271	6388
6272	6389
6273	6390
6274	6391
6275	6392
6276	6393
6277	6394
6278	6395
6279	6396
6280	6397
6281	6398
6282	6399
6283	6400
6284	6401
6285	6402
6286	6403
6287	6404
6288	6405
6289	6406
6290	6407
6291	6408
6292	6409
6293	6410
6294	6411
6295	6412
6296	6413
6297	6414
6298	6415
6299	6416
6300	6417
6301	6418
6302	6419
6303	6420
6304	6421
6305	6422
6306	6423
6307	6424
6308	6425
6309	6426
6310	6427
6311	6428
6312	6429
6313	6430
6314	6431
6315	6432
6316	6433
6317	6434
6318	6435
6319	6436
6320	6437
6321	6438
6322	6439
6323	6440
6324	6441
6325	6442
6326	6443
6327	6444
6328	6445
6329	6446
6330	6447
6331	6448
6332	6449
6333	6450
6334	6451
6335	6452
6336	6453
6337	6454
6338	6455
6339	6456
6340	6457
6341	6458
6342	6459
6343	6460
6344	6461
6345	6462
6346	6463
6347	6464
6348	6465
6349	6466
6350	6467
6351	6468
6352	6469
6353	6470
6354	6471
6355	6472
6356	6473
6357	6474
6358	6475
6359	6476
6360	6477
6361	6478
6362	6479
6363	6480
6364	6481
6365	6482
6366	6483
6367	6484
6368	6485
6369	6486
6370	6487
6371	6488
6372	6489
6373	6490
6374	6491
6375	6492
6376	6493
6377	6494
6378	6495
6379	6496
6380	6497
6381	6498
6382	6499
6383	6500
6384	6501
6385	6502
6386	6503
6387	6504
6388	6505
6389	6506
6390	6507
6391	6508
6392	6509
6393	6510
6394	6511
6395	6512
6396	6513
6397	6514
6398	6515
6399	6516
6400	6517
6401	6518
6402	6519
6403	6520
6404	6521
6405	6522
6406	6523
6407	6524
6408	6525
6409	6526
6410	6527
6411	6528
6412	6529
6413	6530
6414	6531
6415	6532
6416	6533
6417	6534
6418	6535
6419	6536
6420	6537
6421	6538
6422	6539
6423	6540
6424	6541
6425	6542
6426	6543
6427	6544
6428	6545
6429	6546
6430	6547
6431	6548
6432	6549
6433	6550
6434	6551
6435	6552
6436	6553
6437	6554
6438	6555
6439	6556
6440	6557
6441	6558
6442	6559
6443	6560
6444	6561
6445	6562
6446	6563
6447	6564
6448	6565
6449	6566
6450	6567
6451	6568
6452	6569
6453	6570
6454	6571
6455	6572
6456	6573
6457	6574
6458	6575
6459	6576
6460	6577
6461	6578
6462	6579
6463	6580
6464	6581
6465	6582
6466	6583
6467	6584
6468	6585
6469	6586
6470	6587
6471	6588
6472	6589
6473	6590
6474	6591
6475	6592
6476	6593
6477	6594
6478	6595
6479	6596
6480	6597
6481	6598
6482	6599
6483	6600
6484	6601
6485	6602
6486	6603
6487	6604
6488	6605
6489	6606
6490	6607
6491	6608
6492	6609
6493	6610
6494	6611
6495	6612
6496	6613
6497	6614
6498	6615
6499	6616
6500	6617
6501	6618
6502	6619
6503	6620
6504	6621
6505	6622
6506	6623
6507	6624
6508	6625
6509	6626
6510	6627
6511	6628
6512	6629
6513	6630
6514	6631
6515	6632
6516	6633
6517	6634
6518	6635
6519	6636
6520	6637
6521	6638
6522	6639
6523	6640
6524	6641
6525	6642
6526	6643
6527	6644
6528	6645
6529	6646
6530	6647
6531	6648
6532	6649
6533	6650
6534	6651
6535	6652
6536	6653
6537	6654
6538	6655
6539	6656
6540	6657
6541	6658
6542	6659
6543	6660
6544	6661
6545	6662
6546	6663
6547	6664
6548	6665
6549	6666
6550	6667
6551	6668
6552	6669
6553	6670
6554	6671
6555	6672
6556	6673
6557	6674
6558	6675
6559	6676
6560	6677
6561	6678
6562	6679
6563	6680
6564	6681
6565	6682
6566	6683
6567	6684
6568	6685
6569	6686
6570	6687
6571	6688
6572	6689
6573	6690
6574	6691
6575	6692
6576	6693
6577	6694
6578	6695
6579	6696
6580	6697
6581	6698
6582	6699
6583	6700
6584	6701
6585	6702
6586	6703
6587	6704
6588	6705
6589	6706
6590	6707
6591	6708
6592	6709
6593	6710
6594	6711
6595	6712
6596	6713
6597	6714
6598	6715
6599	6716
6600	6717
6601	6718
6602	6719
6603	6720
6604	6721
6605	6722
6606	6723
6607	6724
6608	6725
6609	6726
6610	6727
6611	6728
6612	6729
6613	6730
6614	6731
6615	6732
6616	6733
6617	6734
6618	6735
6619	6736
6620	6737
6621	6738
6622	6739
6623	6740
6624	6741
6625	6742
6626	6743
6627	6744
6628	6745
6629	6746
6630	6747
6631	6748
6632	6749
6633	6750
6634	6751
6635	6752
6636	6753
6637	6754
6638	6755
6639	6756
6640	6757
6641	6758
6642	6759
6643	6760
6644	6761
6645	6762
6646	6763
6647	6764
6648	6765
6649	6766
6650	6767
6651	6768
6652	6769
6653	6770
6654	6771
6655	6772
6656	6773
6657	6774
6658	6775
6659	6776
6660	6777
6661	6778
6662	6779
6663	6780
6664	6781
6665	6782
6666	6783
6667	6784
6668	6785
6669	6786
6670	6787
6671	6788
6672	6789
6673	6790
6674	6791
6675	6792
6676	6793
6677	6794
6678	6795
6679	6796
6680	6797
6681	6798
6682	6799
6683	6800
6684	6801
6685	6802
6686	6803
6687	6804
6688	6805
6689	6806
6690	6807
6691	6808
6692	6809
6693	6810
6694	6811
6695	6812
6696	6813
6697	6814
6698	6815
6699	6816
6700	6817
6701	6818
6702	6819
6703	6820
6704	6821
6705	6822
6706	6823
6707	6824
6708	6825
6709	6826
6710	6827
6711	6828
6712	6829
6713	6830
6714	6831
6715	6832
6716	6833
6717	6834
6718	6835
6719	6836
6720	6837
6721	6838
6722	6839
6723	6840
6724	6841
6725	6842
6726	6843
6727	6844
6728	6845
6729	6846
6730	6847
6731	6848
6732	6849
6733	6850
6734	6851
6735	6852
6736	6853
6737	6854
6738	6855
6739	6856
6740	6857
6741	6858
6742	6859
6743	6860
6744	6861
6745	6862
6746	6863
6747	6864
6748	6865
6749	6866
6750	6867
6751	6868
6752	6869
6753	6870
6754	6871
6755	6872
6756	6873
6757	6874
6758	6875
6759	6876
6760	6877
6761	6878
6762	6879
6763	6880
6764	6881
6765	6882
6766	6883
6767	6884
6768	6885
6769	6886
6770	6887
6771	6888
6772	6889
6773	6890
6774	6891
6775	6892
6776	6893
6777	6894
6778	6895
6779	6896
6780	6897
6781	6898
6782	6899
6783	6900
6784	6901
6785	6902
6786	6903
6787	6904
6788	6905
6789	6906
6790	6907
6791	6908
6792	6909
6793	6910
6794	6911
6795	6912
6796	6913
6797	6914
6798	6915
6799	6916
6800	6917
6801	6918
6802	6919
6803	6920
6804	6921
6805	6922
6806	6923
6807	6924
6808	6925
6809	6926
6810	6927
6811	6928
6812	6929
6813	6930
6814	6931
6815	6932
6816	6933
6817	6934
6818	6935
6819	6936
6820	6937
6821	6938
6822	6939
6823	6940
6824	6941
6825	6942
6826	6943
6827	6944
6828	6945
6829	6946
6830	6947
6831	6948
6832	6949
6833	6950
6834	6951
6835	6952
6836	6953
6837	6954
6838	6955
6839	6956
6840	6957
6841	6958
6842	6959
6843	6960
6844	6961
6845	6962
6846	6963
6847	6964
6848	6965
6849	6966
6850	6967
6851	6968
6852	6969
6853	6970
6854	6971
6855	6972
6856	6973
6857	6974
6858	6975
6859	6976
6860	6977
6861	6978
6862	6979
6863	6980
6864	6981
6865	6982
6866	6983
6867	6984
6868	6985
6869	6986
6870	6987
6871	6988
6872	6989
6873	6990
6874	6991
6875	6992
6876	6993
6877	6994
6878	6995
6879	6996
6880	6997
6881	6998
6882	6999
6883	7000
6884	7001
6885	7002
6886	7003
6887	7004
6888	7005
6889	7006
6890	7007
6891	7008
6892	7009
6893	7010
6894	7011
6895	7012
6896	7013
6897	7014
6898	7015
6899	7016
6900	7017
6901	7018
6902	7019
6903	7020
6904	7021
6905	7022
6906	7023
6907	7024
6908	7025
6909	7026
6910	7027
6911	7028
6912	7029
6913	7030
6914	7031
6915	7032
6916	7033
6917	7034
6918	7035
6919	7036
6920	7037
6921	7038
6922	7039
6923	7040
6924	7041
6925	7042
6926	7043
6927	7044
6928	7045
6929	7046
6930	7047
6931	7048
6932	7049
6933	7050
6934	7051
6935	7052
6936	7053
6937	7054
6938	7055
6939	7056
6940	7057
6941	7058
6942	7059
6943	7060
6944	7061
6945	7062
6946	7063
6947	7064
6948	7065
6949	7066
6950	7067
6951	7068
6952	7069
6953	7070
6954	7071
6955	7072
6956	7073
6957	7074
6958	7075
6959	7076
6960	7077
6961	7078
6962	7079
6963	7080
6964	7081
6965	7082
6966	7083
6967	7084
6968	7085
6969	7086
6970	7087
6971	7088
6972	7089
6973	7090
6974	7091
6975	7092
6976	7093
6977	7094
6978	7095
6979	7096
