1	147
2	148
3	149
4	150
5	151
6	152
7	153
8	154
9	155
10	156
11	157
12	158
13	159
14	160
15	161
16	162
17	163
18	164
19	165
20	166
21	167
22	168
23	169
24	170
25	171
26	172
27	173
28	174
29	175
30	176
31	177
32	178
33	179
34	180
35	181
36	182
37	183
38	184
39	185
40	186
41	187
42	188
43	189
44	190
45	191
46	192
47	193
48	194
49	195
50	196
51	197
52	198
53	199
54	200
55	201
56	202
57	203
58	204
59	205
60	206
61	207
62	208
63	209
64	210
65	211
66	212
67	213
68	214
69	215
70	216
71	217
72	218
73	219
74	220
75	221
76	222
77	223
78	224
79	225
80	226
81	227
82	228
83	229
84	230
85	231
86	232
87	233
88	234
89	235
90	236
91	237
92	238
93	239
94	240
95	241
96	242
