1	623
2	624
3	625
4	626
5	627
6	628
7	629
8	630
9	631
10	632
11	633
12	634
13	635
14	636
15	637
16	638
17	639
18	640
19	641
20	642
21	643
22	644
23	645
24	646
25	647
26	648
27	649
28	650
29	651
30	652
31	653
32	654
33	655
34	656
35	657
36	658
37	659
38	660
39	661
40	662
41	663
42	664
43	665
44	666
45	667
46	668
47	669
48	670
49	671
50	672
51	673
52	674
53	675
54	676
55	677
56	678
57	679
58	680
59	681
60	682
61	683
62	684
63	685
64	686
65	687
66	688
67	689
68	690
69	691
70	692
71	693
72	694
73	695
74	696
75	697
76	698
77	699
78	700
79	701
80	702
81	703
82	704
83	705
84	706
85	707
86	708
87	709
88	710
89	711
90	712
91	713
92	714
93	715
94	716
95	717
96	718
97	719
98	720
99	721
100	722
101	723
102	724
103	725
104	726
105	727
106	728
107	729
108	730
109	731
110	732
111	733
112	734
113	735
114	736
115	737
116	738
117	739
118	740
119	741
120	742
121	743
122	744
123	745
124	746
125	747
126	748
127	749
128	750
129	751
130	752
131	753
132	754
133	755
134	756
135	757
136	758
137	759
138	760
139	761
140	762
141	763
142	764
143	765
144	766
145	767
146	768
147	769
148	770
149	771
150	772
151	773
152	774
153	775
154	776
155	777
156	778
157	779
158	780
159	781
160	782
161	783
162	784
163	785
164	786
165	787
166	788
167	789
168	790
169	791
170	792
171	793
172	794
173	795
174	796
175	797
176	798
177	799
178	800
179	801
180	802
181	803
182	804
183	805
184	806
185	807
186	808
187	809
