1	106
2	107
3	108
4	109
5	110
6	111
7	112
8	113
9	114
10	115
11	116
12	117
13	118
14	119
15	120
16	121
17	122
18	123
19	124
20	125
21	126
22	127
23	128
24	129
25	130
26	131
27	132
28	133
29	134
30	135
31	136
32	137
33	138
34	139
35	140
36	141
37	142
38	143
39	144
40	145
41	146
42	147
43	148
44	149
45	150
46	151
47	152
48	153
49	154
50	155
51	156
52	157
53	158
54	159
55	160
56	161
57	162
58	163
59	164
60	165
61	166
62	167
63	168
64	169
65	170
66	171
67	172
68	173
69	174
70	175
71	176
72	177
73	178
74	179
75	180
76	181
77	182
78	183
79	184
80	185
81	186
82	187
83	188
84	189
85	190
86	191
87	192
88	193
89	194
90	195
91	196
92	197
93	198
94	199
95	200
96	201
97	202
98	203
99	204
100	205
101	206
102	207
103	208
104	209
105	210
106	211
107	212
108	213
109	214
110	215
111	216
112	217
113	218
114	219
115	220
116	221
117	222
118	223
119	224
120	225
121	226
122	227
123	228
124	229
125	230
126	231
127	232
128	233
129	234
130	235
131	236
132	237
133	238
134	239
135	240
136	241
137	242
138	243
139	244
140	245
141	246
142	247
143	248
144	249
145	250
146	251
147	252
148	253
149	254
150	255
151	256
152	257
153	258
154	259
155	260
156	261
157	262
158	263
159	264
160	265
161	266
162	267
163	268
164	269
165	270
166	271
167	272
168	273
169	274
170	275
171	276
172	277
173	278
174	279
175	280
176	281
177	282
178	283
179	284
180	285
181	286
182	287
183	288
184	289
185	290
186	291
187	292
188	293
189	294
190	295
191	296
192	297
193	298
194	299
195	300
196	301
197	302
198	303
199	304
200	305
201	306
202	307
203	308
204	309
205	310
206	311
207	312
208	313
209	314
210	315
211	316
212	317
213	318
214	319
215	320
216	321
217	322
218	323
219	324
220	325
221	326
222	327
223	328
224	329
225	330
226	331
227	332
228	333
229	334
230	335
231	336
232	337
233	338
234	339
235	340
236	341
237	342
238	343
239	344
240	345
241	346
242	347
243	348
244	349
245	350
246	351
247	352
248	353
249	354
250	355
251	356
252	357
253	358
254	359
255	360
256	361
257	362
258	363
259	364
260	365
261	366
262	367
263	368
264	369
265	370
266	371
267	372
268	373
269	374
270	375
271	376
272	377
273	378
274	379
275	380
276	381
277	382
278	383
279	384
280	385
281	386
282	387
283	388
284	389
285	390
286	391
287	392
288	393
289	394
290	395
291	396
292	397
293	398
294	399
295	400
296	401
297	402
298	403
299	404
300	405
301	406
302	407
303	408
304	409
305	410
306	411
307	412
308	413
309	414
310	415
311	416
312	417
313	418
314	419
315	420
316	421
317	422
318	423
319	424
320	425
321	426
322	427
323	428
324	429
325	430
326	431
327	432
328	433
329	434
330	435
331	436
332	437
333	438
334	439
335	440
336	441
337	442
338	443
339	444
340	445
341	446
342	447
343	448
344	449
345	450
346	451
347	452
348	453
349	454
350	455
351	456
352	457
353	458
354	459
355	460
356	461
357	462
358	463
359	464
360	465
361	466
362	467
363	468
364	469
365	470
366	471
367	472
368	473
369	474
370	475
371	476
372	477
373	478
374	479
375	480
376	481
377	482
378	483
379	484
380	485
381	486
382	487
383	488
384	489
385	490
386	491
387	492
388	493
389	494
390	495
391	496
392	497
393	498
394	499
395	500
396	501
397	502
398	503
399	504
400	505
401	506
402	507
403	508
404	509
405	510
406	511
407	512
408	513
409	514
410	515
411	516
412	517
413	518
414	519
415	520
416	521
417	522
418	523
419	524
420	525
421	526
422	527
423	528
424	529
425	530
426	531
427	532
428	533
429	534
430	535
431	536
432	537
433	538
434	539
435	540
436	541
437	542
438	543
439	544
440	545
441	546
442	547
443	548
444	549
445	550
446	551
447	552
448	553
449	554
450	555
451	556
452	557
453	558
454	559
455	560
456	561
457	562
458	563
459	564
460	565
461	566
462	567
463	568
464	569
465	570
466	571
467	572
468	573
469	574
470	575
471	576
472	577
473	578
474	579
475	580
476	581
477	582
478	583
479	584
480	585
481	586
482	587
483	588
484	589
485	590
486	591
487	592
488	593
489	594
490	595
491	596
492	597
493	598
494	599
495	600
496	601
497	602
498	603
499	604
500	605
501	606
502	607
503	608
504	609
505	610
506	611
507	612
508	613
509	614
510	615
511	616
512	617
513	618
514	619
515	620
516	621
517	622
518	623
519	624
520	625
521	626
522	627
523	628
524	629
525	630
526	631
527	632
528	633
529	634
530	635
531	636
532	637
533	638
534	639
535	640
536	641
537	642
538	643
539	644
540	645
541	646
542	647
543	648
544	649
545	650
546	651
547	652
548	653
549	654
550	655
551	656
552	657
553	658
554	659
555	660
556	661
557	662
558	663
559	664
560	665
561	666
562	667
563	668
564	669
565	670
566	671
567	672
568	673
569	674
570	675
571	676
572	677
573	678
574	679
575	680
576	681
577	682
578	683
579	684
580	685
581	686
582	687
583	688
584	689
585	690
586	691
587	692
588	693
589	694
590	695
591	696
592	697
593	698
594	699
595	700
596	701
597	702
598	703
599	704
600	705
601	706
602	707
603	708
604	709
605	710
606	711
607	712
608	713
609	714
610	715
611	716
612	717
613	718
614	719
615	720
616	721
617	722
618	723
619	724
620	725
621	726
622	727
623	728
624	729
625	730
626	731
627	732
628	733
629	734
630	735
631	736
632	737
633	738
634	739
635	740
636	741
637	742
638	743
639	744
640	745
641	746
642	747
643	748
644	749
645	750
646	751
647	752
648	753
649	754
650	755
651	756
652	757
653	758
654	759
655	760
656	761
657	762
658	763
659	764
660	765
661	766
662	767
663	768
664	769
665	770
666	771
667	772
668	773
669	774
670	775
671	776
672	777
673	778
674	779
675	780
676	781
677	782
678	783
679	784
680	785
681	786
682	787
683	788
684	789
685	790
686	791
687	792
688	793
689	794
690	795
691	796
692	797
693	798
694	799
695	800
696	801
697	802
698	803
699	804
700	805
701	806
702	807
703	808
704	809
705	810
706	811
707	812
708	813
709	814
710	815
711	816
712	817
713	818
714	819
715	820
716	821
717	822
718	823
719	824
720	825
721	826
722	827
723	828
724	829
725	830
726	831
727	832
728	833
729	834
730	835
731	836
732	837
733	838
734	839
735	840
736	841
737	842
738	843
739	844
740	845
741	846
742	847
743	848
744	849
745	850
746	851
747	852
748	853
749	854
750	855
751	856
752	857
753	858
754	859
755	860
756	861
757	862
758	863
759	864
760	865
761	866
762	867
763	868
764	869
765	870
766	871
767	872
768	873
769	874
770	875
771	876
772	877
773	878
774	879
775	880
776	881
777	882
778	883
779	884
780	885
781	886
782	887
783	888
784	889
785	890
786	891
787	892
788	893
789	894
790	895
791	896
792	897
793	898
794	899
795	900
796	901
797	902
798	903
799	904
800	905
801	906
802	907
803	908
804	909
805	910
806	911
807	912
808	913
809	914
810	915
811	916
812	917
813	918
814	919
815	920
816	921
817	922
818	923
819	924
820	925
821	926
822	927
823	928
824	929
825	930
826	931
827	932
828	933
829	934
830	935
831	936
832	937
833	938
834	939
835	940
836	941
837	942
838	943
839	944
840	945
841	946
842	947
843	948
844	949
845	950
846	951
847	952
848	953
849	954
850	955
851	956
852	957
853	958
854	959
855	960
856	961
857	962
858	963
859	964
860	965
861	966
862	967
863	968
864	969
865	970
866	971
867	972
868	973
869	974
870	975
871	976
872	977
873	978
874	979
875	980
876	981
877	982
878	983
879	984
880	985
881	986
882	987
883	988
884	989
885	990
886	991
887	992
888	993
889	994
890	995
891	996
892	997
893	998
894	999
895	1000
896	1001
897	1002
898	1003
899	1004
900	1005
901	1006
902	1007
903	1008
904	1009
905	1010
906	1011
907	1012
908	1013
909	1014
910	1015
911	1016
912	1017
913	1018
914	1019
915	1020
916	1021
917	1022
918	1023
919	1024
920	1025
921	1026
922	1027
923	1028
924	1029
925	1030
926	1031
927	1032
928	1033
929	1034
930	1035
931	1036
932	1037
933	1038
934	1039
935	1040
936	1041
937	1042
938	1043
939	1044
940	1045
941	1046
942	1047
943	1048
944	1049
945	1050
946	1051
947	1052
948	1053
949	1054
950	1055
951	1056
952	1057
953	1058
954	1059
955	1060
956	1061
957	1062
958	1063
959	1064
960	1065
961	1066
962	1067
963	1068
964	1069
965	1070
966	1071
967	1072
968	1073
969	1074
970	1075
971	1076
972	1077
973	1078
974	1079
975	1080
976	1081
977	1082
978	1083
979	1084
980	1085
981	1086
982	1087
983	1088
984	1089
985	1090
986	1091
987	1092
988	1093
989	1094
990	1095
991	1096
992	1097
993	1098
994	1099
995	1100
996	1101
997	1102
998	1103
999	1104
1000	1105
1001	1106
1002	1107
1003	1108
1004	1109
1005	1110
1006	1111
1007	1112
1008	1113
1009	1114
1010	1115
1011	1116
1012	1117
1013	1118
1014	1119
1015	1120
1016	1121
1017	1122
1018	1123
1019	1124
1020	1125
1021	1126
1022	1127
1023	1128
1024	1129
1025	1130
1026	1131
1027	1132
1028	1133
1029	1134
1030	1135
1031	1136
1032	1137
1033	1138
1034	1139
1035	1140
1036	1141
1037	1142
1038	1143
1039	1144
1040	1145
1041	1146
1042	1147
1043	1148
1044	1149
1045	1150
1046	1151
1047	1152
1048	1153
1049	1154
1050	1155
1051	1156
1052	1157
1053	1158
1054	1159
1055	1160
1056	1161
1057	1162
1058	1163
1059	1164
1060	1165
1061	1166
1062	1167
1063	1168
1064	1169
1065	1170
1066	1171
1067	1172
1068	1173
1069	1174
1070	1175
1071	1176
1072	1177
1073	1178
1074	1179
1075	1180
1076	1181
1077	1182
1078	1183
1079	1184
1080	1185
1081	1186
1082	1187
1083	1188
1084	1189
1085	1190
1086	1191
1087	1192
1088	1193
1089	1194
1090	1195
1091	1196
1092	1197
1093	1198
1094	1199
1095	1200
1096	1201
1097	1202
1098	1203
1099	1204
1100	1205
1101	1206
1102	1207
1103	1208
1104	1209
1105	1210
1106	1211
1107	1212
1108	1213
1109	1214
1110	1215
1111	1216
1112	1217
1113	1218
1114	1219
1115	1220
1116	1221
1117	1222
1118	1223
1119	1224
1120	1225
1121	1226
1122	1227
1123	1228
1124	1229
1125	1230
1126	1231
1127	1232
1128	1233
1129	1234
1130	1235
1131	1236
1132	1237
1133	1238
1134	1239
1135	1240
1136	1241
1137	1242
1138	1243
1139	1244
1140	1245
1141	1246
1142	1247
1143	1248
1144	1249
1145	1250
1146	1251
1147	1252
1148	1253
1149	1254
1150	1255
1151	1256
1152	1257
1153	1258
1154	1259
1155	1260
1156	1261
1157	1262
1158	1263
1159	1264
1160	1265
1161	1266
1162	1267
1163	1268
1164	1269
1165	1270
1166	1271
1167	1272
1168	1273
1169	1274
1170	1275
1171	1276
1172	1277
1173	1278
1174	1279
1175	1280
1176	1281
1177	1282
1178	1283
1179	1284
1180	1285
1181	1286
1182	1287
1183	1288
1184	1289
1185	1290
1186	1291
1187	1292
1188	1293
1189	1294
1190	1295
1191	1296
1192	1297
1193	1298
1194	1299
1195	1300
1196	1301
1197	1302
1198	1303
1199	1304
1200	1305
1201	1306
1202	1307
1203	1308
1204	1309
1205	1310
1206	1311
1207	1312
1208	1313
1209	1314
1210	1315
1211	1316
1212	1317
1213	1318
1214	1319
1215	1320
1216	1321
1217	1322
1218	1323
1219	1324
1220	1325
1221	1326
1222	1327
1223	1328
1224	1329
1225	1330
1226	1331
1227	1332
1228	1333
1229	1334
1230	1335
1231	1336
1232	1337
1233	1338
1234	1339
1235	1340
1236	1341
1237	1342
1238	1343
1239	1344
1240	1345
1241	1346
1242	1347
1243	1348
1244	1349
1245	1350
1246	1351
1247	1352
1248	1353
1249	1354
1250	1355
1251	1356
1252	1357
1253	1358
1254	1359
1255	1360
1256	1361
1257	1362
1258	1363
1259	1364
1260	1365
1261	1366
1262	1367
1263	1368
1264	1369
1265	1370
1266	1371
1267	1372
1268	1373
1269	1374
1270	1375
1271	1376
1272	1377
1273	1378
1274	1379
1275	1380
1276	1381
1277	1382
1278	1383
1279	1384
1280	1385
1281	1386
1282	1387
1283	1388
1284	1389
1285	1390
1286	1391
1287	1392
1288	1393
1289	1394
1290	1395
1291	1396
1292	1397
1293	1398
1294	1399
1295	1400
1296	1401
1297	1402
1298	1403
1299	1404
1300	1405
1301	1406
1302	1407
1303	1408
1304	1409
1305	1410
1306	1411
1307	1412
1308	1413
1309	1414
1310	1415
1311	1416
1312	1417
1313	1418
1314	1419
1315	1420
1316	1421
1317	1422
1318	1423
1319	1424
1320	1425
1321	1426
1322	1427
1323	1428
1324	1429
1325	1430
1326	1431
1327	1432
1328	1433
1329	1434
1330	1435
1331	1436
1332	1437
1333	1438
1334	1439
1335	1440
1336	1441
1337	1442
1338	1443
1339	1444
1340	1445
1341	1446
1342	1447
1343	1448
1344	1449
1345	1450
1346	1451
1347	1452
1348	1453
1349	1454
1350	1455
1351	1456
1352	1457
1353	1458
1354	1459
1355	1460
1356	1461
1357	1462
1358	1463
1359	1464
1360	1465
1361	1466
1362	1467
1363	1468
1364	1469
1365	1470
1366	1471
1367	1472
1368	1473
1369	1474
1370	1475
1371	1476
1372	1477
1373	1478
1374	1479
1375	1480
1376	1481
1377	1482
1378	1483
1379	1484
1380	1485
1381	1486
1382	1487
1383	1488
1384	1489
1385	1490
1386	1491
1387	1492
1388	1493
1389	1494
1390	1495
1391	1496
1392	1497
1393	1498
1394	1499
1395	1500
1396	1501
1397	1502
1398	1503
1399	1504
1400	1505
1401	1506
1402	1507
1403	1508
1404	1509
1405	1510
1406	1511
1407	1512
1408	1513
1409	1514
1410	1515
1411	1516
1412	1517
1413	1518
1414	1519
1415	1520
1416	1521
1417	1522
1418	1523
1419	1524
1420	1525
1421	1526
1422	1527
1423	1528
1424	1529
1425	1530
1426	1531
1427	1532
1428	1533
1429	1534
1430	1535
1431	1536
1432	1537
1433	1538
1434	1539
1435	1540
1436	1541
1437	1542
1438	1543
1439	1544
1440	1545
1441	1546
1442	1547
1443	1548
1444	1549
1445	1550
1446	1551
1447	1552
1448	1553
1449	1554
1450	1555
1451	1556
1452	1557
1453	1558
1454	1559
1455	1560
1456	1561
1457	1562
1458	1563
1459	1564
1460	1565
1461	1566
1462	1567
1463	1568
1464	1569
1465	1570
1466	1571
1467	1572
1468	1573
1469	1574
1470	1575
1471	1576
1472	1577
1473	1578
1474	1579
1475	1580
1476	1581
1477	1582
1478	1583
1479	1584
1480	1585
1481	1586
1482	1587
1483	1588
1484	1589
1485	1590
1486	1591
1487	1592
1488	1593
1489	1594
1490	1595
1491	1596
1492	1597
1493	1598
1494	1599
1495	1600
1496	1601
1497	1602
1498	1603
1499	1604
1500	1605
1501	1606
1502	1607
1503	1608
1504	1609
1505	1610
1506	1611
1507	1612
1508	1613
1509	1614
1510	1615
1511	1616
1512	1617
1513	1618
1514	1619
1515	1620
1516	1621
1517	1622
1518	1623
1519	1624
1520	1625
1521	1626
1522	1627
1523	1628
1524	1629
1525	1630
1526	1631
1527	1632
1528	1633
1529	1634
1530	1635
1531	1636
1532	1637
1533	1638
1534	1639
1535	1640
1536	1641
1537	1642
1538	1643
1539	1644
1540	1645
1541	1646
1542	1647
1543	1648
1544	1649
1545	1650
1546	1651
1547	1652
1548	1653
1549	1654
1550	1655
1551	1656
1552	1657
1553	1658
1554	1659
1555	1660
1556	1661
1557	1662
1558	1663
1559	1664
1560	1665
1561	1666
1562	1667
1563	1668
1564	1669
1565	1670
1566	1671
1567	1672
1568	1673
1569	1674
1570	1675
1571	1676
1572	1677
1573	1678
1574	1679
1575	1680
1576	1681
1577	1682
1578	1683
1579	1684
1580	1685
1581	1686
1582	1687
1583	1688
1584	1689
1585	1690
1586	1691
1587	1692
1588	1693
1589	1694
1590	1695
1591	1696
1592	1697
1593	1698
1594	1699
1595	1700
1596	1701
1597	1702
1598	1703
1599	1704
1600	1705
1601	1706
1602	1707
1603	1708
1604	1709
1605	1710
1606	1711
1607	1712
1608	1713
1609	1714
1610	1715
1611	1716
1612	1717
1613	1718
1614	1719
1615	1720
1616	1721
1617	1722
1618	1723
1619	1724
1620	1725
1621	1726
1622	1727
1623	1728
1624	1729
1625	1730
1626	1731
1627	1732
1628	1733
1629	1734
1630	1735
1631	1736
1632	1737
1633	1738
1634	1739
1635	1740
1636	1741
1637	1742
1638	1743
1639	1744
1640	1745
1641	1746
1642	1747
1643	1748
1644	1749
1645	1750
1646	1751
1647	1752
1648	1753
1649	1754
1650	1755
1651	1756
1652	1757
1653	1758
1654	1759
1655	1760
1656	1761
1657	1762
1658	1763
1659	1764
1660	1765
1661	1766
1662	1767
1663	1768
1664	1769
1665	1770
1666	1771
1667	1772
1668	1773
1669	1774
1670	1775
1671	1776
1672	1777
1673	1778
1674	1779
1675	1780
1676	1781
1677	1782
1678	1783
1679	1784
1680	1785
1681	1786
1682	1787
1683	1788
1684	1789
1685	1790
1686	1791
1687	1792
1688	1793
1689	1794
1690	1795
1691	1796
1692	1797
1693	1798
1694	1799
1695	1800
1696	1801
1697	1802
1698	1803
1699	1804
1700	1805
1701	1806
1702	1807
1703	1808
1704	1809
1705	1810
1706	1811
1707	1812
1708	1813
1709	1814
1710	1815
1711	1816
1712	1817
1713	1818
1714	1819
1715	1820
1716	1821
1717	1822
1718	1823
1719	1824
1720	1825
1721	1826
1722	1827
1723	1828
1724	1829
1725	1830
1726	1831
1727	1832
1728	1833
1729	1834
1730	1835
1731	1836
1732	1837
1733	1838
1734	1839
1735	1840
1736	1841
1737	1842
1738	1843
1739	1844
1740	1845
1741	1846
1742	1847
1743	1848
1744	1849
1745	1850
1746	1851
1747	1852
1748	1853
1749	1854
1750	1855
1751	1856
1752	1857
1753	1858
1754	1859
1755	1860
1756	1861
1757	1862
1758	1863
1759	1864
1760	1865
1761	1866
1762	1867
1763	1868
1764	1869
1765	1870
1766	1871
1767	1872
1768	1873
1769	1874
1770	1875
1771	1876
1772	1877
1773	1878
1774	1879
1775	1880
1776	1881
1777	1882
1778	1883
1779	1884
1780	1885
1781	1886
1782	1887
1783	1888
1784	1889
1785	1890
1786	1891
1787	1892
1788	1893
1789	1894
1790	1895
1791	1896
1792	1897
1793	1898
1794	1899
1795	1900
1796	1901
1797	1902
1798	1903
1799	1904
1800	1905
1801	1906
1802	1907
1803	1908
1804	1909
1805	1910
1806	1911
1807	1912
1808	1913
1809	1914
1810	1915
1811	1916
1812	1917
1813	1918
1814	1919
1815	1920
1816	1921
1817	1922
1818	1923
1819	1924
1820	1925
1821	1926
1822	1927
1823	1928
1824	1929
1825	1930
1826	1931
1827	1932
1828	1933
1829	1934
1830	1935
1831	1936
1832	1937
1833	1938
1834	1939
1835	1940
1836	1941
1837	1942
1838	1943
1839	1944
1840	1945
1841	1946
1842	1947
1843	1948
1844	1949
1845	1950
1846	1951
1847	1952
1848	1953
1849	1954
1850	1955
1851	1956
1852	1957
1853	1958
1854	1959
1855	1960
1856	1961
1857	1962
1858	1963
1859	1964
1860	1965
1861	1966
1862	1967
1863	1968
1864	1969
1865	1970
1866	1971
1867	1972
1868	1973
1869	1974
1870	1975
1871	1976
1872	1977
1873	1978
1874	1979
1875	1980
1876	1981
1877	1982
1878	1983
1879	1984
1880	1985
1881	1986
1882	1987
1883	1988
1884	1989
1885	1990
1886	1991
1887	1992
1888	1993
1889	1994
1890	1995
1891	1996
1892	1997
1893	1998
1894	1999
1895	2000
1896	2001
1897	2002
1898	2003
1899	2004
1900	2005
1901	2006
1902	2007
1903	2008
1904	2009
1905	2010
1906	2011
1907	2012
1908	2013
1909	2014
1910	2015
1911	2016
1912	2017
1913	2018
1914	2019
1915	2020
1916	2021
1917	2022
1918	2023
1919	2024
1920	2025
1921	2026
1922	2027
1923	2028
1924	2029
1925	2030
1926	2031
1927	2032
1928	2033
1929	2034
1930	2035
1931	2036
1932	2037
1933	2038
1934	2039
1935	2040
1936	2041
1937	2042
1938	2043
1939	2044
1940	2045
1941	2046
1942	2047
1943	2048
1944	2049
1945	2050
1946	2051
1947	2052
1948	2053
1949	2054
1950	2055
1951	2056
1952	2057
1953	2058
1954	2059
1955	2060
1956	2061
1957	2062
1958	2063
1959	2064
1960	2065
1961	2066
1962	2067
1963	2068
1964	2069
1965	2070
1966	2071
1967	2072
1968	2073
1969	2074
1970	2075
1971	2076
1972	2077
1973	2078
1974	2079
1975	2080
1976	2081
1977	2082
1978	2083
1979	2084
1980	2085
1981	2086
1982	2087
1983	2088
1984	2089
1985	2090
1986	2091
1987	2092
1988	2093
1989	2094
1990	2095
1991	2096
1992	2097
1993	2098
1994	2099
1995	2100
1996	2101
1997	2102
1998	2103
1999	2104
2000	2105
2001	2106
2002	2107
2003	2108
2004	2109
2005	2110
2006	2111
2007	2112
2008	2113
2009	2114
2010	2115
2011	2116
2012	2117
2013	2118
2014	2119
2015	2120
2016	2121
2017	2122
2018	2123
2019	2124
2020	2125
2021	2126
2022	2127
2023	2128
2024	2129
2025	2130
2026	2131
2027	2132
2028	2133
2029	2134
2030	2135
2031	2136
2032	2137
2033	2138
2034	2139
2035	2140
2036	2141
2037	2142
2038	2143
2039	2144
2040	2145
2041	2146
2042	2147
2043	2148
2044	2149
2045	2150
2046	2151
2047	2152
2048	2153
2049	2154
2050	2155
2051	2156
2052	2157
2053	2158
2054	2159
2055	2160
2056	2161
2057	2162
2058	2163
2059	2164
2060	2165
2061	2166
2062	2167
2063	2168
2064	2169
2065	2170
2066	2171
2067	2172
2068	2173
2069	2174
2070	2175
2071	2176
2072	2177
2073	2178
2074	2179
2075	2180
2076	2181
2077	2182
2078	2183
2079	2184
2080	2185
2081	2186
2082	2187
2083	2188
2084	2189
2085	2190
2086	2191
2087	2192
2088	2193
2089	2194
2090	2195
2091	2196
2092	2197
2093	2198
2094	2199
2095	2200
2096	2201
2097	2202
2098	2203
2099	2204
2100	2205
2101	2206
2102	2207
2103	2208
2104	2209
2105	2210
2106	2211
2107	2212
2108	2213
2109	2214
2110	2215
2111	2216
2112	2217
2113	2218
2114	2219
2115	2220
2116	2221
2117	2222
2118	2223
2119	2224
2120	2225
2121	2226
2122	2227
2123	2228
2124	2229
2125	2230
2126	2231
2127	2232
2128	2233
2129	2234
2130	2235
2131	2236
2132	2237
2133	2238
2134	2239
2135	2240
2136	2241
2137	2242
2138	2243
2139	2244
2140	2245
2141	2246
2142	2247
2143	2248
2144	2249
2145	2250
2146	2251
2147	2252
2148	2253
2149	2254
2150	2255
2151	2256
2152	2257
2153	2258
2154	2259
2155	2260
2156	2261
2157	2262
2158	2263
2159	2264
2160	2265
2161	2266
2162	2267
2163	2268
2164	2269
2165	2270
2166	2271
2167	2272
2168	2273
2169	2274
2170	2275
2171	2276
2172	2277
2173	2278
2174	2279
2175	2280
2176	2281
2177	2282
2178	2283
2179	2284
2180	2285
2181	2286
2182	2287
2183	2288
2184	2289
2185	2290
2186	2291
2187	2292
2188	2293
2189	2294
2190	2295
2191	2296
2192	2297
2193	2298
2194	2299
2195	2300
2196	2301
2197	2302
2198	2303
2199	2304
2200	2305
2201	2306
2202	2307
2203	2308
2204	2309
2205	2310
2206	2311
2207	2312
2208	2313
2209	2314
2210	2315
2211	2316
2212	2317
2213	2318
2214	2319
2215	2320
2216	2321
2217	2322
2218	2323
2219	2324
2220	2325
2221	2326
2222	2327
2223	2328
2224	2329
2225	2330
2226	2331
2227	2332
2228	2333
2229	2334
2230	2335
2231	2336
2232	2337
2233	2338
2234	2339
2235	2340
2236	2341
2237	2342
2238	2343
2239	2344
2240	2345
2241	2346
2242	2347
2243	2348
2244	2349
2245	2350
2246	2351
2247	2352
2248	2353
2249	2354
2250	2355
2251	2356
2252	2357
2253	2358
2254	2359
2255	2360
2256	2361
2257	2362
2258	2363
2259	2364
2260	2365
2261	2366
2262	2367
2263	2368
2264	2369
2265	2370
2266	2371
2267	2372
2268	2373
2269	2374
2270	2375
2271	2376
2272	2377
2273	2378
2274	2379
2275	2380
2276	2381
2277	2382
2278	2383
2279	2384
2280	2385
2281	2386
2282	2387
2283	2388
2284	2389
2285	2390
2286	2391
2287	2392
2288	2393
2289	2394
2290	2395
2291	2396
2292	2397
2293	2398
2294	2399
2295	2400
2296	2401
2297	2402
2298	2403
2299	2404
2300	2405
2301	2406
2302	2407
2303	2408
2304	2409
2305	2410
2306	2411
2307	2412
2308	2413
2309	2414
2310	2415
2311	2416
2312	2417
2313	2418
2314	2419
2315	2420
2316	2421
2317	2422
2318	2423
2319	2424
2320	2425
2321	2426
2322	2427
2323	2428
2324	2429
2325	2430
2326	2431
2327	2432
2328	2433
2329	2434
2330	2435
2331	2436
2332	2437
2333	2438
2334	2439
2335	2440
2336	2441
2337	2442
2338	2443
2339	2444
2340	2445
2341	2446
2342	2447
2343	2448
2344	2449
2345	2450
2346	2451
2347	2452
2348	2453
2349	2454
2350	2455
2351	2456
2352	2457
2353	2458
2354	2459
2355	2460
2356	2461
2357	2462
2358	2463
2359	2464
2360	2465
2361	2466
2362	2467
2363	2468
2364	2469
2365	2470
2366	2471
2367	2472
2368	2473
2369	2474
2370	2475
2371	2476
2372	2477
2373	2478
2374	2479
2375	2480
2376	2481
2377	2482
2378	2483
2379	2484
2380	2485
2381	2486
2382	2487
2383	2488
2384	2489
2385	2490
2386	2491
2387	2492
2388	2493
2389	2494
2390	2495
2391	2496
2392	2497
2393	2498
2394	2499
2395	2500
2396	2501
2397	2502
2398	2503
2399	2504
2400	2505
2401	2506
2402	2507
2403	2508
2404	2509
2405	2510
2406	2511
2407	2512
2408	2513
2409	2514
2410	2515
2411	2516
2412	2517
2413	2518
2414	2519
2415	2520
2416	2521
2417	2522
2418	2523
2419	2524
2420	2525
2421	2526
2422	2527
2423	2528
2424	2529
2425	2530
2426	2531
2427	2532
2428	2533
2429	2534
2430	2535
2431	2536
2432	2537
2433	2538
2434	2539
2435	2540
2436	2541
2437	2542
2438	2543
2439	2544
2440	2545
2441	2546
2442	2547
2443	2548
2444	2549
2445	2550
2446	2551
2447	2552
2448	2553
2449	2554
2450	2555
2451	2556
2452	2557
2453	2558
2454	2559
2455	2560
2456	2561
2457	2562
2458	2563
2459	2564
2460	2565
2461	2566
2462	2567
2463	2568
2464	2569
2465	2570
2466	2571
2467	2572
2468	2573
2469	2574
2470	2575
2471	2576
2472	2577
2473	2578
2474	2579
2475	2580
2476	2581
2477	2582
2478	2583
2479	2584
2480	2585
2481	2586
2482	2587
2483	2588
2484	2589
2485	2590
2486	2591
2487	2592
2488	2593
2489	2594
2490	2595
2491	2596
2492	2597
2493	2598
2494	2599
2495	2600
2496	2601
2497	2602
2498	2603
2499	2604
2500	2605
2501	2606
2502	2607
2503	2608
2504	2609
2505	2610
2506	2611
2507	2612
2508	2613
2509	2614
2510	2615
2511	2616
2512	2617
2513	2618
2514	2619
2515	2620
2516	2621
2517	2622
2518	2623
2519	2624
2520	2625
2521	2626
2522	2627
2523	2628
2524	2629
2525	2630
2526	2631
2527	2632
2528	2633
2529	2634
2530	2635
2531	2636
2532	2637
2533	2638
2534	2639
2535	2640
2536	2641
2537	2642
2538	2643
2539	2644
2540	2645
2541	2646
2542	2647
2543	2648
2544	2649
2545	2650
2546	2651
2547	2652
2548	2653
2549	2654
2550	2655
2551	2656
2552	2657
2553	2658
2554	2659
2555	2660
2556	2661
2557	2662
2558	2663
2559	2664
2560	2665
2561	2666
2562	2667
2563	2668
2564	2669
2565	2670
2566	2671
2567	2672
2568	2673
2569	2674
2570	2675
2571	2676
2572	2677
2573	2678
2574	2679
2575	2680
2576	2681
2577	2682
2578	2683
2579	2684
2580	2685
2581	2686
2582	2687
2583	2688
2584	2689
2585	2690
2586	2691
2587	2692
2588	2693
2589	2694
2590	2695
2591	2696
2592	2697
2593	2698
2594	2699
2595	2700
2596	2701
2597	2702
2598	2703
2599	2704
2600	2705
2601	2706
2602	2707
2603	2708
2604	2709
2605	2710
2606	2711
2607	2712
2608	2713
2609	2714
2610	2715
2611	2716
2612	2717
2613	2718
2614	2719
2615	2720
2616	2721
2617	2722
2618	2723
2619	2724
2620	2725
2621	2726
2622	2727
2623	2728
2624	2729
2625	2730
2626	2731
2627	2732
2628	2733
2629	2734
2630	2735
2631	2736
2632	2737
2633	2738
2634	2739
2635	2740
2636	2741
2637	2742
2638	2743
2639	2744
2640	2745
2641	2746
2642	2747
2643	2748
2644	2749
2645	2750
2646	2751
2647	2752
2648	2753
2649	2754
2650	2755
2651	2756
2652	2757
2653	2758
2654	2759
2655	2760
2656	2761
2657	2762
2658	2763
2659	2764
2660	2765
2661	2766
2662	2767
2663	2768
2664	2769
2665	2770
2666	2771
2667	2772
2668	2773
2669	2774
2670	2775
2671	2776
2672	2777
2673	2778
2674	2779
2675	2780
2676	2781
2677	2782
2678	2783
2679	2784
2680	2785
2681	2786
2682	2787
2683	2788
2684	2789
2685	2790
2686	2791
2687	2792
2688	2793
2689	2794
2690	2795
2691	2796
2692	2797
2693	2798
2694	2799
2695	2800
2696	2801
2697	2802
2698	2803
2699	2804
2700	2805
2701	2806
2702	2807
2703	2808
2704	2809
2705	2810
2706	2811
2707	2812
2708	2813
2709	2814
2710	2815
2711	2816
2712	2817
2713	2818
2714	2819
2715	2820
2716	2821
2717	2822
2718	2823
2719	2824
2720	2825
2721	2826
2722	2827
2723	2828
2724	2829
2725	2830
2726	2831
2727	2832
2728	2833
2729	2834
2730	2835
2731	2836
2732	2837
2733	2838
2734	2839
2735	2840
2736	2841
2737	2842
2738	2843
2739	2844
2740	2845
2741	2846
2742	2847
2743	2848
2744	2849
2745	2850
2746	2851
2747	2852
2748	2853
2749	2854
2750	2855
2751	2856
2752	2857
2753	2858
2754	2859
2755	2860
2756	2861
2757	2862
2758	2863
2759	2864
2760	2865
2761	2866
2762	2867
2763	2868
2764	2869
2765	2870
2766	2871
2767	2872
2768	2873
2769	2874
2770	2875
2771	2876
2772	2877
2773	2878
2774	2879
2775	2880
2776	2881
2777	2882
2778	2883
2779	2884
2780	2885
2781	2886
2782	2887
2783	2888
2784	2889
2785	2890
2786	2891
2787	2892
2788	2893
2789	2894
2790	2895
2791	2896
2792	2897
2793	2898
2794	2899
2795	2900
2796	2901
2797	2902
2798	2903
2799	2904
2800	2905
2801	2906
2802	2907
2803	2908
2804	2909
2805	2910
2806	2911
2807	2912
2808	2913
2809	2914
2810	2915
2811	2916
2812	2917
2813	2918
2814	2919
2815	2920
2816	2921
2817	2922
2818	2923
2819	2924
2820	2925
2821	2926
2822	2927
2823	2928
2824	2929
2825	2930
2826	2931
2827	2932
2828	2933
2829	2934
2830	2935
2831	2936
2832	2937
2833	2938
2834	2939
2835	2940
2836	2941
2837	2942
2838	2943
2839	2944
2840	2945
2841	2946
2842	2947
2843	2948
2844	2949
2845	2950
2846	2951
2847	2952
2848	2953
2849	2954
2850	2955
2851	2956
2852	2957
2853	2958
2854	2959
2855	2960
2856	2961
2857	2962
2858	2963
2859	2964
2860	2965
2861	2966
2862	2967
2863	2968
2864	2969
2865	2970
2866	2971
2867	2972
2868	2973
2869	2974
2870	2975
2871	2976
2872	2977
2873	2978
2874	2979
2875	2980
2876	2981
2877	2982
2878	2983
2879	2984
2880	2985
2881	2986
2882	2987
2883	2988
2884	2989
2885	2990
2886	2991
2887	2992
2888	2993
2889	2994
2890	2995
2891	2996
2892	2997
2893	2998
2894	2999
2895	3000
2896	3001
2897	3002
2898	3003
2899	3004
2900	3005
2901	3006
2902	3007
2903	3008
2904	3009
2905	3010
2906	3011
2907	3012
2908	3013
2909	3014
2910	3015
2911	3016
2912	3017
2913	3018
2914	3019
2915	3020
2916	3021
2917	3022
2918	3023
2919	3024
2920	3025
2921	3026
2922	3027
2923	3028
2924	3029
2925	3030
2926	3031
2927	3032
2928	3033
2929	3034
2930	3035
2931	3036
2932	3037
2933	3038
2934	3039
2935	3040
2936	3041
2937	3042
2938	3043
2939	3044
2940	3045
2941	3046
2942	3047
2943	3048
2944	3049
2945	3050
2946	3051
2947	3052
2948	3053
2949	3054
2950	3055
2951	3056
2952	3057
2953	3058
2954	3059
2955	3060
2956	3061
2957	3062
2958	3063
2959	3064
2960	3065
2961	3066
2962	3067
2963	3068
2964	3069
2965	3070
2966	3071
2967	3072
2968	3073
2969	3074
2970	3075
2971	3076
2972	3077
2973	3078
2974	3079
2975	3080
2976	3081
2977	3082
2978	3083
2979	3084
2980	3085
2981	3086
2982	3087
2983	3088
2984	3089
2985	3090
2986	3091
2987	3092
2988	3093
2989	3094
2990	3095
2991	3096
2992	3097
2993	3098
2994	3099
2995	3100
2996	3101
2997	3102
2998	3103
2999	3104
3000	3105
3001	3106
3002	3107
3003	3108
3004	3109
3005	3110
3006	3111
3007	3112
3008	3113
3009	3114
3010	3115
3011	3116
3012	3117
3013	3118
3014	3119
3015	3120
3016	3121
3017	3122
3018	3123
3019	3124
3020	3125
3021	3126
3022	3127
3023	3128
3024	3129
3025	3130
3026	3131
3027	3132
3028	3133
3029	3134
3030	3135
3031	3136
3032	3137
3033	3138
3034	3139
3035	3140
3036	3141
3037	3142
3038	3143
3039	3144
3040	3145
3041	3146
3042	3147
3043	3148
3044	3149
3045	3150
3046	3151
3047	3152
3048	3153
3049	3154
3050	3155
3051	3156
3052	3157
3053	3158
3054	3159
3055	3160
3056	3161
3057	3162
3058	3163
3059	3164
3060	3165
3061	3166
3062	3167
3063	3168
3064	3169
3065	3170
3066	3171
3067	3172
3068	3173
3069	3174
3070	3175
3071	3176
3072	3177
3073	3178
3074	3179
3075	3180
3076	3181
3077	3182
3078	3183
3079	3184
3080	3185
3081	3186
3082	3187
3083	3188
3084	3189
3085	3190
3086	3191
3087	3192
3088	3193
3089	3194
3090	3195
3091	3196
3092	3197
3093	3198
3094	3199
3095	3200
3096	3201
3097	3202
3098	3203
3099	3204
3100	3205
3101	3206
3102	3207
3103	3208
3104	3209
3105	3210
3106	3211
3107	3212
3108	3213
3109	3214
3110	3215
3111	3216
3112	3217
3113	3218
3114	3219
3115	3220
3116	3221
3117	3222
3118	3223
3119	3224
3120	3225
3121	3226
3122	3227
3123	3228
3124	3229
3125	3230
3126	3231
3127	3232
3128	3233
3129	3234
3130	3235
3131	3236
3132	3237
3133	3238
3134	3239
3135	3240
3136	3241
3137	3242
3138	3243
3139	3244
3140	3245
3141	3246
3142	3247
3143	3248
3144	3249
3145	3250
3146	3251
3147	3252
3148	3253
3149	3254
3150	3255
3151	3256
3152	3257
3153	3258
3154	3259
3155	3260
3156	3261
3157	3262
3158	3263
3159	3264
3160	3265
3161	3266
3162	3267
3163	3268
3164	3269
3165	3270
3166	3271
3167	3272
3168	3273
3169	3274
3170	3275
3171	3276
3172	3277
3173	3278
3174	3279
3175	3280
3176	3281
3177	3282
3178	3283
3179	3284
3180	3285
3181	3286
3182	3287
3183	3288
3184	3289
3185	3290
3186	3291
3187	3292
3188	3293
3189	3294
3190	3295
3191	3296
3192	3297
3193	3298
3194	3299
3195	3300
3196	3301
3197	3302
3198	3303
3199	3304
3200	3305
3201	3306
3202	3307
3203	3308
3204	3309
3205	3310
3206	3311
3207	3312
3208	3313
3209	3314
3210	3315
3211	3316
3212	3317
3213	3318
3214	3319
3215	3320
3216	3321
3217	3322
3218	3323
3219	3324
3220	3325
3221	3326
3222	3327
3223	3328
3224	3329
3225	3330
3226	3331
3227	3332
3228	3333
3229	3334
3230	3335
3231	3336
3232	3337
3233	3338
3234	3339
3235	3340
3236	3341
3237	3342
3238	3343
3239	3344
3240	3345
3241	3346
3242	3347
3243	3348
3244	3349
3245	3350
3246	3351
3247	3352
3248	3353
3249	3354
3250	3355
3251	3356
3252	3357
3253	3358
3254	3359
3255	3360
3256	3361
3257	3362
3258	3363
3259	3364
3260	3365
3261	3366
3262	3367
3263	3368
3264	3369
3265	3370
3266	3371
3267	3372
3268	3373
3269	3374
3270	3375
3271	3376
3272	3377
3273	3378
3274	3379
3275	3380
3276	3381
3277	3382
3278	3383
3279	3384
3280	3385
3281	3386
3282	3387
3283	3388
3284	3389
3285	3390
3286	3391
3287	3392
3288	3393
3289	3394
3290	3395
3291	3396
3292	3397
3293	3398
3294	3399
3295	3400
3296	3401
3297	3402
3298	3403
3299	3404
3300	3405
3301	3406
3302	3407
3303	3408
3304	3409
3305	3410
3306	3411
3307	3412
3308	3413
3309	3414
3310	3415
3311	3416
3312	3417
3313	3418
3314	3419
3315	3420
3316	3421
3317	3422
3318	3423
3319	3424
3320	3425
3321	3426
3322	3427
3323	3428
3324	3429
3325	3430
3326	3431
3327	3432
3328	3433
3329	3434
3330	3435
3331	3436
3332	3437
3333	3438
3334	3439
3335	3440
3336	3441
3337	3442
3338	3443
3339	3444
3340	3445
3341	3446
3342	3447
3343	3448
3344	3449
3345	3450
3346	3451
3347	3452
3348	3453
3349	3454
3350	3455
3351	3456
3352	3457
3353	3458
3354	3459
3355	3460
3356	3461
3357	3462
3358	3463
3359	3464
3360	3465
3361	3466
3362	3467
3363	3468
3364	3469
3365	3470
3366	3471
3367	3472
3368	3473
3369	3474
3370	3475
3371	3476
3372	3477
3373	3478
3374	3479
3375	3480
3376	3481
3377	3482
3378	3483
3379	3484
3380	3485
3381	3486
3382	3487
3383	3488
3384	3489
3385	3490
3386	3491
3387	3492
3388	3493
3389	3494
3390	3495
3391	3496
3392	3497
3393	3498
3394	3499
3395	3500
3396	3501
3397	3502
3398	3503
3399	3504
3400	3505
3401	3506
3402	3507
3403	3508
3404	3509
3405	3510
3406	3511
3407	3512
3408	3513
3409	3514
3410	3515
3411	3516
3412	3517
3413	3518
3414	3519
3415	3520
3416	3521
3417	3522
3418	3523
3419	3524
3420	3525
3421	3526
3422	3527
3423	3528
3424	3529
3425	3530
3426	3531
3427	3532
3428	3533
3429	3534
3430	3535
3431	3536
3432	3537
3433	3538
3434	3539
3435	3540
3436	3541
3437	3542
3438	3543
3439	3544
3440	3545
3441	3546
3442	3547
3443	3548
3444	3549
3445	3550
3446	3551
3447	3552
3448	3553
3449	3554
3450	3555
3451	3556
3452	3557
3453	3558
3454	3559
3455	3560
3456	3561
3457	3562
3458	3563
3459	3564
3460	3565
3461	3566
3462	3567
3463	3568
3464	3569
3465	3570
3466	3571
3467	3572
3468	3573
3469	3574
3470	3575
3471	3576
3472	3577
3473	3578
3474	3579
3475	3580
3476	3581
3477	3582
3478	3583
3479	3584
3480	3585
3481	3586
3482	3587
3483	3588
3484	3589
3485	3590
3486	3591
3487	3592
3488	3593
3489	3594
3490	3595
3491	3596
3492	3597
3493	3598
3494	3599
3495	3600
3496	3601
3497	3602
3498	3603
3499	3604
3500	3605
3501	3606
3502	3607
3503	3608
3504	3609
3505	3610
3506	3611
3507	3612
3508	3613
3509	3614
3510	3615
3511	3616
3512	3617
3513	3618
3514	3619
3515	3620
3516	3621
3517	3622
3518	3623
3519	3624
3520	3625
3521	3626
3522	3627
3523	3628
3524	3629
3525	3630
3526	3631
3527	3632
3528	3633
3529	3634
3530	3635
3531	3636
3532	3637
3533	3638
3534	3639
3535	3640
3536	3641
3537	3642
3538	3643
3539	3644
3540	3645
3541	3646
3542	3647
3543	3648
3544	3649
3545	3650
3546	3651
3547	3652
3548	3653
3549	3654
3550	3655
3551	3656
3552	3657
3553	3658
3554	3659
3555	3660
3556	3661
3557	3662
3558	3663
3559	3664
3560	3665
3561	3666
3562	3667
3563	3668
3564	3669
3565	3670
3566	3671
3567	3672
3568	3673
3569	3674
3570	3675
3571	3676
3572	3677
3573	3678
3574	3679
3575	3680
3576	3681
3577	3682
3578	3683
3579	3684
3580	3685
3581	3686
3582	3687
3583	3688
3584	3689
3585	3690
3586	3691
3587	3692
3588	3693
3589	3694
3590	3695
3591	3696
3592	3697
3593	3698
3594	3699
3595	3700
3596	3701
3597	3702
3598	3703
3599	3704
3600	3705
3601	3706
3602	3707
3603	3708
3604	3709
3605	3710
3606	3711
3607	3712
3608	3713
3609	3714
3610	3715
3611	3716
3612	3717
3613	3718
3614	3719
3615	3720
3616	3721
3617	3722
3618	3723
3619	3724
3620	3725
3621	3726
3622	3727
3623	3728
3624	3729
3625	3730
3626	3731
3627	3732
3628	3733
3629	3734
3630	3735
3631	3736
3632	3737
3633	3738
3634	3739
3635	3740
3636	3741
3637	3742
3638	3743
3639	3744
3640	3745
3641	3746
3642	3747
3643	3748
3644	3749
3645	3750
3646	3751
3647	3752
3648	3753
3649	3754
3650	3755
3651	3756
3652	3757
3653	3758
3654	3759
3655	3760
3656	3761
3657	3762
3658	3763
3659	3764
3660	3765
3661	3766
3662	3767
3663	3768
3664	3769
3665	3770
3666	3771
3667	3772
3668	3773
3669	3774
3670	3775
3671	3776
3672	3777
3673	3778
3674	3779
3675	3780
3676	3781
3677	3782
3678	3783
3679	3784
3680	3785
3681	3786
3682	3787
3683	3788
3684	3789
3685	3790
3686	3791
3687	3792
3688	3793
3689	3794
3690	3795
3691	3796
3692	3797
3693	3798
3694	3799
3695	3800
3696	3801
3697	3802
3698	3803
3699	3804
3700	3805
3701	3806
3702	3807
3703	3808
3704	3809
3705	3810
3706	3811
3707	3812
3708	3813
3709	3814
3710	3815
3711	3816
3712	3817
3713	3818
3714	3819
3715	3820
3716	3821
3717	3822
3718	3823
3719	3824
3720	3825
3721	3826
3722	3827
3723	3828
3724	3829
3725	3830
3726	3831
3727	3832
3728	3833
3729	3834
3730	3835
3731	3836
3732	3837
3733	3838
3734	3839
3735	3840
3736	3841
3737	3842
3738	3843
3739	3844
3740	3845
3741	3846
3742	3847
3743	3848
3744	3849
3745	3850
3746	3851
3747	3852
3748	3853
3749	3854
3750	3855
3751	3856
3752	3857
3753	3858
3754	3859
3755	3860
3756	3861
3757	3862
3758	3863
3759	3864
3760	3865
3761	3866
3762	3867
3763	3868
3764	3869
3765	3870
3766	3871
3767	3872
3768	3873
3769	3874
3770	3875
3771	3876
3772	3877
3773	3878
3774	3879
3775	3880
3776	3881
3777	3882
3778	3883
3779	3884
3780	3885
3781	3886
3782	3887
3783	3888
3784	3889
3785	3890
3786	3891
3787	3892
3788	3893
3789	3894
3790	3895
3791	3896
3792	3897
3793	3898
3794	3899
3795	3900
3796	3901
3797	3902
3798	3903
3799	3904
3800	3905
3801	3906
3802	3907
3803	3908
3804	3909
3805	3910
3806	3911
3807	3912
3808	3913
3809	3914
3810	3915
3811	3916
3812	3917
3813	3918
3814	3919
3815	3920
3816	3921
3817	3922
3818	3923
3819	3924
3820	3925
3821	3926
3822	3927
3823	3928
3824	3929
3825	3930
3826	3931
3827	3932
3828	3933
3829	3934
3830	3935
3831	3936
3832	3937
3833	3938
3834	3939
3835	3940
3836	3941
3837	3942
3838	3943
3839	3944
3840	3945
3841	3946
3842	3947
3843	3948
3844	3949
3845	3950
3846	3951
3847	3952
3848	3953
3849	3954
3850	3955
3851	3956
3852	3957
3853	3958
3854	3959
3855	3960
3856	3961
3857	3962
3858	3963
3859	3964
3860	3965
3861	3966
3862	3967
3863	3968
3864	3969
3865	3970
3866	3971
3867	3972
3868	3973
3869	3974
3870	3975
3871	3976
3872	3977
3873	3978
3874	3979
3875	3980
3876	3981
3877	3982
3878	3983
3879	3984
3880	3985
3881	3986
3882	3987
3883	3988
3884	3989
3885	3990
3886	3991
3887	3992
3888	3993
3889	3994
3890	3995
3891	3996
3892	3997
3893	3998
3894	3999
3895	4000
3896	4001
3897	4002
3898	4003
3899	4004
3900	4005
3901	4006
3902	4007
3903	4008
3904	4009
3905	4010
3906	4011
3907	4012
3908	4013
3909	4014
3910	4015
3911	4016
3912	4017
3913	4018
3914	4019
3915	4020
3916	4021
3917	4022
3918	4023
3919	4024
3920	4025
3921	4026
3922	4027
3923	4028
3924	4029
3925	4030
3926	4031
3927	4032
3928	4033
3929	4034
3930	4035
3931	4036
3932	4037
3933	4038
3934	4039
3935	4040
3936	4041
3937	4042
3938	4043
3939	4044
3940	4045
3941	4046
3942	4047
3943	4048
3944	4049
3945	4050
3946	4051
3947	4052
3948	4053
3949	4054
3950	4055
3951	4056
3952	4057
3953	4058
3954	4059
3955	4060
3956	4061
3957	4062
3958	4063
3959	4064
3960	4065
3961	4066
3962	4067
3963	4068
3964	4069
3965	4070
3966	4071
3967	4072
3968	4073
3969	4074
3970	4075
3971	4076
3972	4077
3973	4078
3974	4079
3975	4080
3976	4081
3977	4082
3978	4083
3979	4084
3980	4085
3981	4086
3982	4087
3983	4088
3984	4089
3985	4090
3986	4091
3987	4092
3988	4093
3989	4094
3990	4095
3991	4096
3992	4097
3993	4098
3994	4099
3995	4100
3996	4101
3997	4102
3998	4103
3999	4104
4000	4105
4001	4106
4002	4107
4003	4108
4004	4109
4005	4110
4006	4111
4007	4112
4008	4113
4009	4114
4010	4115
4011	4116
4012	4117
4013	4118
4014	4119
4015	4120
4016	4121
4017	4122
4018	4123
4019	4124
4020	4125
4021	4126
4022	4127
4023	4128
4024	4129
4025	4130
4026	4131
4027	4132
4028	4133
4029	4134
4030	4135
4031	4136
4032	4137
4033	4138
4034	4139
4035	4140
4036	4141
4037	4142
4038	4143
4039	4144
4040	4145
4041	4146
4042	4147
4043	4148
4044	4149
4045	4150
4046	4151
4047	4152
4048	4153
4049	4154
4050	4155
4051	4156
4052	4157
4053	4158
4054	4159
4055	4160
4056	4161
4057	4162
4058	4163
4059	4164
4060	4165
4061	4166
4062	4167
4063	4168
4064	4169
4065	4170
4066	4171
4067	4172
4068	4173
4069	4174
4070	4175
4071	4176
4072	4177
4073	4178
4074	4179
4075	4180
4076	4181
4077	4182
4078	4183
4079	4184
4080	4185
4081	4186
4082	4187
4083	4188
4084	4189
4085	4190
4086	4191
4087	4192
4088	4193
4089	4194
4090	4195
4091	4196
4092	4197
4093	4198
4094	4199
4095	4200
4096	4201
4097	4202
4098	4203
4099	4204
4100	4205
4101	4206
4102	4207
4103	4208
4104	4209
4105	4210
4106	4211
4107	4212
4108	4213
4109	4214
4110	4215
4111	4216
4112	4217
4113	4218
4114	4219
4115	4220
4116	4221
4117	4222
4118	4223
4119	4224
4120	4225
4121	4226
4122	4227
4123	4228
4124	4229
4125	4230
4126	4231
4127	4232
4128	4233
4129	4234
4130	4235
4131	4236
4132	4237
4133	4238
4134	4239
4135	4240
4136	4241
4137	4242
4138	4243
4139	4244
4140	4245
4141	4246
4142	4247
4143	4248
4144	4249
4145	4250
4146	4251
4147	4252
4148	4253
4149	4254
4150	4255
4151	4256
4152	4257
4153	4258
4154	4259
4155	4260
4156	4261
4157	4262
4158	4263
4159	4264
4160	4265
4161	4266
4162	4267
4163	4268
4164	4269
4165	4270
4166	4271
4167	4272
4168	4273
4169	4274
4170	4275
4171	4276
4172	4277
4173	4278
4174	4279
4175	4280
4176	4281
4177	4282
4178	4283
4179	4284
4180	4285
4181	4286
4182	4287
4183	4288
4184	4289
4185	4290
4186	4291
4187	4292
4188	4293
4189	4294
4190	4295
4191	4296
4192	4297
4193	4298
4194	4299
4195	4300
4196	4301
4197	4302
4198	4303
4199	4304
4200	4305
4201	4306
4202	4307
4203	4308
4204	4309
4205	4310
4206	4311
4207	4312
4208	4313
4209	4314
4210	4315
4211	4316
4212	4317
4213	4318
4214	4319
4215	4320
4216	4321
4217	4322
4218	4323
4219	4324
4220	4325
4221	4326
4222	4327
4223	4328
4224	4329
4225	4330
4226	4331
4227	4332
4228	4333
4229	4334
4230	4335
4231	4336
4232	4337
4233	4338
4234	4339
4235	4340
4236	4341
4237	4342
4238	4343
4239	4344
4240	4345
4241	4346
4242	4347
4243	4348
4244	4349
4245	4350
4246	4351
4247	4352
4248	4353
4249	4354
4250	4355
4251	4356
4252	4357
4253	4358
4254	4359
4255	4360
4256	4361
4257	4362
4258	4363
4259	4364
4260	4365
4261	4366
4262	4367
4263	4368
4264	4369
4265	4370
4266	4371
4267	4372
4268	4373
4269	4374
4270	4375
4271	4376
4272	4377
4273	4378
4274	4379
4275	4380
4276	4381
4277	4382
4278	4383
4279	4384
4280	4385
4281	4386
4282	4387
4283	4388
4284	4389
4285	4390
4286	4391
4287	4392
4288	4393
4289	4394
4290	4395
4291	4396
4292	4397
4293	4398
4294	4399
4295	4400
4296	4401
4297	6013
4298	6014
4299	6015
4300	6016
