1	80
2	81
3	82
4	83
5	84
6	85
7	86
8	87
9	88
10	89
11	90
12	91
13	92
14	93
15	94
16	95
17	96
18	97
19	98
20	99
21	100
22	101
23	102
24	103
25	104
26	105
27	106
28	107
29	108
30	109
31	110
32	111
33	112
34	113
35	114
36	115
37	116
38	117
39	118
40	119
41	120
42	121
43	122
44	123
45	124
46	125
47	126
48	127
49	128
50	129
51	130
52	131
53	132
54	133
55	134
56	135
57	136
58	137
59	138
60	139
61	140
62	141
63	142
64	143
65	144
66	145
67	146
68	147
69	148
70	149
71	150
72	151
73	152
74	153
75	154
76	155
77	156
78	157
79	158
80	159
81	160
82	161
83	162
84	163
85	164
86	165
87	166
88	167
89	168
90	169
91	170
92	171
93	172
94	173
95	174
96	175
97	176
98	177
99	178
100	179
101	180
102	181
103	182
104	183
105	184
106	185
107	186
