1	647
2	648
3	649
4	650
5	651
6	652
7	653
8	654
9	655
10	656
11	657
12	658
13	659
14	660
15	661
16	662
17	663
18	664
19	665
20	666
21	667
22	668
23	669
24	670
25	671
26	672
27	673
28	674
29	675
30	676
31	677
32	678
33	679
34	680
35	681
36	682
37	683
38	684
39	685
40	686
41	687
42	688
43	689
44	690
45	691
46	692
47	693
48	694
49	695
50	696
51	697
52	698
53	699
54	700
55	701
56	702
57	703
58	704
59	705
60	706
61	707
62	708
63	709
64	710
65	711
66	712
67	713
68	714
69	715
70	716
71	717
72	718
73	719
74	720
75	721
76	722
77	723
78	724
79	725
80	726
81	727
82	728
83	729
84	730
85	731
86	732
87	733
88	734
89	735
90	736
91	737
92	738
93	739
94	740
95	741
96	742
97	743
98	744
