1	91
2	92
3	93
4	94
5	206
6	207
7	208
8	209
9	210
10	211
11	212
12	213
13	214
14	215
15	216
16	217
17	218
18	219
19	220
20	221
21	222
22	223
23	224
24	225
25	226
26	227
27	228
28	229
29	230
30	231
31	232
32	233
33	234
34	235
35	236
36	237
37	238
38	239
39	240
40	241
41	242
42	243
43	244
44	245
45	246
46	247
47	248
48	249
49	250
50	251
51	252
52	253
53	254
54	255
55	256
56	257
57	258
58	259
59	260
60	261
61	262
62	263
63	264
64	265
65	266
66	267
67	268
68	269
69	270
70	271
71	272
72	273
73	274
74	275
75	276
76	277
77	278
78	279
79	280
80	281
81	282
82	283
83	284
84	285
85	286
86	287
87	288
88	289
89	290
90	291
91	292
92	293
93	294
94	295
95	296
96	297
97	298
98	299
99	300
100	301
101	302
102	303
103	304
104	305
105	306
106	307
107	308
108	309
109	310
110	311
111	312
112	313
113	314
114	315
115	316
116	317
117	318
118	319
119	320
120	321
121	322
122	323
123	324
124	325
125	326
126	327
127	328
128	329
129	330
130	331
131	332
132	333
133	334
134	335
135	336
136	337
137	338
138	339
139	340
140	341
141	342
142	343
143	344
144	345
145	346
146	347
147	348
148	349
149	350
150	351
151	352
152	353
153	354
154	355
155	356
156	357
157	358
158	359
159	360
160	361
161	362
162	363
163	364
164	365
165	366
166	367
167	368
168	369
169	370
170	371
171	372
172	373
173	374
