1	36
2	37
3	38
4	39
5	40
6	41
7	42
8	43
9	44
10	45
11	46
12	47
13	48
14	49
15	50
16	51
17	52
18	53
19	54
20	55
21	56
22	57
23	58
24	59
25	60
26	61
27	62
28	63
29	64
30	65
31	66
32	67
33	68
34	69
35	70
36	71
37	72
38	73
39	74
40	75
41	76
42	77
43	78
44	79
45	80
46	81
47	82
48	83
49	84
50	85
51	86
52	87
53	88
54	89
55	90
56	91
57	92
58	93
59	94
60	95
61	96
62	97
63	98
64	99
65	100
66	101
67	102
68	103
69	104
70	105
71	106
72	107
73	108
74	109
75	110
76	111
77	112
78	113
79	114
80	115
81	116
82	117
83	118
84	119
85	120
86	121
87	122
88	123
89	124
90	125
91	126
92	127
93	128
94	129
95	130
96	131
97	132
98	133
99	134
100	135
101	136
102	137
103	138
104	139
105	140
106	141
107	142
108	143
109	144
110	145
111	146
112	147
113	148
114	149
115	150
116	151
117	152
118	153
119	154
120	155
121	156
122	157
123	158
124	159
125	160
126	161
127	162
128	163
129	164
130	165
131	166
132	167
133	168
134	169
135	170
136	171
137	172
138	173
139	174
140	175
141	176
142	177
143	178
144	179
145	180
146	181
147	182
148	183
149	184
150	185
151	186
152	187
153	188
154	189
155	190
156	191
157	192
158	193
159	194
160	195
161	196
162	197
163	198
164	199
165	200
166	201
167	202
168	203
169	204
170	205
171	206
172	207
173	208
174	209
175	210
176	211
177	212
178	213
179	214
180	215
181	216
182	217
183	218
184	219
185	220
186	221
187	222
188	223
189	224
190	225
191	226
192	227
193	228
194	229
195	230
196	231
197	232
198	233
199	234
200	235
201	236
202	237
203	238
204	239
205	240
206	241
207	242
208	243
209	244
210	245
211	246
212	247
213	248
214	249
215	250
216	251
217	252
218	253
219	254
220	255
221	256
222	257
223	258
224	259
225	260
226	261
227	262
228	263
229	264
230	265
231	266
232	267
233	268
234	269
235	270
236	271
237	272
238	273
239	274
240	275
241	276
242	277
243	278
244	279
245	280
246	281
247	282
248	283
249	284
250	285
251	286
252	287
253	288
254	289
255	290
256	291
257	292
258	293
259	294
260	295
261	296
262	297
263	298
264	299
265	300
266	301
267	302
268	303
269	304
270	305
271	306
272	307
273	308
274	309
275	310
276	311
277	312
278	313
279	314
280	315
281	316
282	317
283	318
284	319
285	320
286	321
287	322
288	323
289	324
290	325
291	326
292	327
293	328
294	329
295	330
296	331
297	332
298	333
299	334
300	335
301	336
302	337
303	338
304	339
305	340
306	341
307	342
308	343
309	344
310	345
311	346
312	347
313	348
314	349
315	350
316	351
317	352
318	353
319	354
320	355
321	356
322	357
323	358
324	359
325	360
326	361
327	362
328	363
329	364
330	365
331	366
332	367
333	368
334	369
335	370
336	371
337	372
338	373
339	374
340	375
341	376
342	377
343	378
344	379
345	380
346	381
347	382
348	383
349	384
350	385
351	386
352	387
353	388
354	389
355	390
356	391
357	392
358	393
359	394
360	395
361	396
362	397
363	398
364	399
365	400
366	401
367	402
368	403
369	404
370	405
371	406
372	407
373	408
374	409
375	410
376	411
377	412
378	413
379	414
380	415
381	416
382	417
383	418
384	419
385	420
386	421
387	422
388	423
389	424
390	425
391	426
392	427
393	428
394	429
395	430
396	431
397	432
398	433
399	434
400	435
401	436
402	437
403	438
404	439
405	440
406	441
407	442
408	443
409	444
410	446
411	447
412	448
413	449
414	450
415	451
416	452
417	453
418	454
419	455
420	456
421	457
422	458
423	459
424	460
425	461
426	462
427	463
428	464
429	465
430	466
431	467
432	468
433	469
434	470
435	471
436	472
437	473
438	474
439	475
440	476
441	477
442	478
443	479
444	480
445	481
446	482
447	483
448	484
449	485
450	486
451	487
452	488
453	489
454	490
455	491
456	492
457	493
458	494
459	495
460	496
461	497
462	498
463	499
464	500
465	501
466	502
467	503
468	504
469	505
470	506
471	507
472	508
473	509
474	510
475	511
476	512
477	513
478	514
479	515
480	516
481	517
482	518
483	519
484	520
485	521
486	522
487	523
488	524
489	525
490	526
491	527
492	528
493	529
494	530
495	531
496	532
497	533
498	534
499	535
500	536
501	537
502	538
503	539
504	540
505	541
506	542
507	543
508	544
509	545
510	546
511	547
512	548
513	549
514	550
515	551
516	552
517	553
518	554
519	555
520	556
521	557
522	558
523	559
524	560
525	561
526	562
527	563
528	564
529	565
530	566
531	567
532	568
533	569
534	570
535	571
536	572
537	573
538	574
539	575
540	576
541	577
542	578
543	579
544	580
545	581
546	582
547	583
548	584
549	585
550	586
551	587
552	588
553	589
554	590
555	591
556	592
557	593
558	594
559	595
560	596
561	597
562	598
563	599
564	600
565	601
566	602
567	603
568	604
569	605
570	606
571	607
572	608
573	609
574	610
575	611
576	612
577	613
578	614
579	615
580	616
581	617
582	618
583	619
584	620
585	621
586	622
587	623
588	624
589	625
590	626
591	627
592	628
593	629
594	630
595	631
596	632
597	633
598	634
599	635
600	636
601	637
602	638
603	639
604	640
605	641
606	642
607	643
608	644
609	645
610	646
611	647
612	648
613	649
614	650
615	651
616	652
617	653
618	654
619	655
620	656
621	657
622	658
623	659
624	660
625	661
626	662
627	663
628	664
629	665
630	666
631	667
632	668
633	669
634	670
635	671
636	672
637	673
638	674
639	675
640	676
641	677
642	678
643	679
644	680
645	681
646	682
647	683
648	684
649	685
650	686
651	687
652	688
653	689
654	690
655	691
656	692
657	693
658	694
659	695
660	696
661	697
662	698
663	699
664	700
665	701
666	702
667	703
668	704
669	705
670	706
671	707
672	708
673	709
674	710
675	711
676	712
677	713
678	714
679	715
680	716
681	717
682	718
683	719
684	720
685	721
686	722
687	723
688	724
689	725
690	726
691	727
692	728
693	729
694	730
695	731
696	732
697	733
698	734
699	735
700	736
701	737
702	738
703	739
704	740
705	741
706	742
707	743
708	744
709	745
710	746
711	747
712	748
713	749
714	750
715	751
716	752
717	753
718	754
719	755
720	756
721	757
722	758
723	759
724	760
725	761
726	762
727	763
728	764
729	765
730	766
731	767
732	768
733	769
734	770
735	771
736	772
737	773
738	774
739	775
740	776
741	777
742	778
743	779
744	780
745	781
746	782
747	783
748	784
749	785
750	786
751	787
752	788
753	789
754	790
755	791
756	792
757	793
758	794
759	795
760	796
761	797
762	798
763	799
764	800
765	801
766	802
767	803
768	804
769	805
770	806
771	807
772	808
773	809
774	810
775	811
776	812
777	813
778	814
779	815
780	816
781	817
782	818
783	819
784	820
785	821
786	822
787	823
788	824
789	825
790	826
791	827
792	828
793	829
794	830
795	831
796	832
797	833
798	834
799	835
800	836
801	837
802	838
803	839
804	840
805	841
806	842
807	843
808	844
809	845
810	846
811	847
812	848
813	849
814	850
815	851
816	852
817	853
818	854
819	855
820	856
821	857
822	858
823	859
824	860
825	861
826	862
827	863
828	864
829	865
830	866
831	867
832	868
833	869
834	870
835	871
836	872
837	873
838	874
839	875
840	876
841	877
842	878
843	879
844	880
845	881
846	882
847	883
848	884
849	885
850	886
851	887
852	888
853	889
854	890
855	891
856	892
857	893
858	894
859	895
860	896
861	897
862	898
863	899
864	900
865	901
866	902
867	903
868	904
869	905
870	906
871	907
872	908
873	909
874	910
875	911
876	912
877	913
878	914
879	915
880	916
881	917
882	918
883	919
884	920
885	921
886	922
887	923
888	924
889	925
890	926
891	927
892	928
893	929
894	930
895	931
896	932
897	933
898	934
899	935
900	936
901	937
902	938
903	939
904	940
905	941
906	942
907	943
908	944
909	945
910	946
911	947
912	948
913	949
914	950
915	951
916	952
917	953
918	954
919	955
920	956
921	957
922	958
923	959
924	960
925	961
926	962
927	963
928	964
929	965
930	966
931	967
932	968
933	969
934	970
935	971
936	972
937	973
938	974
939	975
940	976
941	977
942	978
943	979
944	980
945	981
946	982
947	983
948	984
949	985
950	986
951	987
952	988
953	989
954	990
955	991
956	992
957	993
958	994
959	995
960	996
961	997
962	998
963	999
964	1000
965	1001
966	1002
967	1003
968	1004
969	1005
970	1006
971	1007
972	1008
973	1009
974	1010
975	1011
976	1012
977	1013
978	1014
979	1015
980	1016
981	1017
982	1018
983	1019
984	1020
985	1021
986	1022
987	1023
988	1024
989	1025
990	1026
991	1027
992	1028
993	1029
994	1030
995	1031
996	1032
997	1033
998	1034
999	1035
1000	1036
1001	1037
1002	1038
1003	1039
1004	1040
1005	1041
1006	1042
1007	1043
1008	1044
1009	1045
1010	1046
1011	1047
1012	1048
1013	1049
1014	1050
1015	1051
1016	1052
1017	1053
1018	1054
1019	1055
1020	1056
1021	1057
1022	1058
1023	1059
1024	1060
1025	1061
1026	1062
1027	1063
1028	1064
1029	1065
1030	1066
1031	1067
1032	1068
1033	1069
1034	1070
1035	1071
1036	1072
1037	1073
1038	1074
1039	1075
1040	1076
1041	1077
1042	1078
1043	1079
1044	1080
1045	1081
1046	1082
1047	1083
1048	1084
1049	1085
1050	1086
1051	1087
1052	1088
1053	1089
1054	1090
1055	1091
1056	1092
1057	1093
1058	1094
1059	1095
1060	1096
1061	1097
1062	1098
1063	1099
1064	1100
1065	1101
1066	1102
1067	1103
1068	1104
1069	1105
1070	1106
1071	1107
1072	1108
1073	1109
1074	1110
1075	1111
1076	1112
1077	1113
1078	1114
1079	1115
1080	1116
1081	1117
1082	1118
1083	1119
1084	1120
1085	1121
1086	1122
1087	1123
1088	1124
1089	1125
1090	1126
1091	1127
1092	1128
1093	1129
1094	1130
1095	1131
1096	1132
1097	1133
1098	1134
1099	1135
1100	1136
1101	1137
1102	1138
1103	1139
1104	1140
1105	1141
1106	1142
1107	1143
1108	1144
1109	1145
1110	1146
1111	1147
1112	1148
1113	1149
1114	1150
1115	1151
1116	1152
1117	1153
1118	1154
1119	1155
1120	1156
1121	1157
1122	1158
1123	1159
1124	1160
1125	1161
1126	1162
1127	1163
1128	1164
1129	1165
1130	1166
1131	1167
1132	1168
1133	1169
1134	1170
1135	1171
1136	1172
1137	1173
1138	1174
1139	1175
1140	1176
1141	1177
1142	1178
1143	1179
1144	1180
1145	1181
1146	1182
1147	1183
1148	1184
1149	1185
1150	1186
1151	1187
1152	1188
1153	1189
1154	1190
1155	1191
1156	1192
1157	1193
1158	1194
1159	1195
1160	1196
1161	1197
1162	1198
1163	1199
1164	1200
1165	1201
1166	1202
1167	1203
1168	1204
1169	1205
1170	1206
1171	1207
1172	1208
1173	1209
1174	1210
1175	1211
1176	1212
1177	1213
1178	1214
1179	1215
1180	1216
1181	1217
1182	1218
1183	1219
1184	1220
1185	1221
1186	1222
1187	1223
1188	1224
1189	1225
1190	1226
1191	1227
1192	1228
1193	1229
1194	1230
1195	1231
1196	1232
1197	1233
1198	1234
1199	1235
1200	1236
1201	1237
1202	1238
1203	1239
1204	1240
1205	1241
1206	1242
1207	1243
1208	1244
1209	1245
1210	1246
1211	1247
1212	1248
1213	1249
1214	1250
1215	1251
1216	1252
1217	1253
1218	1254
1219	1255
1220	1256
1221	1257
1222	1258
1223	1259
1224	1260
1225	1261
1226	1262
1227	1263
1228	1264
1229	1265
1230	1266
1231	1267
1232	1268
1233	1269
1234	1270
1235	1271
1236	1272
1237	1273
1238	1274
1239	1275
1240	1276
1241	1277
1242	1278
1243	1279
1244	1280
1245	1281
1246	1282
1247	1283
1248	1284
1249	1285
1250	1286
1251	1287
1252	1288
1253	1289
1254	1290
1255	1291
1256	1292
1257	1293
1258	1294
1259	1295
1260	1296
1261	1297
1262	1298
1263	1299
1264	1300
1265	1301
1266	1302
1267	1303
1268	1304
1269	1305
1270	1306
1271	1307
1272	1308
1273	1309
1274	1310
1275	1311
1276	1312
1277	1313
1278	1314
1279	1315
1280	1316
1281	1317
1282	1318
1283	1319
1284	1320
1285	1321
1286	1322
1287	1323
1288	1324
1289	1325
1290	1326
1291	1327
1292	1328
1293	1329
1294	1330
1295	1331
1296	1332
1297	1333
1298	1334
1299	1335
1300	1336
1301	1337
1302	1338
1303	1339
1304	1340
1305	1341
1306	1342
1307	1343
1308	1344
1309	1345
1310	1346
1311	1347
1312	1348
1313	1349
1314	1350
1315	1351
1316	1352
1317	1353
1318	1354
1319	1355
1320	1356
1321	1357
1322	1358
1323	1359
1324	1360
1325	1361
1326	1362
1327	1363
1328	1364
1329	1365
1330	1366
1331	1367
1332	1368
1333	1369
1334	1370
1335	1371
1336	1372
1337	1373
1338	1374
1339	1375
1340	1376
1341	1377
1342	1378
1343	1379
1344	1380
1345	1381
1346	1382
1347	1383
1348	1384
1349	1385
1350	1386
1351	1387
1352	1388
1353	1389
1354	1390
1355	1391
1356	1392
1357	1393
1358	1394
1359	1395
1360	1396
1361	1397
1362	1398
1363	1399
1364	1400
1365	1401
1366	1402
1367	1403
1368	1404
1369	1405
1370	1406
1371	1407
1372	1408
1373	1409
1374	1410
1375	1411
1376	1412
1377	1413
1378	1414
1379	1415
1380	1416
1381	1417
1382	1418
1383	1419
1384	1420
1385	1421
1386	1422
1387	1423
1388	1424
1389	1425
1390	1426
1391	1427
1392	1428
1393	1429
1394	1430
1395	1431
1396	1432
1397	1433
1398	1434
1399	1435
1400	1436
1401	1437
1402	1438
1403	1439
1404	1440
1405	1441
1406	1442
1407	1443
1408	1444
1409	1445
1410	1446
1411	1447
1412	1448
1413	1449
1414	1450
1415	1451
1416	1452
1417	1453
1418	1454
1419	1455
1420	1456
1421	1457
1422	1458
1423	1459
1424	1460
1425	1461
1426	1462
1427	1463
1428	1464
1429	1465
1430	1466
1431	1467
1432	1468
1433	1469
1434	1470
1435	1471
1436	1472
1437	1473
1438	1474
1439	1475
1440	1476
1441	1477
1442	1478
1443	1479
1444	1480
1445	1481
1446	1482
1447	1483
1448	1484
1449	1485
1450	1486
1451	1487
1452	1488
1453	1489
1454	1490
1455	1491
1456	1492
1457	1493
1458	1494
1459	1495
1460	1496
1461	1497
1462	1498
1463	1499
1464	1500
1465	1501
1466	1502
1467	1503
1468	1504
1469	1505
1470	1506
1471	1507
1472	1508
1473	1509
1474	1510
1475	1511
1476	1512
1477	1513
1478	1514
1479	1515
1480	1516
1481	1517
1482	1518
1483	1519
1484	1520
1485	1521
1486	1522
1487	1523
1488	1524
1489	1525
1490	1526
1491	1527
1492	1528
1493	1529
1494	1530
1495	1531
1496	1532
1497	1533
1498	1534
1499	1535
1500	1536
1501	1537
1502	1538
1503	1539
1504	1540
1505	1541
1506	1542
1507	1543
1508	1544
1509	1545
1510	1546
1511	1547
1512	1548
1513	1549
1514	1550
1515	1551
1516	1552
1517	1553
1518	1554
1519	1555
1520	1556
1521	1557
1522	1558
1523	1559
1524	1560
1525	1561
1526	1562
1527	1563
1528	1564
1529	1565
1530	1566
1531	1567
1532	1568
1533	1569
1534	1570
1535	1571
1536	1572
1537	1573
1538	1574
1539	1575
1540	1576
1541	1577
1542	1578
1543	1579
1544	1580
1545	1581
1546	1582
1547	1583
1548	1584
1549	1585
1550	1586
1551	1587
1552	1588
1553	1589
1554	1590
1555	1591
1556	1592
1557	1593
1558	1594
1559	1595
1560	1596
1561	1597
1562	1598
1563	1599
1564	1600
1565	1601
1566	1602
1567	1603
1568	1604
1569	1605
1570	1606
1571	1607
1572	1608
1573	1609
1574	1610
1575	1611
1576	1612
1577	1613
1578	1614
1579	1615
1580	1616
1581	1617
1582	1618
1583	1619
1584	1620
1585	1621
1586	1622
1587	1623
1588	1624
1589	1625
1590	1626
1591	1627
1592	1628
1593	1629
1594	1630
1595	1631
1596	1632
1597	1633
1598	1634
1599	1635
1600	1636
1601	1637
1602	1638
1603	1639
1604	1640
1605	1641
1606	1642
1607	1643
1608	1644
1609	1645
1610	1646
1611	1647
1612	1648
1613	1649
1614	1650
1615	1651
1616	1652
1617	1653
1618	1654
1619	1655
1620	1656
1621	1657
1622	1658
1623	1659
1624	1660
1625	1661
1626	1662
1627	1663
1628	1664
1629	1665
1630	1666
1631	1667
1632	1668
1633	1669
1634	1670
1635	1671
1636	1672
1637	1673
1638	1674
1639	1675
1640	1676
1641	1677
1642	1678
1643	1679
1644	1680
1645	1681
1646	1682
1647	1683
1648	1684
1649	1685
1650	1686
1651	1687
1652	1688
1653	1689
1654	1690
1655	1691
1656	1692
1657	1693
1658	1694
1659	1695
1660	1696
1661	1697
1662	1698
1663	1699
1664	1700
1665	1701
1666	1702
1667	1703
1668	1704
1669	1705
1670	1706
1671	1707
1672	1708
1673	1709
1674	1710
1675	1711
1676	1712
1677	1713
1678	1714
1679	1715
1680	1716
1681	1717
1682	1718
1683	1719
1684	1720
1685	1721
1686	1722
1687	1723
1688	1724
1689	1725
1690	1726
1691	1727
1692	1728
1693	1729
1694	1730
1695	1731
1696	1732
1697	1733
1698	1734
1699	1735
1700	1736
1701	1737
1702	1738
1703	1739
1704	1740
1705	1741
1706	1742
1707	1743
1708	1744
1709	1745
1710	1746
1711	1747
1712	1748
1713	1749
1714	1750
1715	1751
1716	1752
1717	1753
1718	1754
1719	1755
1720	1756
1721	1757
1722	1758
1723	1759
1724	1760
1725	1761
1726	1762
1727	1763
1728	1764
1729	1765
1730	1766
1731	1767
1732	1768
1733	1769
1734	1770
1735	1771
1736	1772
1737	1773
1738	1774
1739	1775
1740	1776
1741	1777
1742	1778
1743	1779
1744	1780
1745	1781
1746	1782
1747	1783
1748	1784
1749	1785
1750	1786
1751	1787
1752	1788
1753	1789
1754	1790
1755	1791
1756	1792
1757	1793
1758	1794
1759	1795
1760	1796
1761	1797
1762	1798
1763	1799
1764	1800
1765	1801
1766	1802
1767	1803
1768	1804
1769	1805
1770	1806
1771	1807
1772	1808
1773	1809
1774	1810
1775	1811
1776	1812
1777	1813
1778	1814
1779	1815
1780	1816
1781	1817
1782	1818
1783	1819
1784	1820
1785	1821
1786	1822
1787	1823
1788	1824
1789	1825
1790	1826
1791	1827
1792	1828
1793	1829
1794	1830
1795	1831
1796	1832
1797	1833
1798	1834
1799	1835
1800	1836
1801	1837
1802	1838
1803	1839
1804	1840
1805	1841
1806	1842
1807	1843
1808	1844
1809	1845
1810	1846
1811	1847
1812	1848
1813	1849
1814	1850
1815	1851
1816	1852
1817	1853
1818	1854
1819	1855
1820	1856
1821	1857
1822	1858
1823	1859
1824	1860
1825	1861
1826	1862
1827	1863
1828	1864
1829	1865
1830	1866
1831	1867
1832	1868
1833	1869
1834	1870
1835	1871
1836	1872
1837	1873
1838	1874
1839	1875
1840	1876
1841	1877
1842	1878
1843	1879
1844	1880
1845	1881
1846	1882
1847	1883
1848	1884
1849	1885
1850	1886
1851	1887
1852	1888
1853	1889
1854	1890
1855	1891
1856	1892
1857	1893
1858	1894
1859	1895
1860	1896
1861	1897
1862	1898
1863	1899
1864	1900
1865	1901
1866	1902
1867	1903
1868	1904
1869	1905
1870	1906
1871	1907
1872	1908
1873	1909
1874	1910
1875	1911
1876	1912
1877	1913
1878	1914
1879	1915
1880	1916
1881	1917
1882	1918
1883	1919
1884	1920
1885	1921
1886	1922
1887	1923
1888	1924
1889	1925
1890	1926
1891	1927
1892	1928
1893	1929
1894	1930
1895	1931
1896	1932
1897	1933
1898	1934
1899	1935
1900	1936
1901	1937
1902	1938
1903	1939
1904	1940
1905	1941
1906	1942
1907	1943
1908	1944
1909	1945
1910	1946
1911	1947
1912	1948
1913	1949
1914	1950
1915	1951
1916	1952
1917	1953
1918	1954
1919	1955
1920	1956
1921	1957
1922	1958
1923	1959
1924	1960
1925	1961
1926	1962
1927	1963
1928	1964
1929	1965
1930	1966
1931	1967
1932	1968
1933	1969
1934	1970
1935	1971
1936	1972
1937	1973
1938	1974
1939	1975
1940	1976
1941	1977
1942	1978
1943	1979
1944	1980
1945	1981
1946	1982
1947	1983
1948	1984
1949	1985
1950	1986
1951	1987
1952	1988
1953	1989
1954	1990
1955	1991
1956	1992
1957	1993
1958	1994
1959	1995
1960	1996
1961	1997
1962	1998
1963	1999
1964	2000
1965	2001
1966	2002
1967	2003
1968	2004
1969	2005
1970	2006
1971	2007
1972	2008
1973	2009
1974	2010
1975	2011
1976	2012
1977	2013
1978	2014
1979	2015
1980	2016
1981	2017
1982	2018
1983	2019
1984	2020
1985	2021
1986	2022
1987	2023
1988	2024
1989	2025
1990	2026
1991	2027
1992	2028
1993	2029
1994	2030
1995	2031
1996	2032
1997	2033
1998	2034
1999	2035
2000	2036
2001	2037
2002	2038
2003	2039
2004	2040
2005	2041
2006	2042
2007	2043
2008	2044
2009	2045
2010	2046
2011	2047
2012	2048
2013	2049
2014	2050
2015	2051
2016	2052
2017	2053
2018	2054
2019	2055
2020	2056
2021	2057
2022	2058
2023	2059
2024	2060
2025	2061
2026	2062
2027	2063
2028	2064
2029	2065
2030	2066
2031	2067
2032	2068
2033	2069
2034	2070
2035	2071
2036	2072
2037	2073
2038	2074
2039	2075
2040	2076
2041	2077
2042	2078
2043	2079
2044	2080
2045	2081
2046	2082
2047	2083
2048	2084
2049	2085
2050	2086
2051	2087
2052	2088
2053	2089
2054	2090
2055	2091
2056	2092
2057	2093
2058	2094
2059	2095
2060	2096
2061	2097
2062	2098
2063	2099
2064	2100
2065	2101
2066	2102
2067	2103
2068	2104
2069	2105
2070	2106
2071	2107
2072	2108
2073	2109
2074	2110
2075	2111
2076	2112
2077	2113
2078	2114
2079	2115
2080	2116
2081	2117
2082	2118
2083	2119
2084	2120
2085	2121
2086	2122
2087	2123
2088	2124
2089	2125
2090	2126
2091	2127
2092	2128
2093	2129
2094	2130
2095	2131
2096	2132
2097	2133
2098	2134
2099	2135
2100	2136
2101	2137
2102	2138
2103	2139
2104	2140
2105	2141
2106	2142
2107	2143
2108	2144
2109	2145
2110	2146
2111	2147
2112	2148
2113	2149
2114	2150
2115	2151
2116	2152
2117	2153
2118	2154
2119	2155
2120	2156
2121	2157
2122	2158
2123	2159
2124	2160
2125	2161
2126	2162
2127	2163
2128	2164
2129	2165
2130	2166
2131	2167
2132	2168
2133	2169
2134	2170
2135	2171
2136	2172
2137	2173
2138	2174
2139	2175
2140	2176
2141	2177
2142	2178
2143	2179
2144	2180
2145	2181
2146	2182
2147	2183
2148	2184
2149	2185
2150	2186
2151	2187
2152	2188
2153	2189
2154	2190
2155	2191
2156	2192
2157	2193
2158	2194
2159	2195
2160	2196
2161	2197
2162	2198
2163	2199
2164	2200
2165	2201
2166	2202
2167	2203
2168	2204
2169	2205
2170	2206
2171	2207
2172	2208
2173	2209
2174	2210
2175	2211
2176	2212
2177	2213
2178	2214
2179	2215
2180	2216
2181	2217
2182	2218
2183	2219
2184	2220
2185	2221
2186	2222
2187	2223
2188	2224
2189	2225
2190	2226
2191	2227
2192	2228
2193	2229
2194	2230
2195	2231
2196	2232
2197	2233
2198	2234
2199	2235
2200	2236
2201	2237
2202	2238
2203	2239
2204	2240
2205	2241
2206	2242
2207	2243
2208	2244
2209	2245
2210	2246
2211	2247
2212	2248
2213	2249
2214	2250
2215	2251
2216	2252
2217	2253
2218	2254
2219	2255
2220	2256
2221	2257
2222	2258
2223	2259
2224	2260
2225	2261
2226	2262
2227	2263
2228	2264
2229	2265
2230	2266
2231	2267
2232	2268
2233	2269
2234	2270
2235	2271
2236	2272
2237	2273
2238	2274
2239	2275
2240	2276
2241	2277
2242	2278
2243	2279
2244	2280
2245	2281
2246	2282
2247	2283
2248	2284
2249	2285
2250	2286
2251	2287
2252	2288
2253	2289
2254	2290
2255	2291
2256	2292
2257	2293
2258	2294
2259	2295
2260	2296
2261	2297
2262	2298
2263	2299
2264	2300
2265	2301
2266	2302
2267	2303
2268	2304
2269	2305
2270	2306
2271	2307
2272	2308
2273	2309
2274	2310
2275	2311
2276	2312
2277	2313
2278	2314
2279	2315
2280	2316
2281	2317
2282	2318
2283	2319
2284	2320
2285	2321
2286	2322
2287	2323
2288	2324
2289	2325
2290	2326
2291	2327
2292	2328
2293	2329
2294	2330
2295	2331
2296	2332
2297	2333
2298	2334
2299	2335
2300	2336
2301	2337
2302	2338
2303	2339
2304	2340
2305	2341
2306	2342
2307	2343
2308	2344
2309	2345
2310	2346
2311	2347
2312	2348
2313	2349
2314	2350
2315	2351
2316	2352
2317	2353
2318	2354
2319	2355
2320	2356
2321	2357
2322	2358
2323	2359
2324	2360
2325	2361
2326	2362
2327	2363
2328	2364
2329	2365
2330	2366
2331	2367
2332	2368
2333	2369
2334	2370
2335	2371
2336	2372
2337	2373
2338	2374
2339	2375
2340	2376
2341	2377
2342	2378
2343	2379
2344	2380
2345	2381
2346	2382
2347	2383
2348	2384
2349	2385
2350	2386
2351	2387
2352	2388
2353	2389
2354	2390
2355	2391
2356	2392
2357	2393
2358	2394
2359	2395
2360	2396
2361	2397
2362	2398
2363	2399
2364	2400
2365	2401
2366	2402
2367	2403
2368	2404
2369	2405
2370	2406
2371	2407
2372	2408
2373	2409
2374	2410
2375	2411
2376	2412
2377	2413
2378	2414
2379	2415
2380	2416
2381	2417
2382	2418
2383	2419
2384	2420
2385	2421
2386	2422
2387	2423
2388	2424
2389	2425
2390	2426
2391	2427
2392	2428
2393	2429
2394	2430
2395	2431
2396	2432
2397	2433
2398	2434
2399	2435
2400	2436
2401	2437
2402	2438
2403	2439
2404	2440
2405	2441
2406	2442
2407	2443
2408	2444
2409	2445
2410	2446
2411	2447
2412	2448
2413	2449
2414	2450
2415	2451
2416	2452
2417	2453
2418	2454
2419	2455
2420	2456
2421	2457
2422	2458
2423	2459
2424	2460
2425	2461
2426	2462
2427	2463
2428	2464
2429	2465
2430	2466
2431	2467
2432	2468
2433	2469
2434	2470
2435	2471
2436	2472
2437	2473
2438	2474
2439	2475
2440	2476
2441	2477
2442	2478
2443	2479
2444	2480
2445	2481
2446	2482
2447	2483
2448	2484
2449	2485
2450	2486
2451	2487
2452	2488
2453	2489
2454	2490
2455	2491
2456	2492
2457	2493
2458	2494
2459	2495
2460	2496
2461	2497
2462	2498
2463	2499
2464	2500
2465	2501
2466	2502
2467	2503
2468	2504
2469	2505
2470	2506
2471	2507
2472	2508
2473	2509
2474	2510
2475	2511
2476	2512
2477	2513
2478	2514
2479	2515
2480	2516
2481	2517
2482	2518
2483	2519
2484	2520
2485	2521
2486	2522
2487	2523
2488	2524
2489	2525
2490	2526
2491	2527
2492	2528
2493	2529
2494	2530
2495	2531
2496	2532
2497	2533
2498	2534
2499	2535
2500	2536
2501	2537
2502	2538
2503	2539
2504	2540
2505	2541
2506	2542
2507	2543
2508	2544
2509	2545
2510	2546
2511	2547
2512	2548
2513	2549
2514	2550
2515	2551
2516	2552
2517	2553
2518	2554
2519	2555
2520	2556
2521	2557
2522	2558
2523	2559
2524	2560
2525	2561
2526	2562
2527	2563
2528	2564
2529	2565
2530	2566
2531	2567
2532	2568
2533	2569
2534	2570
2535	2571
2536	2572
2537	2573
2538	2574
2539	2575
2540	2576
2541	2577
2542	2578
2543	2579
2544	2580
2545	2581
2546	2582
2547	2583
2548	2584
2549	2585
2550	2586
2551	2587
2552	2588
2553	2589
2554	2590
2555	2591
2556	2592
2557	2593
2558	2594
2559	2595
2560	2596
2561	2597
2562	2598
2563	2599
2564	2600
2565	2601
2566	2602
2567	2603
2568	2604
2569	2605
2570	2606
2571	2607
2572	2608
2573	2609
2574	2610
2575	2611
2576	2612
2577	2613
2578	2614
2579	2615
2580	2616
2581	2617
2582	2618
2583	2619
2584	2620
2585	2621
2586	2622
2587	2623
2588	2624
2589	2625
2590	2626
2591	2627
2592	2628
2593	2629
2594	2630
2595	2631
2596	2632
2597	2633
2598	2634
2599	2635
2600	2636
2601	2637
2602	2638
2603	2639
2604	2640
2605	2641
2606	2642
2607	2643
2608	2644
2609	2645
2610	2646
2611	2647
2612	2648
2613	2649
2614	2650
2615	2651
2616	2652
2617	2653
2618	2654
2619	2655
2620	2656
2621	2657
2622	2658
2623	2659
2624	2660
2625	2661
2626	2662
2627	2663
2628	2664
2629	2665
2630	2666
2631	2667
2632	2668
2633	2669
2634	2670
2635	2671
2636	2672
2637	2673
2638	2674
2639	2675
2640	2676
2641	2677
2642	2678
2643	2679
2644	2680
2645	2681
2646	2682
2647	2683
2648	2684
2649	2685
2650	2686
2651	2687
2652	2688
2653	2689
2654	2690
2655	2691
2656	2692
2657	2693
2658	2694
2659	2695
2660	2696
2661	2697
2662	2698
2663	2699
2664	2700
2665	2701
2666	2702
2667	2703
2668	2704
2669	2705
2670	2706
2671	2707
2672	2708
2673	2709
2674	2710
2675	2711
2676	2712
2677	2713
2678	2714
2679	2715
2680	2716
2681	2717
2682	2718
2683	2719
2684	2720
2685	2721
2686	2722
2687	2723
2688	2724
2689	2725
2690	2726
2691	2727
2692	2728
2693	2729
2694	2730
2695	2731
2696	2732
2697	2733
2698	2734
2699	2735
2700	2736
2701	2737
2702	2738
2703	2739
2704	2740
2705	2741
2706	2742
2707	2743
2708	2744
2709	2745
2710	2746
2711	2747
2712	2748
2713	2749
2714	2750
2715	2751
2716	2752
2717	2753
2718	2754
2719	2755
2720	2756
2721	2757
2722	2758
2723	2759
2724	2760
2725	2761
2726	2762
2727	2763
2728	2764
2729	2765
2730	2766
2731	2767
2732	2768
2733	2769
2734	2770
2735	2771
2736	2772
2737	2773
2738	2774
2739	2775
2740	2776
2741	2777
2742	2778
2743	2779
2744	2780
2745	2781
2746	2782
2747	2783
2748	2784
2749	2785
2750	2786
2751	2787
2752	2788
2753	2789
2754	2790
2755	2791
2756	2792
2757	2793
2758	2794
2759	2795
2760	2796
2761	2797
2762	2798
2763	2799
2764	2800
2765	2801
2766	2802
2767	2803
2768	2804
2769	2805
2770	2806
2771	2807
2772	2808
2773	2809
2774	2810
2775	2811
2776	2812
2777	2813
2778	2814
2779	2815
2780	2816
2781	2817
2782	2818
2783	2819
2784	2820
2785	2821
2786	2822
2787	2823
2788	2824
2789	2825
2790	2826
2791	2827
2792	2828
2793	2829
2794	2830
2795	2831
2796	2832
2797	2833
2798	2834
2799	2835
2800	2836
2801	2837
2802	2838
2803	2839
2804	2840
2805	2841
2806	2842
2807	2843
2808	2844
2809	2845
2810	2846
2811	2847
2812	2848
2813	2849
2814	2850
2815	2851
2816	2852
2817	2853
2818	2854
2819	2855
2820	2856
2821	2857
2822	2858
2823	2859
2824	2860
2825	2861
2826	2862
2827	2863
2828	2864
2829	2865
2830	2866
2831	2867
2832	2868
2833	2869
2834	2870
2835	2871
2836	2872
2837	2873
2838	2874
2839	2875
2840	2876
2841	2877
2842	2878
2843	2879
2844	2880
2845	2881
2846	2882
2847	2883
2848	2884
2849	2885
2850	2886
2851	2887
2852	2888
2853	2889
2854	2890
2855	2891
2856	2892
2857	2893
2858	2894
2859	2895
2860	2896
2861	2897
2862	2898
2863	2899
2864	2900
2865	2901
2866	2902
2867	2903
2868	2904
2869	2905
2870	2906
2871	2907
2872	2908
2873	2909
2874	2910
2875	2911
2876	2912
2877	2913
2878	2914
2879	2915
2880	2916
2881	2917
2882	2918
2883	2919
2884	2920
2885	2921
2886	2922
2887	2923
2888	2924
2889	2925
2890	2926
2891	2927
2892	2928
2893	2929
2894	2930
2895	2931
2896	2932
2897	2933
2898	2934
2899	2935
2900	2936
2901	2937
2902	2938
2903	2939
2904	2940
2905	2941
2906	2942
2907	2943
2908	2944
2909	2945
2910	2946
2911	2947
2912	2948
2913	2949
2914	2950
2915	2951
2916	2952
2917	2953
2918	2954
2919	2955
2920	2956
2921	2957
2922	2958
2923	2959
2924	2960
2925	2961
2926	2962
2927	2963
2928	2964
2929	2965
2930	2966
2931	2967
2932	2968
2933	2969
2934	2970
2935	2971
2936	2972
2937	2973
2938	2974
2939	2975
2940	2976
2941	2977
2942	2978
2943	2979
2944	2980
2945	2981
2946	2982
2947	2983
2948	2984
2949	2985
2950	2986
2951	2987
2952	2988
2953	2989
2954	2990
2955	2991
2956	2992
2957	2993
2958	2994
2959	2995
2960	2996
2961	2997
2962	2998
2963	2999
2964	3000
2965	3001
2966	3002
2967	3003
2968	3004
2969	3005
2970	3006
2971	3007
2972	3008
2973	3009
2974	3010
2975	3011
2976	3012
2977	3013
2978	3014
2979	3015
2980	3016
2981	3017
2982	3018
2983	3019
2984	3020
2985	3021
2986	3022
2987	3023
2988	3024
2989	3025
2990	3026
2991	3027
2992	3028
2993	3029
2994	3030
2995	3031
2996	3032
2997	3033
2998	3034
2999	3035
3000	3036
3001	3037
3002	3038
3003	3039
3004	3040
3005	3041
3006	3042
3007	3043
3008	3044
3009	3045
3010	3046
3011	3047
3012	3048
3013	3049
3014	3050
3015	3051
3016	3052
3017	3053
3018	3054
3019	3055
3020	3056
3021	3057
3022	3058
3023	3059
3024	3060
3025	3061
3026	3062
3027	3063
3028	3064
3029	3065
3030	3066
3031	3067
3032	3068
3033	3069
3034	3070
3035	3071
3036	3072
3037	3073
3038	3074
3039	3075
3040	3076
3041	3077
3042	3078
3043	3079
3044	3080
3045	3081
3046	3082
3047	3083
3048	3084
3049	3085
3050	3086
3051	3087
3052	3088
3053	3089
3054	3090
3055	3091
3056	3092
3057	3093
3058	3094
3059	3095
3060	3096
3061	3097
3062	3098
3063	3099
3064	3100
3065	3101
3066	3102
3067	3103
3068	3104
3069	3105
3070	3106
3071	3107
3072	3108
3073	3109
3074	3110
3075	3111
3076	3112
3077	3113
3078	3114
3079	3115
3080	3116
3081	3117
3082	3118
3083	3119
3084	3120
3085	3121
3086	3122
3087	3123
3088	3124
3089	3125
3090	3126
3091	3127
3092	3128
3093	3129
3094	3130
3095	3131
3096	3132
3097	3133
3098	3134
3099	3135
3100	3136
3101	3137
3102	3138
3103	3139
3104	3140
3105	3141
3106	3142
3107	3143
3108	3144
3109	3145
3110	3146
3111	3147
3112	3148
3113	3149
3114	3150
3115	3151
3116	3152
3117	3153
3118	3154
3119	3155
3120	3156
3121	3157
3122	3158
3123	3159
3124	3160
3125	3161
3126	3162
3127	3163
3128	3164
3129	3165
3130	3166
3131	3167
3132	3168
3133	3169
3134	3170
3135	3171
3136	3172
3137	3173
3138	3174
3139	3175
3140	3176
3141	3177
3142	3178
3143	3179
3144	3180
3145	3181
3146	3182
3147	3183
3148	3184
3149	3185
3150	3186
3151	3187
3152	3188
3153	3189
3154	3190
3155	3191
3156	3192
3157	3193
3158	3194
3159	3195
3160	3196
3161	3197
3162	3198
3163	3199
3164	3200
3165	3201
3166	3202
3167	3203
3168	3204
3169	3205
3170	3206
3171	3207
3172	3208
3173	3209
3174	3210
3175	3211
3176	3212
3177	3213
3178	3214
3179	3215
3180	3216
3181	3217
3182	3218
3183	3219
3184	3220
3185	3221
3186	3222
3187	3223
3188	3224
3189	3225
3190	3226
3191	3227
3192	3228
3193	3229
3194	3230
3195	3231
3196	3232
3197	3233
3198	3234
3199	3235
3200	3236
3201	3237
3202	3238
3203	3239
3204	3240
3205	3241
3206	3242
3207	3243
3208	3244
3209	3245
3210	3246
3211	3247
3212	3248
3213	3249
3214	3250
3215	3251
3216	3252
3217	3253
3218	3254
3219	3255
3220	3256
3221	3257
3222	3258
3223	3259
3224	3260
3225	3261
3226	3262
3227	3263
3228	3264
3229	3265
3230	3266
3231	3267
3232	3268
3233	3269
3234	3270
3235	3271
3236	3272
3237	3273
3238	3274
3239	3275
3240	3276
3241	3277
3242	3278
3243	3279
3244	3280
3245	3281
3246	3282
3247	3283
3248	3284
3249	3285
3250	3286
3251	3287
3252	3288
3253	3289
3254	3290
3255	3291
3256	3292
3257	3293
3258	3294
3259	3295
3260	3296
3261	3297
3262	3298
3263	3299
3264	3300
3265	3301
3266	3302
3267	3303
3268	3304
3269	3305
3270	3306
3271	3307
3272	3308
3273	3309
3274	3310
3275	3311
3276	3312
3277	3313
3278	3314
3279	3315
3280	3316
3281	3317
3282	3318
3283	3319
3284	3320
3285	3321
3286	3322
3287	3323
3288	3324
3289	3325
3290	3326
3291	3327
3292	3328
3293	3329
3294	3330
3295	3331
3296	3332
3297	3333
3298	3334
3299	3335
3300	3336
3301	3337
3302	3338
3303	3339
3304	3340
3305	3341
3306	3342
3307	3343
3308	3344
3309	3345
3310	3346
3311	3347
3312	3348
3313	3349
3314	3350
3315	3351
3316	3352
3317	3353
3318	3354
3319	3355
3320	3356
3321	3357
3322	3358
3323	3359
3324	3360
3325	3361
3326	3362
3327	3363
3328	3364
3329	3365
3330	3366
3331	3367
3332	3368
3333	3369
3334	3370
3335	3371
3336	3372
3337	3373
3338	3374
3339	3375
3340	3376
3341	3377
3342	3378
3343	3379
3344	3380
3345	3381
3346	3382
3347	3383
3348	3384
3349	3385
3350	3386
3351	3387
3352	3388
3353	3389
3354	3390
3355	3391
3356	3392
3357	3393
3358	3394
3359	3395
3360	3396
3361	3397
3362	3398
3363	3399
3364	3400
3365	3401
3366	3402
3367	3403
3368	3404
3369	3405
3370	3406
3371	3407
3372	3408
3373	3409
3374	3410
3375	3411
3376	3412
3377	3413
3378	3414
3379	3415
3380	3416
3381	3417
3382	3418
3383	3419
3384	3420
3385	3421
3386	3422
3387	3423
3388	3424
3389	3425
3390	3426
3391	3427
3392	3428
3393	3429
3394	3430
3395	3431
3396	3432
3397	3433
3398	3434
3399	3435
3400	3436
3401	3437
3402	3438
3403	3439
3404	3440
3405	3441
3406	3442
3407	3443
3408	3444
3409	3445
3410	3446
3411	3447
3412	3448
3413	3449
3414	3450
3415	3451
3416	3452
3417	3453
3418	3454
3419	3455
3420	3456
3421	3457
3422	3458
3423	3459
3424	3460
3425	3461
3426	3462
3427	3463
3428	3464
3429	3465
3430	3466
3431	3467
3432	3468
3433	3469
3434	3470
3435	3471
3436	3472
3437	3473
3438	3474
3439	3475
3440	3476
3441	3477
3442	3478
3443	3479
3444	3480
3445	3481
3446	3482
3447	3483
3448	3484
3449	3485
3450	3486
3451	3487
3452	3488
3453	3489
3454	3490
3455	3491
3456	3492
3457	3493
3458	3494
3459	3495
3460	3496
3461	3497
3462	3498
3463	3499
3464	3500
3465	3501
3466	3502
3467	3503
3468	3504
3469	3505
3470	3506
3471	3507
3472	3508
3473	3509
3474	3510
3475	3511
3476	3512
3477	3513
3478	3514
3479	3515
3480	3516
3481	3517
3482	3518
3483	3519
3484	3520
3485	3521
3486	3522
3487	3523
3488	3524
3489	3525
3490	3526
3491	3527
3492	3528
3493	3529
3494	3530
3495	3531
3496	3532
3497	3533
3498	3534
3499	3535
3500	3536
3501	3537
3502	3538
3503	3539
3504	3540
3505	3541
3506	3542
3507	3543
3508	3544
3509	3545
3510	3546
3511	3547
3512	3548
3513	3549
3514	3550
3515	3551
3516	3552
3517	3553
3518	3554
3519	3555
3520	3556
3521	3557
3522	3558
3523	3559
3524	3560
3525	3561
3526	3562
3527	3563
3528	3564
3529	3565
3530	3566
3531	3567
3532	3568
3533	3569
3534	3570
3535	3571
3536	3572
3537	3573
3538	3574
3539	3575
3540	3576
3541	3577
3542	3578
3543	3579
3544	3580
3545	3581
3546	3582
3547	3583
3548	3584
3549	3585
3550	3586
3551	3587
3552	3588
3553	3589
3554	3590
3555	3591
3556	3592
3557	3593
3558	3594
3559	3595
3560	3596
3561	3597
3562	3598
3563	3599
3564	3600
3565	3601
3566	3602
3567	3603
3568	3604
3569	3605
3570	3606
3571	3607
3572	3608
3573	3609
3574	3610
3575	3611
3576	3612
3577	3613
3578	3614
3579	3615
3580	3616
3581	3617
3582	3618
3583	3619
3584	3620
3585	3621
3586	3622
3587	3623
3588	3624
3589	3625
3590	3626
3591	3627
3592	3628
3593	3629
3594	3630
3595	3631
3596	3632
3597	3633
3598	3634
3599	3635
3600	3636
3601	3637
3602	3638
3603	3639
3604	3640
3605	3641
3606	3642
3607	3643
3608	3644
3609	3645
3610	3646
3611	3647
3612	3648
3613	3649
3614	3650
3615	3651
3616	3652
3617	3653
3618	3654
3619	3655
3620	3656
3621	3657
3622	3658
3623	3659
3624	3660
3625	3661
3626	3662
3627	3663
3628	3664
3629	3665
3630	3666
3631	3667
3632	3668
3633	3669
3634	3670
3635	3671
3636	3672
3637	3673
3638	3674
3639	3675
3640	3676
3641	3677
3642	3678
3643	3679
3644	3680
3645	3681
3646	3682
3647	3683
3648	3684
3649	3685
3650	3686
3651	3687
3652	3688
3653	3689
3654	3690
3655	3691
3656	3692
3657	3693
3658	3694
3659	3695
3660	3696
3661	3697
3662	3698
3663	3699
3664	3700
3665	3701
3666	3702
3667	3703
3668	3704
3669	3705
3670	3706
3671	3707
3672	3708
3673	3709
3674	3710
3675	3711
3676	3712
3677	3713
3678	3714
3679	3715
3680	3716
3681	3717
3682	3718
3683	3719
3684	3720
3685	3721
3686	3722
3687	3723
3688	3724
3689	3725
3690	3726
3691	3727
3692	3728
3693	3729
3694	3730
3695	3731
3696	3732
3697	3733
3698	3734
3699	3735
3700	3736
3701	3737
3702	3738
3703	3739
3704	3740
3705	3741
3706	3742
3707	3743
3708	3744
3709	3745
3710	3746
3711	3747
3712	3748
3713	3749
3714	3750
3715	3751
3716	3752
3717	3753
3718	3754
3719	3755
3720	3756
3721	3757
3722	3758
3723	3759
3724	3760
3725	3761
3726	3762
3727	3763
3728	3764
3729	3765
3730	3766
3731	3767
3732	3768
3733	3769
3734	3770
3735	3771
3736	3772
3737	3773
3738	3774
3739	3775
3740	3776
3741	3777
3742	3778
3743	3779
3744	3780
3745	3781
3746	3782
3747	3783
3748	3784
3749	3785
3750	3786
3751	3787
3752	3788
3753	3789
3754	3790
3755	3791
3756	3792
3757	3793
3758	3794
3759	3795
3760	3796
3761	3797
3762	3798
3763	3799
3764	3800
3765	3801
3766	3802
3767	3803
3768	3804
3769	3805
3770	3806
3771	3807
3772	3808
3773	3809
3774	3810
3775	3811
3776	3812
3777	3813
3778	3814
3779	3815
3780	3816
3781	3817
3782	3818
3783	3819
3784	3820
3785	3821
3786	3822
3787	3823
3788	3824
3789	3825
3790	3826
3791	3827
3792	3828
3793	3829
3794	3830
3795	3831
3796	3832
3797	3833
3798	3834
3799	3835
3800	3836
3801	3837
3802	3838
3803	3839
3804	3840
3805	3841
3806	3842
3807	3843
3808	3844
3809	3845
3810	3846
3811	3847
3812	3848
3813	3849
3814	3850
3815	3851
3816	3852
3817	3853
3818	3854
3819	3855
3820	3856
3821	3857
3822	3858
3823	3859
3824	3860
3825	3861
3826	3862
3827	3863
3828	3864
3829	3865
3830	3866
3831	3867
3832	3868
3833	3869
3834	3870
3835	3871
3836	3872
3837	3873
3838	3874
3839	3875
3840	3876
3841	3877
3842	3878
3843	3879
3844	3880
3845	3881
3846	3882
3847	3883
3848	3884
3849	3885
3850	3886
3851	3887
3852	3888
3853	3889
3854	3890
3855	3891
3856	3892
3857	3893
3858	3894
3859	3895
3860	3896
3861	3897
3862	3898
3863	3899
3864	3900
3865	3901
3866	3902
3867	3903
3868	3904
3869	3905
3870	3906
3871	3907
3872	3908
3873	3909
3874	3910
3875	3911
3876	3912
3877	3913
3878	3914
3879	3915
3880	3916
3881	3917
3882	3918
3883	3919
3884	3920
3885	3921
3886	3922
3887	3923
3888	3924
3889	3925
3890	3926
3891	3927
3892	3928
3893	3929
3894	3930
3895	3931
3896	3932
3897	3933
3898	3934
3899	3935
3900	3936
3901	3937
3902	3938
3903	3939
3904	3940
3905	3941
3906	3942
3907	3943
3908	3944
3909	3945
3910	3946
3911	3947
3912	3948
3913	3949
3914	3950
3915	3951
3916	3952
3917	3953
3918	3954
3919	3955
3920	3956
3921	3957
3922	3958
3923	3959
3924	3960
3925	3961
3926	3962
3927	3963
3928	3964
3929	3965
3930	3966
3931	3967
3932	3968
3933	3969
3934	3970
3935	3971
3936	3972
3937	3973
3938	3974
3939	3975
3940	3976
3941	3977
3942	3978
3943	3979
3944	3980
3945	3981
3946	3982
3947	3983
3948	3984
3949	3985
3950	3986
3951	3987
3952	3988
3953	3989
3954	3990
3955	3991
3956	3992
3957	3993
3958	3994
3959	3995
3960	3996
3961	3997
3962	3998
3963	3999
3964	4000
3965	4001
3966	4002
3967	4003
3968	4004
3969	4005
3970	4006
3971	4007
3972	4008
3973	4009
3974	4010
3975	4011
3976	4012
3977	4013
3978	4014
3979	4015
3980	4016
3981	4017
3982	4018
3983	4019
3984	4020
3985	4021
3986	4022
3987	4023
3988	4024
3989	4025
3990	4026
3991	4027
3992	4028
3993	4029
3994	4030
3995	4031
3996	4032
3997	4033
3998	4034
3999	4035
4000	4036
4001	4037
4002	4038
4003	4039
4004	4040
4005	4041
4006	4042
4007	4043
4008	4044
4009	4045
4010	4046
4011	4047
4012	4048
4013	4049
4014	4050
4015	4051
4016	4052
4017	4053
4018	4054
4019	4055
4020	4056
4021	4057
4022	4058
4023	4059
4024	4060
4025	4061
4026	4062
4027	4063
4028	4064
4029	4065
4030	4066
4031	4067
4032	4068
4033	4069
4034	4070
4035	4071
4036	4072
4037	4073
4038	4074
4039	4075
4040	4076
4041	4077
4042	4078
4043	4079
4044	4080
4045	4081
4046	4082
4047	4083
4048	4084
4049	4085
4050	4086
4051	4087
4052	4088
4053	4089
4054	4090
4055	4091
4056	4092
4057	4093
4058	4094
4059	4095
4060	4096
4061	4097
4062	4098
4063	4099
4064	4100
4065	4101
4066	4102
4067	4103
4068	4104
4069	4105
4070	4106
4071	4107
4072	4108
4073	4109
4074	4110
4075	4111
4076	4112
4077	4113
4078	4114
4079	4115
4080	4116
4081	4117
4082	4118
4083	4119
4084	4120
4085	4121
4086	4122
4087	4123
4088	4124
4089	4125
4090	4126
4091	4127
4092	4128
4093	4129
4094	4130
4095	4131
4096	4132
4097	4133
4098	4134
4099	4135
4100	4136
4101	4137
4102	4138
4103	4139
4104	4140
4105	4141
4106	4142
4107	4143
4108	4144
4109	4145
4110	4146
4111	4147
4112	4148
4113	4149
4114	4150
4115	4151
4116	4152
4117	4153
4118	4154
4119	4155
4120	4156
4121	4157
4122	4158
4123	4159
4124	4160
4125	4161
4126	4162
4127	4163
4128	4164
4129	4165
4130	4166
4131	4167
4132	4168
4133	4169
4134	4170
4135	4171
4136	4172
4137	4173
4138	4174
4139	4175
4140	4176
4141	4177
4142	4178
4143	4179
4144	4180
4145	4181
4146	4182
4147	4183
4148	4184
4149	4185
4150	4186
4151	4187
4152	4188
4153	4189
4154	4190
4155	4191
4156	4192
4157	4193
4158	4194
4159	4195
4160	4196
4161	4197
4162	4198
4163	4199
4164	4200
4165	4201
4166	4202
4167	4203
4168	4204
4169	4205
4170	4206
4171	4207
4172	4208
4173	4209
4174	4210
4175	4211
4176	4212
4177	4213
4178	4214
4179	4215
4180	4216
4181	4217
4182	4218
4183	4219
4184	4220
4185	4221
4186	4222
4187	4223
4188	4224
4189	4225
4190	4226
4191	4227
4192	4228
4193	4229
4194	4230
4195	4231
4196	4232
4197	4233
4198	4234
4199	4235
4200	4236
4201	4237
4202	4238
4203	4239
4204	4240
4205	4241
4206	4242
4207	4243
4208	4244
4209	4245
4210	4246
4211	4247
4212	4248
4213	4249
4214	4250
4215	4251
4216	4252
4217	4253
4218	4254
4219	4255
4220	4256
4221	4257
4222	4258
4223	4259
4224	4260
4225	4261
4226	4262
4227	4263
4228	4264
4229	4265
4230	4266
4231	4267
4232	4268
4233	4269
4234	4270
4235	4271
4236	4272
4237	4273
4238	4274
4239	4275
4240	4276
4241	4277
4242	4278
4243	4279
4244	4280
4245	4281
4246	4282
4247	4283
4248	4284
4249	4285
4250	4286
4251	4287
4252	4288
4253	4289
4254	4290
4255	4291
4256	4292
4257	4293
4258	4294
4259	4295
4260	4296
4261	4297
4262	4298
4263	4299
4264	4300
4265	4301
4266	4302
4267	4303
4268	4304
4269	4305
4270	4306
4271	4307
4272	4308
4273	4309
4274	4310
4275	4311
4276	4312
4277	4313
4278	4314
4279	4315
4280	4316
4281	4317
4282	4318
4283	4319
4284	4320
4285	4321
4286	4322
4287	4323
4288	4324
4289	4325
4290	4326
4291	4327
4292	4328
4293	4329
4294	4330
4295	4331
4296	4332
4297	4333
4298	4334
4299	4335
4300	4336
4301	4337
4302	4338
4303	4339
4304	4340
4305	4341
4306	4342
4307	4343
4308	4344
4309	4345
4310	4346
4311	4347
4312	4348
4313	4349
4314	4350
4315	4351
4316	4352
4317	4353
4318	4354
4319	4355
4320	4356
4321	4357
4322	4358
4323	4359
4324	4360
4325	4361
4326	4362
4327	4363
4328	4364
4329	4365
4330	4366
4331	4367
4332	4368
4333	4369
4334	4370
4335	4371
4336	4372
4337	4373
4338	4374
4339	4375
4340	4376
4341	4377
4342	4378
4343	4379
4344	4380
4345	4381
4346	4382
4347	4383
4348	4384
4349	4385
4350	4386
4351	4387
4352	4388
4353	4389
4354	4390
4355	4391
4356	4392
4357	4393
4358	4394
4359	4395
4360	4396
4361	4397
4362	4398
4363	4399
4364	4400
4365	4401
4366	4402
4367	4403
4368	4404
4369	4405
4370	4406
4371	4407
4372	4408
4373	4409
4374	4410
4375	4411
4376	4412
4377	4413
4378	4414
4379	4415
4380	4416
4381	4417
4382	4418
4383	4419
4384	4420
4385	4421
4386	4422
4387	4423
4388	4424
4389	4425
4390	4426
4391	4427
4392	4428
4393	4429
4394	4430
4395	4431
4396	4432
4397	4433
4398	4434
4399	4435
4400	4436
4401	4437
4402	4438
4403	4439
4404	4440
4405	4441
4406	4442
4407	4443
4408	4444
4409	4445
4410	4446
4411	4447
4412	4448
4413	4449
4414	4450
4415	4451
4416	4452
4417	4453
4418	4454
4419	4455
4420	4456
4421	4457
4422	4458
4423	4459
4424	4460
4425	4461
4426	4462
4427	4463
4428	4464
4429	4465
4430	4466
4431	4467
4432	4468
4433	4469
4434	4470
4435	4471
4436	4472
4437	4473
4438	4474
4439	4475
4440	4476
4441	4477
4442	4478
4443	4479
4444	4480
4445	4481
4446	4482
4447	4483
4448	4484
4449	4485
4450	4486
4451	4487
4452	4488
4453	4489
4454	4490
4455	4491
4456	4492
4457	4493
4458	4494
4459	4495
4460	4496
4461	4497
4462	4498
4463	4499
4464	4500
4465	4501
4466	4502
4467	4503
4468	4504
4469	4505
4470	4506
4471	4507
4472	4508
4473	4509
4474	4510
4475	4511
4476	4512
4477	4513
4478	4514
4479	4515
4480	4516
4481	4517
4482	4518
4483	4519
4484	4520
4485	4521
4486	4522
4487	4523
4488	4524
4489	4525
4490	4526
4491	4527
4492	4528
4493	4529
4494	4530
4495	4531
4496	4532
4497	4533
4498	4534
4499	4535
4500	4536
4501	4537
4502	4538
4503	4539
4504	4540
4505	4541
4506	4542
4507	4543
4508	4544
4509	4545
4510	4546
4511	4547
4512	4548
4513	4549
4514	4550
4515	4551
4516	4552
4517	4553
4518	4554
4519	4555
4520	4556
4521	4557
4522	4558
4523	4559
4524	4560
4525	4561
4526	4562
4527	4563
4528	4564
4529	4565
4530	4566
4531	4567
4532	4568
4533	4569
4534	4570
4535	4571
4536	4572
4537	4573
4538	4574
4539	4575
4540	4576
4541	4577
4542	4578
4543	4579
4544	4580
4545	4581
4546	4582
4547	4583
4548	4584
4549	4585
4550	4586
4551	4587
4552	4588
4553	4589
4554	4590
4555	4591
4556	4592
4557	4593
4558	4594
4559	4595
4560	4596
4561	4597
4562	4598
4563	4599
4564	4600
4565	4601
4566	4602
4567	4603
4568	4604
4569	4605
4570	4606
4571	4607
4572	4608
4573	4609
4574	4610
4575	4611
4576	4612
4577	4613
4578	4614
4579	4615
4580	4616
4581	4617
4582	4618
4583	4619
4584	4620
4585	4621
4586	4622
4587	4623
4588	4624
4589	4625
4590	4626
4591	4627
4592	4628
4593	4629
4594	4630
4595	4631
4596	4632
4597	4633
4598	4634
4599	4635
4600	4636
4601	4637
4602	4638
4603	4639
4604	4640
4605	4641
4606	4642
4607	4643
4608	4644
4609	4645
4610	4646
4611	4647
4612	4648
4613	4649
4614	4650
4615	4651
4616	4652
4617	4653
4618	4654
4619	4655
4620	4656
4621	4657
4622	4658
4623	4659
4624	4660
4625	4661
4626	4662
4627	4663
4628	4664
4629	4665
4630	4666
4631	4667
4632	4668
4633	4669
4634	4670
4635	4671
4636	4672
4637	4673
4638	4674
4639	4675
4640	4676
4641	4677
4642	4678
4643	4679
4644	4680
4645	4681
4646	4682
4647	4683
4648	4684
4649	4685
4650	4686
4651	4687
4652	4688
4653	4689
4654	4690
4655	4691
4656	4692
4657	4693
4658	4694
4659	4695
4660	4696
4661	4697
4662	4698
4663	4699
4664	4700
4665	4701
4666	4702
4667	4703
4668	4704
4669	4705
4670	4706
4671	4707
4672	4708
4673	4709
4674	4710
4675	4711
4676	4712
4677	4713
4678	4714
4679	4715
4680	4716
4681	4717
4682	4718
4683	4719
4684	4720
4685	4721
4686	4722
4687	4723
4688	4724
4689	4725
4690	4726
4691	4727
4692	4728
4693	4729
4694	4730
4695	4731
4696	4732
4697	4733
4698	4734
4699	4735
4700	4736
4701	4737
4702	4738
4703	4739
4704	4740
4705	4741
4706	4742
4707	4743
4708	4744
4709	4745
4710	4746
4711	4747
4712	4748
4713	4749
4714	4750
4715	4751
4716	4752
4717	4753
4718	4754
4719	4755
4720	4756
4721	4757
4722	4758
4723	4759
4724	4760
4725	4761
4726	4762
4727	4763
4728	4764
4729	4765
4730	4766
4731	4767
4732	4768
4733	4769
4734	4770
4735	4771
4736	4772
4737	4773
4738	4774
4739	4775
4740	4776
4741	4777
4742	4778
4743	4779
4744	4780
4745	4781
4746	4782
4747	4783
4748	4784
4749	4785
4750	4786
4751	4787
4752	4788
4753	4789
4754	4790
4755	4791
4756	4792
4757	4793
4758	4794
4759	4795
4760	4796
4761	4797
4762	4798
4763	4799
4764	4800
4765	4801
4766	4802
4767	4803
4768	4804
4769	4805
4770	4806
4771	4807
4772	4808
4773	4809
4774	4810
4775	4811
4776	4812
4777	4813
4778	4814
4779	4815
4780	4816
4781	4817
4782	4818
4783	4819
4784	4820
4785	4821
4786	4822
4787	4823
4788	4824
4789	4825
4790	4826
4791	4827
4792	4828
4793	4829
4794	4830
4795	4831
4796	4832
4797	4833
4798	4834
4799	4835
4800	4836
4801	4837
4802	4838
4803	4839
4804	4840
4805	4841
4806	4842
4807	4843
4808	4844
4809	4845
4810	4846
4811	4847
4812	4848
4813	4849
4814	4850
4815	4851
4816	4852
4817	4853
4818	4854
4819	4855
4820	4856
4821	4857
4822	4858
4823	4859
4824	4860
4825	4861
4826	4862
4827	4863
4828	4864
4829	4865
4830	4866
4831	4867
4832	4868
4833	4869
4834	4870
4835	4871
4836	4872
4837	4873
4838	4874
4839	4875
4840	4876
4841	4877
4842	4878
4843	4879
4844	4880
4845	4881
4846	4882
4847	4883
4848	4884
4849	4885
4850	4886
4851	4887
4852	4888
4853	4889
4854	4890
4855	4891
4856	4892
4857	4893
4858	4894
4859	4895
4860	4896
4861	4897
4862	4898
4863	4899
4864	4900
4865	4901
4866	4902
4867	4903
4868	4904
4869	4905
4870	4906
4871	4907
4872	4908
4873	4909
4874	4910
4875	4911
4876	4912
4877	4913
4878	4914
4879	4915
4880	4916
4881	4917
4882	4918
4883	4919
4884	4920
4885	4921
4886	4922
4887	4923
4888	4924
4889	4925
4890	4926
4891	4927
4892	4928
4893	4929
4894	4930
4895	4931
4896	4932
4897	4933
4898	4934
4899	4935
4900	4936
4901	4937
4902	4938
4903	4939
4904	4940
4905	4941
4906	4942
4907	4943
4908	4944
4909	4945
4910	4946
4911	4947
4912	4948
4913	4949
4914	4950
4915	4951
4916	4952
4917	4953
4918	4954
4919	4955
4920	4956
4921	4957
4922	4958
4923	4959
4924	4960
4925	4961
4926	4962
4927	4963
4928	4964
4929	4965
4930	4966
4931	4967
4932	4968
4933	4969
4934	4970
4935	4971
4936	4972
4937	4973
4938	4974
4939	4975
4940	4976
4941	4977
4942	4978
4943	4979
4944	4980
4945	4981
4946	4982
4947	4983
4948	4984
4949	4985
4950	4986
4951	4987
4952	4988
4953	4989
4954	4990
4955	4991
4956	4992
4957	4993
4958	4994
4959	4995
4960	4996
4961	4997
4962	4998
4963	4999
4964	5000
4965	5001
4966	5002
4967	5003
4968	5004
4969	5005
4970	5006
4971	5007
4972	5008
4973	5009
4974	5010
4975	5011
4976	5012
4977	5013
4978	5014
4979	5015
4980	5016
4981	5017
4982	5018
4983	5019
4984	5020
4985	5021
4986	5022
4987	5023
4988	5024
4989	5025
4990	5026
4991	5027
4992	5028
4993	5029
4994	5030
4995	5031
4996	5032
4997	5033
4998	5034
4999	5035
5000	5036
5001	5037
5002	5038
5003	5039
5004	5040
5005	5041
5006	5042
5007	5043
5008	5044
5009	5045
5010	5046
5011	5047
5012	5048
5013	5049
5014	5050
5015	5051
5016	5052
5017	5053
5018	5054
5019	5055
5020	5056
5021	5057
5022	5058
5023	5059
5024	5060
5025	5061
5026	5062
5027	5063
5028	5064
5029	5065
5030	5066
5031	5067
5032	5068
5033	5069
5034	5070
5035	5071
5036	5072
5037	5073
5038	5074
5039	5075
5040	5076
5041	5077
5042	5078
5043	5079
5044	5080
5045	5081
5046	5082
5047	5083
5048	5084
5049	5085
5050	5086
5051	5087
5052	5088
5053	5089
5054	5090
5055	5091
5056	5092
5057	5093
5058	5094
5059	5095
5060	5096
5061	5097
5062	5098
5063	5099
5064	5100
5065	5101
5066	5102
5067	5103
5068	5104
5069	5105
5070	5106
5071	5107
5072	5108
5073	5109
5074	5110
5075	5111
5076	5112
5077	5113
5078	5114
5079	5115
5080	5116
5081	5117
5082	5118
5083	5119
5084	5120
5085	5121
5086	5122
5087	5123
5088	5124
5089	5125
5090	5126
5091	5127
5092	5128
5093	5129
5094	5130
5095	5131
5096	5132
5097	5133
5098	5134
5099	5135
5100	5136
5101	5137
5102	5138
5103	5139
5104	5140
5105	5141
5106	5142
5107	5143
5108	5144
5109	5145
5110	5146
5111	5147
5112	5148
5113	5149
5114	5150
5115	5151
5116	5152
5117	5153
5118	5154
5119	5155
5120	5156
5121	5157
5122	5158
5123	5159
5124	5160
5125	5161
5126	5162
5127	5163
5128	5164
5129	5165
5130	5166
5131	5167
5132	5168
5133	5169
5134	5170
5135	5171
5136	5172
5137	5173
5138	5174
5139	5175
5140	5176
5141	5177
5142	5178
5143	5179
5144	5180
5145	5181
5146	5182
5147	5183
5148	5184
5149	5185
5150	5186
5151	5187
5152	5188
5153	5189
5154	5190
5155	5191
5156	5192
5157	5193
5158	5194
5159	5195
5160	5196
5161	5197
5162	5198
5163	5199
5164	5200
5165	5201
5166	5202
5167	5203
5168	5204
5169	5205
5170	5206
5171	5207
5172	5208
5173	5209
5174	5210
5175	5211
5176	5212
5177	5213
5178	5214
5179	5215
5180	5216
5181	5217
5182	5218
5183	5219
5184	5220
5185	5221
5186	5222
5187	5223
5188	5224
5189	5225
5190	5226
5191	5227
5192	5228
5193	5229
5194	5230
5195	5231
5196	5232
5197	5233
5198	5234
5199	5235
5200	5236
5201	5237
5202	5238
5203	5239
5204	5240
5205	5241
5206	5242
5207	5243
5208	5244
5209	5245
5210	5246
5211	5247
5212	5248
5213	5249
5214	5250
5215	5251
5216	5252
5217	5253
5218	5254
5219	5255
5220	5256
5221	5257
5222	5258
5223	5259
5224	5260
5225	5261
5226	5262
5227	5263
5228	5264
5229	5265
5230	5266
5231	5267
5232	5268
5233	5269
5234	5270
5235	5271
5236	5272
5237	5273
5238	5274
5239	5275
5240	5276
5241	5277
5242	5278
5243	5279
5244	5280
5245	5281
5246	5282
5247	5283
5248	5284
5249	5285
5250	5286
5251	5287
5252	5288
5253	5289
5254	5290
5255	5291
5256	5292
5257	5293
5258	5294
5259	5295
5260	5296
5261	5297
5262	5298
5263	5299
5264	5300
5265	5301
5266	5302
5267	5303
5268	5304
5269	5305
5270	5306
5271	5307
5272	5308
5273	5309
5274	5310
5275	5311
5276	5312
5277	5313
5278	5314
5279	5315
5280	5316
5281	5317
5282	5318
5283	5319
5284	5320
5285	5321
5286	5322
5287	5323
5288	5324
5289	5325
5290	5326
5291	5327
5292	5328
5293	5329
5294	5330
5295	5331
5296	5332
5297	5333
5298	5334
5299	5335
5300	5336
5301	5337
5302	5338
5303	5339
5304	5340
5305	5341
5306	5342
5307	5343
5308	5344
5309	5345
5310	5346
5311	5347
5312	5348
5313	5349
5314	5350
5315	5351
5316	5352
5317	5353
5318	5354
5319	5355
5320	5356
5321	5357
5322	5358
5323	5359
5324	5360
5325	5361
5326	5362
5327	5363
5328	5364
5329	5365
5330	5366
5331	5367
5332	5368
5333	5369
5334	5370
5335	5371
5336	5372
5337	5373
5338	5374
5339	5375
5340	5376
5341	5377
5342	5378
5343	5379
5344	5380
5345	5381
5346	5382
5347	5383
5348	5384
5349	5385
5350	5386
5351	5387
5352	5388
5353	5389
5354	5390
5355	5391
5356	5392
5357	5393
5358	5394
5359	5395
5360	5396
5361	5397
5362	5398
5363	5399
5364	5400
5365	5401
5366	5402
5367	5403
5368	5404
5369	5405
5370	5406
5371	5407
5372	5408
5373	5409
5374	5410
5375	5411
5376	5412
5377	5413
5378	5414
5379	5415
5380	5416
5381	5417
5382	5418
5383	5419
5384	5420
5385	5421
5386	5422
5387	5423
5388	5424
5389	5425
5390	5426
5391	5427
5392	5428
5393	5429
5394	5430
5395	5431
5396	5432
5397	5433
5398	5434
5399	5435
5400	5436
5401	5437
5402	5438
5403	5439
5404	5440
5405	5441
5406	5442
5407	5443
5408	5444
5409	5445
5410	5446
5411	5447
5412	5448
5413	5449
5414	5450
5415	5451
5416	5452
5417	5453
5418	5454
5419	5455
5420	5456
5421	5457
5422	5458
5423	5459
5424	5460
5425	5461
5426	5462
5427	5463
5428	5464
5429	5465
5430	5466
5431	5467
5432	5468
5433	5469
5434	5470
5435	5471
5436	5472
5437	5473
5438	5474
5439	5475
5440	5476
5441	5477
5442	5478
5443	5479
5444	5480
5445	5481
5446	5482
5447	5483
5448	5484
5449	5485
5450	5486
5451	5487
5452	5488
5453	5489
5454	5490
5455	5491
5456	5492
5457	5493
5458	5494
5459	5495
5460	5496
5461	5497
5462	5498
5463	5499
5464	5500
5465	5501
5466	5502
5467	5503
5468	5504
5469	5505
5470	5506
5471	5507
5472	5508
5473	5509
5474	5510
5475	5511
5476	5512
5477	5513
5478	5514
5479	5515
5480	5516
5481	5517
5482	5518
5483	5519
5484	5520
5485	5521
5486	5522
5487	5523
5488	5524
5489	5525
5490	5526
5491	5527
5492	5528
5493	5529
5494	5530
5495	5531
5496	5532
5497	5533
5498	5534
5499	5535
5500	5536
5501	5537
5502	5538
5503	5539
5504	5540
5505	5541
5506	5542
5507	5543
5508	5544
5509	5545
5510	5546
5511	5547
5512	5548
5513	5549
5514	5550
5515	5551
5516	5552
5517	5553
5518	5554
5519	5555
5520	5556
5521	5557
5522	5558
5523	5559
5524	5560
5525	5561
5526	5562
5527	5563
5528	5564
5529	5565
5530	5566
5531	5567
5532	5568
5533	5569
5534	5570
5535	5571
5536	5572
5537	5573
5538	5574
5539	5575
5540	5576
5541	5577
5542	5578
5543	5579
5544	5580
5545	5581
5546	5582
5547	5583
5548	5584
5549	5585
5550	5586
5551	5587
5552	5588
5553	5589
5554	5590
5555	5591
5556	5592
5557	5593
5558	5594
5559	5595
5560	5596
5561	5597
5562	5598
5563	5599
5564	5600
5565	5601
5566	5602
5567	5603
5568	5604
5569	5605
5570	5606
5571	5607
5572	5608
5573	5609
5574	5610
5575	5611
5576	5612
5577	5613
5578	5614
5579	5615
5580	5616
5581	5617
5582	5618
5583	5619
5584	5620
5585	5621
5586	5622
5587	5623
5588	5624
5589	5625
5590	5626
5591	5627
5592	5628
5593	5629
5594	5630
5595	5631
5596	5632
5597	5633
5598	5634
5599	5635
5600	5636
5601	5637
5602	5638
5603	5639
5604	5640
5605	5641
5606	5642
5607	5643
5608	5644
5609	5645
5610	5646
5611	5647
5612	5648
5613	5649
5614	5650
5615	5651
5616	5652
5617	5653
5618	5654
5619	5655
5620	5656
5621	5657
5622	5658
5623	5659
5624	5660
5625	5661
5626	5662
5627	5663
5628	5664
5629	5665
5630	5666
5631	5667
5632	5668
5633	5669
5634	5670
5635	5671
5636	5672
5637	5673
5638	5674
5639	5675
5640	5676
5641	5677
5642	5678
5643	5679
5644	5680
5645	5681
5646	5682
5647	5683
5648	5684
5649	5685
5650	5686
5651	5687
5652	5688
5653	5689
5654	5690
5655	5691
5656	5692
5657	5693
5658	5694
5659	5695
5660	5696
5661	5697
5662	5698
5663	5699
5664	5700
5665	5701
5666	5702
5667	5703
5668	5704
5669	5705
5670	5706
5671	5707
5672	5708
5673	5709
5674	5710
5675	5711
5676	5712
5677	5713
5678	5714
5679	5715
5680	5716
5681	5717
5682	5718
5683	5719
5684	5720
5685	5721
5686	5722
5687	5723
5688	5724
5689	5725
5690	5726
5691	5727
5692	5728
5693	5729
5694	5730
5695	5731
5696	5732
5697	5733
5698	5734
5699	5735
5700	5736
5701	5737
5702	5738
5703	5739
5704	5740
5705	5741
5706	5742
5707	5743
5708	5744
5709	5745
5710	5746
5711	5747
5712	5748
5713	5749
5714	5750
5715	5751
5716	5752
5717	5753
5718	5754
5719	5755
5720	5756
5721	5757
5722	5758
5723	5759
5724	5760
5725	5761
5726	5762
5727	5763
5728	5764
5729	5765
5730	5766
5731	5767
5732	5768
5733	5769
5734	5770
5735	5771
5736	5772
5737	5773
5738	5774
5739	5775
5740	5776
5741	5777
5742	5778
5743	5779
5744	5780
5745	5781
5746	5782
5747	5783
5748	5784
5749	5785
5750	5786
5751	5787
5752	5788
5753	5789
5754	5790
5755	5791
5756	5792
5757	5793
5758	5794
5759	5795
5760	5796
5761	5797
5762	5798
5763	5799
5764	5800
5765	5801
5766	5802
5767	5803
5768	5804
5769	5805
5770	5806
5771	5807
5772	5808
5773	5809
5774	5810
5775	5811
5776	5812
5777	5813
5778	5814
5779	5815
5780	5816
5781	5817
5782	5818
5783	5819
5784	5820
5785	5821
5786	5822
5787	5823
5788	5824
5789	5825
5790	5826
5791	5827
5792	5828
5793	5829
5794	5830
5795	5831
5796	5832
5797	5833
5798	5834
5799	5835
5800	5836
5801	5837
5802	5838
5803	5839
5804	5840
5805	5841
5806	5842
5807	5843
5808	5844
5809	5845
5810	5846
5811	5847
5812	5848
5813	5849
5814	5850
5815	5851
5816	5852
5817	5853
5818	5854
5819	5855
5820	5856
5821	5857
5822	5858
5823	5859
5824	5860
5825	5861
5826	5862
5827	5863
5828	5864
5829	5865
5830	5866
5831	5867
5832	5868
5833	5869
5834	5870
5835	5871
5836	5872
5837	5873
5838	5874
5839	5875
5840	5876
5841	5877
5842	5878
5843	5879
5844	5880
5845	5881
5846	5882
5847	5883
5848	5884
5849	5885
5850	5886
5851	5887
5852	5888
5853	5889
5854	5890
5855	5891
5856	5892
5857	5893
5858	5894
5859	5895
5860	5896
5861	5897
5862	5898
5863	5899
5864	5900
5865	5901
5866	5902
5867	5903
5868	5904
5869	5905
5870	5906
5871	5907
5872	5908
5873	5909
5874	5910
5875	5911
5876	5912
5877	5913
5878	5914
5879	5915
5880	5916
5881	5917
5882	5918
5883	5919
5884	5920
5885	5921
5886	5922
5887	5923
5888	5924
5889	5925
5890	5926
5891	5927
5892	5928
5893	5929
5894	5930
5895	5931
5896	5932
5897	5933
5898	5934
5899	5935
5900	5936
5901	5937
5902	5938
5903	5939
5904	5940
5905	5941
5906	5942
5907	5943
5908	5944
5909	5945
5910	5946
5911	5947
5912	5948
5913	5949
5914	5950
5915	5951
5916	5952
5917	5953
5918	5954
5919	5955
5920	5956
5921	5957
5922	5958
5923	5959
5924	5960
5925	5961
5926	5962
5927	5963
5928	5964
5929	5965
5930	5966
5931	5967
5932	5968
5933	5969
5934	5970
5935	5971
5936	5972
5937	5973
5938	5974
5939	5975
5940	5976
5941	5977
5942	5978
5943	5979
5944	5980
5945	5981
5946	5982
5947	5983
5948	5984
5949	5985
5950	5986
5951	5987
5952	5988
5953	5989
5954	5990
5955	5991
5956	5992
5957	5993
5958	5994
5959	5995
5960	5996
5961	5997
5962	5998
5963	5999
5964	6000
5965	6001
5966	6002
5967	6003
5968	6004
5969	6005
5970	6006
5971	6007
5972	6008
5973	6009
5974	6010
5975	6011
5976	6012
5977	6013
5978	6014
5979	6015
5980	6016
5981	6017
5982	6018
5983	6019
5984	6020
5985	6021
5986	6022
5987	6023
5988	6024
5989	6025
5990	6026
5991	6027
5992	6028
5993	6029
5994	6030
5995	6031
5996	6032
5997	6033
5998	6034
5999	6035
6000	6036
6001	6037
6002	6038
6003	6039
6004	6040
6005	6041
6006	6042
6007	6043
6008	6044
6009	6045
6010	6046
6011	6047
6012	6048
6013	6049
6014	6050
6015	6051
6016	6052
6017	6053
6018	6054
6019	6055
6020	6056
6021	6057
6022	6058
6023	6059
6024	6060
6025	6061
6026	6062
6027	6063
6028	6064
6029	6065
6030	6066
6031	6067
6032	6068
6033	6069
6034	6070
6035	6071
6036	6072
6037	6073
6038	6074
6039	6075
6040	6076
6041	6077
6042	6078
6043	6079
6044	6080
6045	6081
6046	6082
6047	6083
6048	6084
6049	6085
6050	6086
6051	6087
6052	6088
6053	6089
6054	6090
6055	6091
6056	6092
6057	6093
6058	6094
6059	6095
6060	6096
6061	6097
6062	6098
6063	6099
6064	6100
6065	6101
6066	6102
6067	6103
6068	6104
6069	6105
6070	6106
6071	6107
6072	6108
6073	6109
6074	6110
6075	6111
6076	6112
6077	6113
6078	6114
6079	6115
6080	6116
6081	6117
6082	6118
6083	6119
6084	6120
6085	6121
6086	6122
6087	6123
6088	6124
6089	6125
6090	6126
6091	6127
6092	6128
6093	6129
6094	6130
6095	6131
6096	6132
6097	6133
6098	6134
6099	6135
6100	6136
6101	6137
6102	6138
6103	6139
6104	6140
6105	6141
6106	6142
6107	6143
6108	6144
6109	6145
6110	6146
6111	6147
6112	6148
6113	6149
6114	6150
6115	6151
6116	6152
6117	6153
6118	6154
6119	6155
6120	6156
6121	6157
6122	6158
6123	6159
6124	6160
6125	6161
6126	6162
6127	6163
6128	6164
6129	6165
6130	6166
6131	6167
6132	6168
6133	6169
6134	6170
6135	6171
6136	6172
6137	6173
6138	6174
6139	6175
6140	6176
6141	6177
6142	6178
6143	6179
6144	6180
6145	6181
6146	6182
6147	6183
6148	6184
6149	6185
6150	6186
6151	6187
6152	6188
6153	6189
6154	6190
6155	6191
6156	6192
6157	6193
6158	6194
6159	6195
6160	6196
6161	6197
6162	6198
6163	6199
6164	6200
6165	6201
6166	6202
6167	6203
6168	6204
6169	6205
6170	6206
6171	6207
6172	6208
6173	6209
6174	6210
6175	6211
6176	6212
6177	6213
6178	6214
6179	6215
6180	6216
6181	6217
6182	6218
6183	6219
6184	6220
6185	6221
6186	6222
6187	6223
6188	6224
6189	6225
6190	6226
6191	6227
6192	6228
6193	6229
6194	6230
6195	6231
6196	6232
6197	6233
6198	6234
6199	6235
6200	6236
6201	6237
6202	6238
6203	6239
6204	6240
6205	6241
6206	6242
6207	6243
6208	6244
6209	6245
6210	6246
6211	6247
6212	6248
6213	6249
6214	6250
6215	6251
6216	6252
6217	6253
6218	6254
6219	6255
6220	6256
6221	6257
6222	6258
6223	6259
6224	6260
6225	6261
6226	6262
6227	6263
6228	6264
6229	6265
6230	6266
6231	6267
6232	6268
6233	6269
6234	6270
6235	6271
6236	6272
6237	6273
6238	6274
6239	6275
6240	6276
6241	6277
6242	6278
6243	6279
6244	6280
6245	6281
6246	6282
6247	6283
6248	6284
6249	6285
6250	6286
6251	6287
6252	6288
6253	6289
6254	6290
6255	6291
6256	6292
6257	6293
6258	6294
6259	6295
6260	6296
6261	6297
6262	6298
6263	6299
6264	6300
6265	6301
6266	6302
6267	6303
6268	6304
6269	6305
6270	6306
6271	6307
6272	6308
6273	6309
6274	6310
6275	6311
6276	6312
6277	6313
6278	6314
6279	6315
6280	6316
6281	6317
6282	6318
6283	6319
6284	6320
6285	6321
6286	6322
6287	6323
6288	6324
6289	6325
6290	6326
6291	6327
6292	6328
6293	6329
6294	6330
6295	6331
6296	6332
6297	6333
6298	6334
6299	6335
6300	6336
6301	6337
6302	6338
6303	6339
6304	6340
6305	6341
6306	6342
6307	6343
6308	6344
6309	6345
6310	6346
6311	6347
6312	6348
6313	6349
6314	6350
6315	6351
6316	6352
6317	6353
6318	6354
6319	6355
6320	6356
6321	6357
6322	6358
6323	6359
6324	6360
6325	6361
6326	6362
6327	6363
6328	6364
6329	6365
6330	6366
6331	6367
6332	6368
6333	6369
6334	6370
6335	6371
6336	6372
6337	6373
6338	6374
6339	6375
6340	6376
6341	6377
6342	6378
6343	6379
6344	6380
6345	6381
6346	6382
6347	6383
6348	6384
6349	6385
6350	6386
6351	6387
6352	6388
6353	6389
6354	6390
6355	6391
6356	6392
6357	6393
6358	6394
6359	6395
6360	6396
6361	6397
6362	6398
6363	6399
6364	6400
6365	6401
6366	6402
6367	6403
6368	6404
6369	6405
6370	6406
6371	6407
6372	6408
6373	6409
6374	6410
6375	6411
6376	6412
6377	6413
6378	6414
6379	6415
6380	6416
6381	6417
6382	6418
6383	6419
6384	6420
6385	6421
6386	6422
6387	6423
6388	6424
6389	6425
6390	6426
6391	6427
6392	6428
6393	6429
6394	6430
6395	6431
6396	6432
6397	6433
6398	6434
6399	6435
6400	6436
6401	6437
6402	6438
6403	6439
6404	6440
6405	6441
6406	6442
6407	6443
6408	6444
6409	6445
6410	6446
6411	6447
6412	6448
6413	6449
6414	6450
6415	6451
6416	6452
6417	6453
6418	6454
6419	6455
6420	6456
6421	6457
6422	6458
6423	6459
6424	6460
6425	6461
6426	6462
6427	6463
6428	6464
6429	6465
6430	6466
6431	6467
6432	6468
6433	6469
6434	6470
6435	6471
6436	6472
6437	6473
6438	6474
6439	6475
6440	6476
6441	6477
6442	6478
6443	6479
6444	6480
6445	6481
6446	6482
6447	6483
6448	6484
6449	6485
6450	6486
6451	6487
6452	6488
6453	6489
6454	6490
6455	6491
6456	6492
6457	6493
6458	6494
6459	6495
6460	6496
6461	6497
6462	6498
6463	6499
6464	6500
6465	6501
6466	6502
6467	6503
6468	6504
6469	6505
6470	6506
6471	6507
6472	6508
6473	6509
6474	6510
6475	6511
6476	6512
6477	6513
6478	6514
6479	6515
6480	6516
6481	6517
6482	6518
6483	6519
6484	6520
6485	6521
6486	6522
6487	6523
6488	6524
6489	6525
6490	6526
6491	6527
6492	6528
6493	6529
6494	6530
6495	6531
6496	6532
6497	6533
6498	6534
6499	6535
6500	6536
6501	6537
6502	6538
6503	6539
6504	6540
6505	6541
6506	6542
6507	6543
6508	6544
6509	6545
6510	6546
6511	6547
6512	6548
6513	6549
6514	6550
6515	6551
6516	6552
6517	6553
6518	6554
6519	6555
6520	6556
6521	6557
6522	6558
6523	6559
6524	6560
6525	6561
6526	6562
6527	6563
6528	6564
6529	6565
6530	6566
6531	6567
6532	6568
6533	6569
6534	6570
6535	6571
6536	6572
6537	6573
6538	6574
6539	6575
6540	6576
6541	6577
6542	6578
6543	6579
6544	6580
6545	6581
6546	6582
6547	6583
6548	6584
6549	6585
6550	6586
6551	6587
6552	6588
6553	6589
6554	6590
6555	6591
6556	6592
6557	6593
6558	6594
6559	6595
6560	6596
6561	6597
6562	6598
6563	6599
6564	6600
6565	6601
6566	6602
6567	6603
6568	6604
6569	6605
6570	6606
6571	6607
6572	6608
6573	6609
6574	6610
6575	6611
6576	6612
6577	6613
6578	6614
6579	6615
6580	6616
6581	6617
6582	6618
6583	6619
6584	6620
6585	6621
6586	6622
6587	6623
6588	6624
6589	6625
6590	6626
6591	6627
6592	6628
6593	6629
6594	6630
6595	6631
6596	6632
6597	6633
6598	6634
6599	6635
6600	6636
6601	6637
6602	6638
6603	6639
6604	6640
6605	6641
6606	6642
6607	6643
6608	6644
6609	6645
6610	6646
6611	6647
6612	6648
6613	6649
6614	6650
6615	6651
6616	6652
6617	6653
6618	6654
6619	6655
6620	6656
6621	6657
6622	6658
6623	6659
6624	6660
6625	6661
6626	6662
6627	6663
6628	6664
6629	6665
6630	6666
6631	6667
6632	6668
6633	6669
6634	6670
6635	6671
6636	6672
6637	6673
6638	6674
6639	6675
6640	6676
6641	6677
6642	6678
6643	6679
6644	6680
6645	6681
6646	6682
6647	6683
6648	6684
6649	6685
6650	6686
6651	6687
6652	6688
6653	6689
6654	6690
6655	6691
6656	6692
6657	6693
6658	6694
6659	6695
6660	6696
6661	6697
6662	6698
6663	6699
6664	6700
6665	6701
6666	6702
6667	6703
6668	6704
6669	6705
6670	6706
6671	6707
6672	6708
6673	6709
6674	6710
6675	6711
6676	6712
6677	6713
6678	6714
6679	6715
6680	6716
6681	6717
6682	6718
6683	6719
6684	6720
6685	6721
6686	6722
6687	6723
6688	6724
6689	6725
6690	6726
6691	6727
6692	6728
6693	6729
6694	6730
6695	6731
6696	6732
6697	6733
6698	6734
6699	6735
6700	6736
6701	6737
6702	6738
6703	6739
6704	6740
6705	6741
6706	6742
6707	6743
6708	6744
6709	6745
6710	6746
6711	6747
6712	6748
6713	6749
6714	6750
6715	6751
6716	6752
6717	6753
6718	6754
6719	6755
6720	6756
6721	6757
6722	6758
6723	6759
6724	6760
6725	6761
6726	6762
6727	6763
6728	6764
6729	6765
6730	6766
6731	6767
6732	6768
6733	6769
6734	6770
6735	6771
6736	6772
6737	6773
6738	6774
6739	6775
6740	6776
6741	6777
6742	6778
6743	6779
6744	6780
6745	6781
6746	6782
6747	6783
6748	6784
6749	6785
6750	6786
6751	6787
6752	6788
6753	6789
6754	6790
6755	6791
6756	6792
6757	6793
6758	6794
6759	6795
6760	6796
6761	6797
6762	6798
6763	6799
6764	6800
6765	6801
6766	6802
6767	6803
6768	6804
6769	6805
6770	6806
6771	6807
6772	6808
6773	6809
6774	6810
6775	6811
6776	6812
6777	6813
6778	6814
6779	6815
6780	6816
6781	6817
6782	6818
6783	6819
6784	6820
6785	6821
6786	6822
6787	6823
6788	6824
6789	6825
6790	6826
6791	6827
6792	6828
6793	6829
6794	6830
6795	6831
6796	6832
6797	6833
6798	6834
6799	6835
6800	6836
6801	6837
6802	6838
6803	6839
6804	6840
6805	6841
6806	6842
6807	6843
6808	6844
6809	6845
6810	6846
6811	6847
6812	6848
6813	6849
6814	6850
6815	6851
6816	6852
6817	6853
6818	6854
6819	6855
6820	6856
6821	6857
6822	6858
6823	6859
6824	6860
6825	6861
6826	6862
6827	6863
6828	6864
6829	6865
6830	6866
6831	6867
6832	6868
6833	6869
6834	6870
6835	6871
6836	6872
6837	6873
6838	6874
6839	6875
6840	6876
6841	6877
6842	6878
6843	6879
6844	6880
6845	6881
6846	6882
6847	6883
6848	6884
6849	6885
6850	6886
6851	6887
6852	6888
6853	6889
6854	6890
6855	6891
6856	6892
6857	6893
6858	6894
6859	6895
6860	6896
6861	6897
6862	6898
6863	6899
6864	6900
6865	6901
6866	6902
6867	6903
6868	6904
6869	6905
6870	6906
6871	6907
6872	6908
6873	6909
6874	6910
6875	6911
6876	6912
6877	6913
6878	6914
6879	6915
6880	6916
6881	6917
6882	6918
6883	6919
6884	6920
6885	6921
6886	6922
6887	6923
6888	6924
6889	6925
6890	6926
6891	6927
6892	6928
6893	6929
6894	6930
6895	6931
6896	6932
6897	6933
6898	6934
6899	6935
6900	6936
6901	6937
6902	6938
6903	6939
6904	6940
6905	6941
6906	6942
6907	6943
6908	6944
6909	6945
6910	6946
6911	6947
6912	6948
6913	6949
6914	6950
6915	6951
6916	6952
6917	6953
6918	6954
6919	6955
6920	6956
6921	6957
6922	6958
6923	6959
6924	6960
6925	6961
6926	6962
6927	6963
6928	6964
6929	6965
6930	6966
6931	6967
6932	6968
6933	6969
6934	6970
6935	6971
6936	6972
6937	6973
6938	6974
6939	6975
6940	6976
6941	6977
6942	6978
6943	6979
6944	6980
6945	6981
6946	6982
6947	6983
6948	6984
6949	6985
6950	6986
6951	6987
6952	6988
6953	6989
6954	6990
6955	6991
6956	6992
6957	6993
6958	6994
6959	6995
6960	6996
6961	6997
6962	6998
6963	6999
6964	7000
6965	7001
6966	7002
6967	7003
6968	7004
6969	7005
6970	7006
6971	7007
6972	7008
6973	7009
6974	7010
6975	7011
6976	7012
6977	7013
6978	7014
6979	7015
6980	7016
6981	7017
6982	7018
6983	7019
6984	7020
6985	7021
6986	7022
6987	7023
6988	7024
6989	7025
6990	7026
6991	7027
6992	7028
6993	7029
6994	7030
6995	7031
6996	7032
6997	7033
6998	7034
6999	7035
7000	7036
7001	7037
7002	7038
7003	7039
7004	7040
7005	7041
7006	7042
7007	7043
7008	7044
7009	7045
7010	7046
7011	7047
7012	7048
7013	7049
7014	7050
7015	7051
7016	7052
7017	7053
7018	7054
7019	7055
7020	7056
7021	7057
7022	7058
7023	7059
7024	7060
7025	7061
7026	7062
7027	7063
7028	7064
7029	7065
7030	7066
7031	7067
7032	7068
7033	7069
7034	7070
7035	7071
7036	7072
7037	7073
7038	7074
7039	7075
7040	7076
7041	7077
7042	7078
7043	7079
7044	7080
7045	7081
7046	7082
7047	7083
7048	7084
7049	7085
7050	7086
7051	7087
7052	7088
7053	7089
7054	7090
7055	7091
7056	7092
7057	7093
7058	7094
7059	7095
7060	7096
