1	509
2	510
3	511
4	512
5	513
6	514
7	515
8	516
9	517
10	518
11	519
12	520
13	521
14	522
15	523
16	524
17	525
18	526
19	527
20	528
21	529
22	530
23	531
24	532
25	533
26	534
27	535
28	536
29	537
30	538
31	539
32	540
33	541
34	542
35	543
36	544
37	545
38	546
39	547
40	548
41	549
42	550
43	551
44	552
45	553
46	554
47	555
48	556
49	557
50	558
51	559
52	560
53	561
54	562
55	563
56	564
57	565
58	566
59	567
60	568
61	569
62	570
63	571
64	572
65	573
66	574
67	575
68	576
69	577
70	578
71	579
72	580
73	581
74	582
75	583
76	584
77	585
78	586
79	587
80	588
81	589
82	590
83	591
84	592
85	593
86	594
87	595
88	596
89	597
90	598
91	599
92	600
93	601
94	602
95	603
96	604
97	605
98	606
99	607
100	608
101	609
102	610
103	611
104	612
105	613
106	614
107	615
108	616
109	617
110	618
111	619
112	620
