1	1
2	2
3	3
4	4
5	5
6	6
7	7
8	8
9	9
10	10
11	11
12	12
13	13
14	14
15	15
16	16
17	17
18	18
19	19
20	20
21	21
22	22
23	23
24	24
25	25
26	26
27	27
28	28
29	29
30	30
31	31
32	32
33	33
34	34
35	35
36	36
37	37
38	38
39	39
40	40
41	41
42	42
43	43
44	44
45	45
46	46
47	47
48	48
49	49
50	50
51	51
52	52
53	53
54	54
55	55
56	56
57	57
58	58
59	59
60	60
61	61
62	62
63	63
64	64
65	65
66	66
67	67
68	68
69	69
70	70
71	71
72	72
73	73
74	74
75	75
76	76
77	77
78	78
79	79
80	80
81	81
82	87
83	88
84	89
85	90
86	91
87	92
88	93
89	94
90	95
91	96
92	97
93	98
94	99
95	100
96	101
97	102
98	103
99	104
100	105
101	106
102	107
103	108
104	109
105	110
106	111
107	112
108	113
109	114
110	115
111	116
112	117
113	118
114	119
115	120
116	121
117	122
118	123
119	124
120	125
121	126
122	127
123	128
124	129
125	130
126	131
127	132
128	133
129	134
130	135
131	136
132	137
133	138
134	139
135	140
136	144
137	145
138	146
139	147
140	148
141	149
142	150
143	151
144	152
145	153
146	154
147	155
148	156
149	157
150	158
151	159
152	160
153	161
154	162
155	163
156	164
157	165
158	166
159	167
160	168
161	169
162	170
163	171
164	172
165	173
166	174
167	175
168	176
169	177
170	178
171	179
172	180
173	181
174	182
175	183
176	184
177	185
178	186
179	187
180	188
181	189
182	190
183	191
184	192
185	193
186	194
187	195
188	196
189	197
190	198
191	199
192	200
193	201
194	202
195	203
196	204
197	205
198	206
199	207
200	208
201	209
202	210
203	211
204	212
205	213
206	214
207	215
208	216
209	217
210	218
211	219
212	220
213	221
214	222
215	223
216	224
217	225
218	226
219	227
220	228
221	229
222	230
223	231
224	232
225	233
226	234
227	235
228	236
229	237
230	238
231	239
232	240
233	241
234	242
235	243
236	244
237	245
238	246
239	247
240	248
241	249
242	250
243	251
244	252
245	253
246	254
247	255
248	256
249	257
250	258
251	259
252	260
253	261
254	262
255	263
256	264
257	265
258	266
259	267
260	268
261	269
262	270
263	271
264	272
265	273
266	274
267	275
268	276
269	277
270	278
271	279
272	280
273	281
274	282
275	283
276	284
277	285
278	286
279	287
280	288
281	289
282	290
283	291
284	292
285	293
286	294
287	295
288	296
289	297
290	298
291	299
292	300
293	301
294	302
295	303
296	304
297	305
298	306
299	307
300	308
301	309
302	310
303	311
304	312
305	313
306	314
307	315
308	316
309	317
310	318
311	319
312	320
313	321
314	322
315	323
316	324
317	325
318	326
319	327
320	328
321	329
322	330
323	331
324	332
325	333
326	334
327	335
328	336
329	337
330	338
331	339
332	340
333	341
334	342
335	343
336	344
337	345
338	346
339	347
340	348
341	349
342	350
343	351
344	352
345	353
346	354
347	355
348	356
349	357
350	358
351	359
352	360
353	361
354	362
355	363
356	364
357	365
358	366
359	367
360	368
361	369
362	370
363	371
364	372
365	373
366	374
367	375
368	376
369	377
370	378
371	379
372	380
373	381
374	382
375	383
376	384
377	385
378	386
379	387
380	388
381	389
382	390
383	391
384	392
385	393
386	394
387	395
388	396
389	397
390	398
391	399
392	400
393	401
394	402
395	403
396	404
397	405
398	406
399	407
400	408
401	409
402	410
403	411
404	412
405	413
406	414
407	415
408	416
409	417
410	418
411	419
412	420
413	421
414	422
415	423
416	424
417	425
418	426
419	427
420	428
421	429
422	430
423	431
424	432
425	433
426	434
427	435
428	436
429	437
430	438
431	439
432	440
433	441
434	442
435	443
436	444
437	445
438	446
439	447
440	448
441	449
442	450
443	451
444	452
445	453
446	454
447	455
448	456
449	457
450	458
451	459
452	460
453	461
454	462
455	463
456	464
457	465
458	466
459	467
460	468
461	469
462	470
463	471
464	472
465	473
466	474
467	475
468	476
469	477
470	478
471	479
472	480
473	481
474	482
475	483
476	484
477	485
478	486
479	487
480	488
481	489
482	490
483	491
484	492
485	493
486	494
487	495
488	496
489	497
490	498
491	499
492	500
493	501
494	502
495	503
496	504
497	505
498	506
499	507
500	508
501	509
502	510
503	511
504	512
505	513
506	514
507	515
508	516
509	517
510	518
511	519
512	520
513	521
514	522
515	523
516	524
517	525
518	526
519	527
520	528
521	529
522	530
523	531
524	532
525	533
526	534
527	535
528	536
529	537
530	538
531	539
532	540
533	541
534	542
535	543
536	544
537	545
538	546
539	547
540	548
541	549
542	550
543	551
544	552
545	553
546	554
547	555
548	556
549	557
550	558
551	559
552	560
553	561
554	562
555	563
556	564
557	565
558	566
559	567
560	568
561	569
562	570
563	571
564	572
565	573
566	574
567	575
568	576
569	577
570	578
571	579
572	580
573	581
574	582
575	583
576	584
577	585
578	586
579	587
580	588
581	589
582	590
583	591
584	592
585	593
586	594
587	595
588	596
589	597
590	598
591	599
592	600
593	601
594	602
595	603
596	604
597	605
598	606
599	607
600	608
601	609
602	610
603	611
604	612
605	613
606	614
607	615
608	616
609	617
610	618
611	619
612	620
613	621
614	622
615	623
616	624
617	625
618	626
619	627
620	628
621	629
622	630
623	631
624	632
625	633
626	634
627	635
628	636
629	637
630	638
631	639
632	640
633	641
634	642
635	643
636	644
637	645
638	646
639	647
640	648
641	649
642	650
643	651
644	652
645	653
646	654
647	655
648	656
649	657
650	658
651	659
652	660
653	661
654	662
655	663
656	664
657	665
658	666
659	667
660	668
661	669
662	670
663	671
664	672
665	673
666	674
667	675
668	676
669	677
670	678
671	679
672	680
673	681
674	682
675	683
676	684
677	685
678	686
679	687
680	688
681	689
682	690
683	691
684	692
685	693
686	694
687	695
688	696
689	697
690	698
691	699
692	700
693	701
694	702
695	703
696	704
697	705
698	706
699	707
700	708
701	709
702	710
703	711
704	712
705	713
706	714
707	715
708	716
709	717
710	718
711	719
712	720
713	721
714	722
715	723
716	724
717	725
718	726
719	727
720	728
721	729
722	730
723	731
724	732
725	733
726	734
727	735
728	736
729	737
730	738
731	739
732	740
733	741
734	742
735	743
736	744
737	745
738	746
739	747
740	748
741	749
742	750
743	751
744	752
745	753
746	754
747	755
748	756
749	757
750	758
751	759
752	760
753	761
754	762
755	763
756	764
757	765
758	766
759	767
760	768
761	769
762	770
763	771
764	772
765	773
766	774
767	775
768	776
769	777
770	778
771	779
772	780
773	781
774	782
775	783
776	784
777	785
778	786
779	787
780	788
781	789
782	790
783	791
784	792
785	793
786	794
787	795
788	796
789	797
790	798
791	799
792	800
793	801
794	802
795	803
796	804
797	805
798	806
799	807
800	808
801	809
802	810
803	811
804	812
805	813
806	814
807	815
808	816
809	817
810	818
811	819
812	820
813	821
814	822
815	823
816	824
817	825
818	826
819	827
820	828
821	829
822	830
823	831
824	832
825	833
826	834
827	835
828	836
829	837
830	838
831	839
832	840
833	841
834	842
835	843
836	844
837	845
838	846
839	847
840	848
841	849
842	850
843	851
844	852
845	853
846	854
847	855
848	856
849	857
850	858
851	859
852	860
853	861
854	862
855	863
856	864
857	865
858	866
859	867
860	868
861	869
862	870
863	871
864	872
865	873
866	874
867	875
868	876
869	877
870	878
871	879
872	880
873	881
874	882
875	883
876	884
877	885
878	886
879	887
880	888
881	889
882	890
883	891
884	892
885	893
886	894
887	895
888	896
889	897
890	898
891	899
892	900
893	901
894	902
895	903
896	904
897	905
898	906
899	907
900	908
901	909
902	910
903	911
904	912
905	913
906	914
907	915
908	916
909	917
910	918
911	919
912	920
913	921
914	922
915	923
916	924
917	925
918	926
919	927
920	928
921	929
922	930
923	931
924	932
925	933
926	934
927	935
928	936
929	937
930	938
931	939
932	940
933	941
934	942
935	943
936	944
937	945
938	946
939	947
940	948
941	949
942	950
943	951
944	952
945	953
946	954
947	955
948	956
949	957
950	958
951	959
952	960
953	961
954	962
955	963
956	964
957	965
958	966
959	967
960	968
961	969
962	970
963	971
964	972
965	973
966	974
967	975
968	976
969	977
970	978
971	979
972	980
973	981
974	982
975	983
976	984
977	985
978	986
979	987
980	988
981	989
982	990
983	991
984	992
985	993
986	994
987	995
988	996
989	997
990	998
991	999
992	1000
993	1001
994	1002
995	1003
996	1004
997	1005
998	1006
999	1007
1000	1008
1001	1009
1002	1010
1003	1011
1004	1012
1005	1013
1006	1014
1007	1015
1008	1016
1009	1017
1010	1018
1011	1019
1012	1020
1013	1021
1014	1022
1015	1023
1016	1024
1017	1025
1018	1026
1019	1027
1020	1028
1021	1029
1022	1030
1023	1031
1024	1032
1025	1033
1026	1034
1027	1035
1028	1036
1029	1037
1030	1038
1031	1039
1032	1040
1033	1041
1034	1042
1035	1043
1036	1044
1037	1045
1038	1046
1039	1047
1040	1048
1041	1049
1042	1050
1043	1051
1044	1052
1045	1053
1046	1054
1047	1055
1048	1056
1049	1057
1050	1058
1051	1059
1052	1060
1053	1061
1054	1062
1055	1063
1056	1064
1057	1065
1058	1066
1059	1067
1060	1068
1061	1069
1062	1070
1063	1071
1064	1072
1065	1073
1066	1074
1067	1075
1068	1076
1069	1077
1070	1078
1071	1079
1072	1080
1073	1081
1074	1082
1075	1083
1076	1084
1077	1085
1078	1086
1079	1087
1080	1088
1081	1089
1082	1090
1083	1091
1084	1092
1085	1093
1086	1094
1087	1095
1088	1096
1089	1097
1090	1098
1091	1099
1092	1100
1093	1101
1094	1102
1095	1103
1096	1104
1097	1105
1098	1106
1099	1107
1100	1108
1101	1109
1102	1110
1103	1111
1104	1112
1105	1113
1106	1114
1107	1115
1108	1116
1109	1117
1110	1118
1111	1119
1112	1120
1113	1121
1114	1122
1115	1123
1116	1124
1117	1125
1118	1126
1119	1127
1120	1128
1121	1129
1122	1130
1123	1131
1124	1132
1125	1133
1126	1134
1127	1135
1128	1136
1129	1137
1130	1138
1131	1139
1132	1140
1133	1141
1134	1142
1135	1143
1136	1144
1137	1145
1138	1146
1139	1147
1140	1148
1141	1149
1142	1150
1143	1151
1144	1152
1145	1153
1146	1154
1147	1155
1148	1156
1149	1157
1150	1158
1151	1159
1152	1160
1153	1161
1154	1162
1155	1163
1156	1164
1157	1165
1158	1166
1159	1167
1160	1168
1161	1169
1162	1170
1163	1171
1164	1172
1165	1173
1166	1174
1167	1175
1168	1176
1169	1177
1170	1178
1171	1179
1172	1180
1173	1181
1174	1182
1175	1183
1176	1184
1177	1185
1178	1186
1179	1187
1180	1188
1181	1189
1182	1190
1183	1191
1184	1192
1185	1193
1186	1194
1187	1195
1188	1196
1189	1197
1190	1198
1191	1199
1192	1200
1193	1201
1194	1202
1195	1203
1196	1204
1197	1205
1198	1206
1199	1207
1200	1208
1201	1209
1202	1210
1203	1211
1204	1212
1205	1213
1206	1214
1207	1215
1208	1216
1209	1217
1210	1218
1211	1219
1212	1220
1213	1221
1214	1222
1215	1223
1216	1224
1217	1225
1218	1226
1219	1227
1220	1228
1221	1229
1222	1230
1223	1231
1224	1232
1225	1233
1226	1234
1227	1235
1228	1236
1229	1237
1230	1238
1231	1239
1232	1240
1233	1241
1234	1242
1235	1243
1236	1244
1237	1245
1238	1246
1239	1247
1240	1248
1241	1249
1242	1250
1243	1251
1244	1252
1245	1253
1246	1254
1247	1255
1248	1256
1249	1257
1250	1258
1251	1259
1252	1260
1253	1261
1254	1262
1255	1263
1256	1264
1257	1265
1258	1266
1259	1267
1260	1268
1261	1269
1262	1270
1263	1271
1264	1272
1265	1273
1266	1274
1267	1275
1268	1276
1269	1277
1270	1278
1271	1279
1272	1280
1273	1281
1274	1282
1275	1283
1276	1284
1277	1285
1278	1286
1279	1287
1280	1288
1281	1289
1282	1290
1283	1291
1284	1292
1285	1293
1286	1294
1287	1295
1288	1296
1289	1297
1290	1298
1291	1299
1292	1300
1293	1301
1294	1302
1295	1303
1296	1304
1297	1305
1298	1306
1299	1307
1300	1308
1301	1309
1302	1310
1303	1311
1304	1312
1305	1313
1306	1314
1307	1315
1308	1316
1309	1317
1310	1318
1311	1319
1312	1320
1313	1321
1314	1322
1315	1323
1316	1324
1317	1325
1318	1326
1319	1327
1320	1328
1321	1329
1322	1330
1323	1331
1324	1332
1325	1333
1326	1334
1327	1335
1328	1336
1329	1337
1330	1338
1331	1339
1332	1340
1333	1341
1334	1342
1335	1343
1336	1344
1337	1345
1338	1346
1339	1347
1340	1348
1341	1349
1342	1350
1343	1351
1344	1352
1345	1353
1346	1354
1347	1355
1348	1356
1349	1357
1350	1358
1351	1359
1352	1360
1353	1361
1354	1362
1355	1363
1356	1364
1357	1365
1358	1366
1359	1367
1360	1368
1361	1369
1362	1370
1363	1371
1364	1372
1365	1373
1366	1374
1367	1375
1368	1376
1369	1377
1370	1378
1371	1379
1372	1380
1373	1381
1374	1382
1375	1383
1376	1384
1377	1385
1378	1386
1379	1387
1380	1388
1381	1389
1382	1390
1383	1391
1384	1392
1385	1393
1386	1394
1387	1395
1388	1396
1389	1397
1390	1398
1391	1399
1392	1400
1393	1401
1394	1402
1395	1403
1396	1404
1397	1405
1398	1406
1399	1407
1400	1408
1401	1409
1402	1410
1403	1411
1404	1412
1405	1413
1406	1414
1407	1415
1408	1416
1409	1417
1410	1418
1411	1419
1412	1420
1413	1421
1414	1422
1415	1423
1416	1424
1417	1425
1418	1426
1419	1427
1420	1428
1421	1429
1422	1430
1423	1431
1424	1432
1425	1433
1426	1434
1427	1435
1428	1436
1429	1437
1430	1438
1431	1439
1432	1440
1433	1441
1434	1442
1435	1443
1436	1444
1437	1445
1438	1446
1439	1447
1440	1448
1441	1449
1442	1450
1443	1451
1444	1452
1445	1453
1446	1454
1447	1455
1448	1456
1449	1457
1450	1458
1451	1459
1452	1460
1453	1461
1454	1462
1455	1463
1456	1464
1457	1465
1458	1466
1459	1467
1460	1468
1461	1469
1462	1470
1463	1471
1464	1472
1465	1473
1466	1474
1467	1475
1468	1476
1469	1477
1470	1478
1471	1479
1472	1480
1473	1481
1474	1482
1475	1483
1476	1484
1477	1485
1478	1486
1479	1487
1480	1488
1481	1489
1482	1490
1483	1491
1484	1492
1485	1493
1486	1494
1487	1495
1488	1496
1489	1497
1490	1498
1491	1499
1492	1500
1493	1501
1494	1502
1495	1503
1496	1504
1497	1505
1498	1506
1499	1507
1500	1508
1501	1509
1502	1510
1503	1511
1504	1512
1505	1513
1506	1514
1507	1515
1508	1516
1509	1517
1510	1518
1511	1519
1512	1520
1513	1521
1514	1522
1515	1523
1516	1524
1517	1525
1518	1526
1519	1527
1520	1528
1521	1529
1522	1530
1523	1531
1524	1532
1525	1533
1526	1534
1527	1535
1528	1536
1529	1537
1530	1538
1531	1539
1532	1540
1533	1541
1534	1542
1535	1543
1536	1544
1537	1545
1538	1546
1539	1547
1540	1548
1541	1549
1542	1550
1543	1551
1544	1552
1545	1553
1546	1554
1547	1555
1548	1556
1549	1557
1550	1558
1551	1559
1552	1560
1553	1561
1554	1562
1555	1563
1556	1564
1557	1565
1558	1566
1559	1567
1560	1568
1561	1569
1562	1570
1563	1571
1564	1572
1565	1573
1566	1574
1567	1575
1568	1576
1569	1577
1570	1578
1571	1579
1572	1580
1573	1581
1574	1582
1575	1583
1576	1584
1577	1585
1578	1586
1579	1587
1580	1588
1581	1589
1582	1590
1583	1591
1584	1592
1585	1593
1586	1594
1587	1595
1588	1596
1589	1597
1590	1598
1591	1599
1592	1600
1593	1601
1594	1602
1595	1603
1596	1604
1597	1605
1598	1606
1599	1607
1600	1608
1601	1609
1602	1610
1603	1611
1604	1612
1605	1613
1606	1614
1607	1615
1608	1616
1609	1617
1610	1618
1611	1619
1612	1620
1613	1621
1614	1622
1615	1623
1616	1624
1617	1625
1618	1626
1619	1627
1620	1628
1621	1629
1622	1630
1623	1631
1624	1632
1625	1633
1626	1634
1627	1635
1628	1636
1629	1637
1630	1638
1631	1639
1632	1640
1633	1641
1634	1642
1635	1643
1636	1644
1637	1645
1638	1646
1639	1647
1640	1648
1641	1649
1642	1650
1643	1651
1644	1652
1645	1653
1646	1654
1647	1655
1648	1656
1649	1657
1650	1658
1651	1659
1652	1660
1653	1661
1654	1662
1655	1663
1656	1664
1657	1665
1658	1666
1659	1667
1660	1668
1661	1669
1662	1670
1663	1671
1664	1672
1665	1673
1666	1674
1667	1675
1668	1676
1669	1677
1670	1678
1671	1679
1672	1680
1673	1681
1674	1682
1675	1683
1676	1684
1677	1685
1678	1686
1679	1687
1680	1688
1681	1689
1682	1690
1683	1691
1684	1692
1685	1693
1686	1694
1687	1695
1688	1696
1689	1697
1690	1698
1691	1699
1692	1700
1693	1701
1694	1702
1695	1703
1696	1704
1697	1705
1698	1706
1699	1707
1700	1708
1701	1709
1702	1710
1703	1711
1704	1712
1705	1713
1706	1714
1707	1715
1708	1716
1709	1717
1710	1718
1711	1719
1712	1720
1713	1721
1714	1722
1715	1723
1716	1724
1717	1725
1718	1726
1719	1727
1720	1728
1721	1729
1722	1730
1723	1731
1724	1732
1725	1733
1726	1734
1727	1735
1728	1736
1729	1737
1730	1738
1731	1739
1732	1740
1733	1741
1734	1742
1735	1743
1736	1744
1737	1745
1738	1746
1739	1747
1740	1748
1741	1749
1742	1750
1743	1751
1744	1752
1745	1753
1746	1754
1747	1755
1748	1756
1749	1757
1750	1758
1751	1759
1752	1760
1753	1761
1754	1762
1755	1763
1756	1764
1757	1765
1758	1766
1759	1767
1760	1768
1761	1769
1762	1770
1763	1771
1764	1772
1765	1773
1766	1774
1767	1775
1768	1776
1769	1777
1770	1778
1771	1779
1772	1780
1773	1781
1774	1782
1775	1783
1776	1784
1777	1785
1778	1786
1779	1787
1780	1788
1781	1789
1782	1790
1783	1791
1784	1792
1785	1793
1786	1794
1787	1795
1788	1796
1789	1797
1790	1798
1791	1799
1792	1800
1793	1801
1794	1802
1795	1803
1796	1804
1797	1805
1798	1806
1799	1807
1800	1808
1801	1809
1802	1810
1803	1811
1804	1812
1805	1813
1806	1814
1807	1815
1808	1816
1809	1817
1810	1818
1811	1819
1812	1820
1813	1821
1814	1822
1815	1823
1816	1824
1817	1825
1818	1826
1819	1827
1820	1828
1821	1829
1822	1830
1823	1831
1824	1832
1825	1833
1826	1834
1827	1835
1828	1836
1829	1837
1830	1838
1831	1839
1832	1840
1833	1841
1834	1842
1835	1843
1836	1844
1837	1845
1838	1846
1839	1847
1840	1848
1841	1849
1842	1850
1843	1851
1844	1852
1845	1853
1846	1854
1847	1855
1848	1856
1849	1857
1850	1858
1851	1859
1852	1860
1853	1861
1854	1862
1855	1863
1856	1864
1857	1865
1858	1866
1859	1867
1860	1868
1861	1869
1862	1870
1863	1871
1864	1872
1865	1873
1866	1874
1867	1875
1868	1876
1869	1877
1870	1878
1871	1879
1872	1880
1873	1881
1874	1882
1875	1883
1876	1884
1877	1885
1878	1886
1879	1887
1880	1888
1881	1889
1882	1890
1883	1891
1884	1892
1885	1893
1886	1894
1887	1895
1888	1896
1889	1897
1890	1898
1891	1899
1892	1900
1893	1901
1894	1902
1895	1903
1896	1904
1897	1905
1898	1906
1899	1907
1900	1908
1901	1909
1902	1910
1903	1911
1904	1912
1905	1913
1906	1914
1907	1915
1908	1916
1909	1917
1910	1918
1911	1919
1912	1920
1913	1921
1914	1922
1915	1923
1916	1924
1917	1925
1918	1926
1919	1927
1920	1928
1921	1929
1922	1930
1923	1931
1924	1932
1925	1933
1926	1934
1927	1935
1928	1936
1929	1937
1930	1938
1931	1939
1932	1940
1933	1941
1934	1942
1935	1943
1936	1944
1937	1945
1938	1946
1939	1947
1940	1948
1941	1949
1942	1950
1943	1951
1944	1952
1945	1953
1946	1954
1947	1955
1948	1956
1949	1957
1950	1958
1951	1959
1952	1960
1953	1961
1954	1962
1955	1963
1956	1964
1957	1965
1958	1966
1959	1967
1960	1968
1961	1969
1962	1970
1963	1971
1964	1972
1965	1973
1966	1974
1967	1975
1968	1976
1969	1977
1970	1978
1971	1979
1972	1980
1973	1981
1974	1982
1975	1983
1976	1984
1977	1985
1978	1986
1979	1987
1980	1988
1981	1989
1982	1990
1983	1991
1984	1992
1985	1993
1986	1994
1987	1995
1988	1996
1989	1997
1990	1998
1991	1999
1992	2000
1993	2001
1994	2002
1995	2003
1996	2004
1997	2005
1998	2006
1999	2007
2000	2008
2001	2009
2002	2010
2003	2011
2004	2012
2005	2013
2006	2014
2007	2015
2008	2016
2009	2017
2010	2018
2011	2019
2012	2020
2013	2021
2014	2022
2015	2023
2016	2024
2017	2025
2018	2026
2019	2027
2020	2028
2021	2029
2022	2030
2023	2031
2024	2032
2025	2033
2026	2034
2027	2035
2028	2036
2029	2037
2030	2038
2031	2039
2032	2040
2033	2041
2034	2042
2035	2043
2036	2044
2037	2045
2038	2046
2039	2047
2040	2048
2041	2049
2042	2050
2043	2051
2044	2052
2045	2053
2046	2054
2047	2055
2048	2056
2049	2057
2050	2058
2051	2059
2052	2060
2053	2061
2054	2062
2055	2063
2056	2064
2057	2065
2058	2066
2059	2067
2060	2068
2061	2069
2062	2070
2063	2071
2064	2072
2065	2073
2066	2074
2067	2075
2068	2076
2069	2077
2070	2078
2071	2079
2072	2080
2073	2081
2074	2082
2075	2083
2076	2084
2077	2085
2078	2086
2079	2087
2080	2088
2081	2089
2082	2090
2083	2091
2084	2092
2085	2093
2086	2094
2087	2095
2088	2096
2089	2097
2090	2098
2091	2099
2092	2100
2093	2101
2094	2102
2095	2103
2096	2104
2097	2105
2098	2106
2099	2107
2100	2108
2101	2109
2102	2110
2103	2111
2104	2112
2105	2113
2106	2114
2107	2115
2108	2116
2109	2117
2110	2118
2111	2119
2112	2120
2113	2121
2114	2122
2115	2123
2116	2124
2117	2125
2118	2126
2119	2127
2120	2128
2121	2129
2122	2130
2123	2131
2124	2132
2125	2133
2126	2134
2127	2135
2128	2136
2129	2137
2130	2138
2131	2139
2132	2140
2133	2141
2134	2142
2135	2143
2136	2144
2137	2145
2138	2146
2139	2147
2140	2148
2141	2149
2142	2150
2143	2151
2144	2152
2145	2153
2146	2154
2147	2155
2148	2156
2149	2157
2150	2158
2151	2159
2152	2160
2153	2161
2154	2162
2155	2163
2156	2164
2157	2165
2158	2166
2159	2167
2160	2168
2161	2169
2162	2170
2163	2171
2164	2172
2165	2173
2166	2174
2167	2175
2168	2176
2169	2177
2170	2178
2171	2179
2172	2180
2173	2181
2174	2182
2175	2183
2176	2184
2177	2185
2178	2186
2179	2187
2180	2188
2181	2189
2182	2190
2183	2191
2184	2192
2185	2193
2186	2194
2187	2195
2188	2196
2189	2197
2190	2198
2191	2199
2192	2200
2193	2201
2194	2202
2195	2203
2196	2204
2197	2205
2198	2206
2199	2207
2200	2208
2201	2209
2202	2210
2203	2211
2204	2212
2205	2213
2206	2214
2207	2215
2208	2216
2209	2217
2210	2218
2211	2219
2212	2220
2213	2221
2214	2222
2215	2223
2216	2224
2217	2225
2218	2226
2219	2227
2220	2228
2221	2229
2222	2230
2223	2231
2224	2232
2225	2233
2226	2234
2227	2235
2228	2236
2229	2237
2230	2238
2231	2239
2232	2240
2233	2241
2234	2242
2235	2243
2236	2244
2237	2245
2238	2246
2239	2247
2240	2248
2241	2249
2242	2250
2243	2251
2244	2252
2245	2253
2246	2254
2247	2255
2248	2256
2249	2257
2250	2258
2251	2259
2252	2260
2253	2261
2254	2262
2255	2263
2256	2264
2257	2265
2258	2266
2259	2267
2260	2268
2261	2269
2262	2270
2263	2271
2264	2272
2265	2273
2266	2274
2267	2275
2268	2276
2269	2277
2270	2278
2271	2279
2272	2280
2273	2281
2274	2282
2275	2283
2276	2284
2277	2285
2278	2286
2279	2287
2280	2288
2281	2289
2282	2290
2283	2291
2284	2292
2285	2293
2286	2294
2287	2295
2288	2296
2289	2297
2290	2298
2291	2299
2292	2300
2293	2301
2294	2302
2295	2303
2296	2304
2297	2305
2298	2306
2299	2307
2300	2308
2301	2309
2302	2310
2303	2311
2304	2312
2305	2313
2306	2314
2307	2315
2308	2316
2309	2317
2310	2318
2311	2319
2312	2320
2313	2321
2314	2322
2315	2323
2316	2324
2317	2325
2318	2326
2319	2327
2320	2328
2321	2329
2322	2330
2323	2331
2324	2332
2325	2333
2326	2334
2327	2335
2328	2336
2329	2337
2330	2338
2331	2339
2332	2340
2333	2341
2334	2342
2335	2343
2336	2344
2337	2345
2338	2346
2339	2347
2340	2348
2341	2349
2342	2350
2343	2351
2344	2352
2345	2353
2346	2354
2347	2355
2348	2356
2349	2357
2350	2358
2351	2359
2352	2360
2353	2361
2354	2362
2355	2363
2356	2364
2357	2365
2358	2366
2359	2367
2360	2368
2361	2369
2362	2370
2363	2371
2364	2372
2365	2373
2366	2374
2367	2375
2368	2376
2369	2377
2370	2378
2371	2379
2372	2380
2373	2381
2374	2382
2375	2383
2376	2384
2377	2385
2378	2386
2379	2387
2380	2388
2381	2389
2382	2390
2383	2391
2384	2392
2385	2393
2386	2394
2387	2395
2388	2396
2389	2397
2390	2398
2391	2399
2392	2400
2393	2401
2394	2402
2395	2403
2396	2404
2397	2405
2398	2406
2399	2407
2400	2408
2401	2409
2402	2410
2403	2411
2404	2412
2405	2413
2406	2414
2407	2415
2408	2416
2409	2417
2410	2418
2411	2419
2412	2420
2413	2421
2414	2422
2415	2423
2416	2424
2417	2425
2418	2426
2419	2427
2420	2428
2421	2429
2422	2430
2423	2431
2424	2432
2425	2433
2426	2434
2427	2435
2428	2436
2429	2437
2430	2438
2431	2439
2432	2440
2433	2441
2434	2442
2435	2443
2436	2444
2437	2445
2438	2446
2439	2447
2440	2448
2441	2449
2442	2450
2443	2451
2444	2452
2445	2453
2446	2454
2447	2455
2448	2456
2449	2457
2450	2458
2451	2459
2452	2460
2453	2461
2454	2462
2455	2463
2456	2464
2457	2465
2458	2466
2459	2467
2460	2468
2461	2469
2462	2470
2463	2471
2464	2472
2465	2473
2466	2474
2467	2475
2468	2476
2469	2477
2470	2478
2471	2479
2472	2480
2473	2481
2474	2482
2475	2483
2476	2484
2477	2485
2478	2486
2479	2487
2480	2488
2481	2489
2482	2490
2483	2491
2484	2492
2485	2493
2486	2494
2487	2495
2488	2496
2489	2497
2490	2498
2491	2499
2492	2500
2493	2501
2494	2502
2495	2503
2496	2504
2497	2505
2498	2506
2499	2507
2500	2508
2501	2509
2502	2510
2503	2511
2504	2512
2505	2513
2506	2514
2507	2515
2508	2516
2509	2517
2510	2518
2511	2519
2512	2520
2513	2521
2514	2522
2515	2523
2516	2524
2517	2525
2518	2526
2519	2527
2520	2528
2521	2529
2522	2530
2523	2531
2524	2532
2525	2533
2526	2534
2527	2535
2528	2536
2529	2537
2530	2538
2531	2539
2532	2540
2533	2541
2534	2542
2535	2543
2536	2544
2537	2545
2538	2546
2539	2547
2540	2548
2541	2549
2542	2550
2543	2551
2544	2552
2545	2553
2546	2554
2547	2555
2548	2556
2549	2557
2550	2558
2551	2559
2552	2560
2553	2561
2554	2562
2555	2563
2556	2564
2557	2565
2558	2566
2559	2567
2560	2568
2561	2569
2562	2570
2563	2571
2564	2572
2565	2573
2566	2574
2567	2575
2568	2576
2569	2577
2570	2578
2571	2579
2572	2580
2573	2581
2574	2582
2575	2583
2576	2584
2577	2585
2578	2586
2579	2587
2580	2588
2581	2589
2582	2590
2583	2591
2584	2592
2585	2593
2586	2594
2587	2595
2588	2596
2589	2597
2590	2598
2591	2599
2592	2600
2593	2601
2594	2602
2595	2603
2596	2604
2597	2605
2598	2606
2599	2607
2600	2608
2601	2609
2602	2610
2603	2611
2604	2612
2605	2613
2606	2614
2607	2615
2608	2616
2609	2617
2610	2618
2611	2619
2612	2620
2613	2621
2614	2622
2615	2623
2616	2624
2617	2625
2618	2626
2619	2627
2620	2628
2621	2629
2622	2630
2623	2631
2624	2632
2625	2633
2626	2634
2627	2635
2628	2636
2629	2637
2630	2638
2631	2639
2632	2640
2633	2641
2634	2642
2635	2643
2636	2644
2637	2645
2638	2646
2639	2647
2640	2648
2641	2649
2642	2650
2643	2651
2644	2652
2645	2653
2646	2654
2647	2655
2648	2656
2649	2657
2650	2658
2651	2659
2652	2660
2653	2661
2654	2662
2655	2663
2656	2664
2657	2665
2658	2666
2659	2667
2660	2668
2661	2669
2662	2670
2663	2671
2664	2672
2665	2673
2666	2674
2667	2675
2668	2676
2669	2677
2670	2678
2671	2679
2672	2680
2673	2681
2674	2682
2675	2683
2676	2684
2677	2685
2678	2686
2679	2687
2680	2688
2681	2689
2682	2690
2683	2691
2684	2692
2685	2693
2686	2694
2687	2695
2688	2696
2689	2697
2690	2698
2691	2699
2692	2700
2693	2701
2694	2702
2695	2703
2696	2704
2697	2705
2698	2706
2699	2707
2700	2708
2701	2709
2702	2710
2703	2711
2704	2712
2705	2713
2706	2714
2707	2715
2708	2716
2709	2717
2710	2718
2711	2719
2712	2720
2713	2721
2714	2722
2715	2723
2716	2724
2717	2725
2718	2726
2719	2727
2720	2728
2721	2729
2722	2730
2723	2731
2724	2732
2725	2733
2726	2734
2727	2735
2728	2736
2729	2737
2730	2738
2731	2739
2732	2740
2733	2741
2734	2742
2735	2743
2736	2744
2737	2745
2738	2746
2739	2747
2740	2748
2741	2749
2742	2750
2743	2751
2744	2752
2745	2753
2746	2754
2747	2755
2748	2756
2749	2757
2750	2758
2751	2759
2752	2760
2753	2761
2754	2762
2755	2763
2756	2764
2757	2765
2758	2766
2759	2767
2760	2768
2761	2769
2762	2770
2763	2771
2764	2772
2765	2773
2766	2774
2767	2775
2768	2776
2769	2777
2770	2778
2771	2779
2772	2780
2773	2781
2774	2782
2775	2783
2776	2784
2777	2785
2778	2786
2779	2787
2780	2788
2781	2789
2782	2790
2783	2791
2784	2792
2785	2793
2786	2794
2787	2795
2788	2796
2789	2797
2790	2798
2791	2799
2792	2800
2793	2801
2794	2802
2795	2803
2796	2804
2797	2805
2798	2806
2799	2807
2800	2808
2801	2809
2802	2810
2803	2811
2804	2812
2805	2813
2806	2814
2807	2815
2808	2816
2809	2817
2810	2818
2811	2819
2812	2820
2813	2821
2814	2822
2815	2823
2816	2824
2817	2825
2818	2826
2819	2827
2820	2828
2821	2829
2822	2830
2823	2831
2824	2832
2825	2833
2826	2834
2827	2835
2828	2836
2829	2837
2830	2838
2831	2839
2832	2840
2833	2841
2834	2842
2835	2843
2836	2844
2837	2845
2838	2846
2839	2847
2840	2848
2841	2849
2842	2850
2843	2851
2844	2852
2845	2853
2846	2854
2847	2855
2848	2856
2849	2857
2850	2858
2851	2859
2852	2860
2853	2861
2854	2862
2855	2863
2856	2864
2857	2865
2858	2866
2859	2867
2860	2868
2861	2869
2862	2870
2863	2871
2864	2872
2865	2873
2866	2874
2867	2875
2868	2876
2869	2877
2870	2878
2871	2879
2872	2880
2873	2881
2874	2882
2875	2883
2876	2884
2877	2885
2878	2886
2879	2887
2880	2888
2881	2889
2882	2890
2883	2891
2884	2892
2885	2893
2886	2894
2887	2895
2888	2896
2889	2897
2890	2898
2891	2899
2892	2900
2893	2901
2894	2902
2895	2903
2896	2904
2897	2905
2898	2906
2899	2907
2900	2908
2901	2909
2902	2910
2903	2911
2904	2912
2905	2913
2906	2914
2907	2915
2908	2916
2909	2917
2910	2918
2911	2919
2912	2920
2913	2921
2914	2922
2915	2923
2916	2924
2917	2925
2918	2926
2919	2927
2920	2928
2921	2929
2922	2930
2923	2931
2924	2932
2925	2933
2926	2934
2927	2935
2928	2936
2929	2937
2930	2938
2931	2939
2932	2940
2933	2941
2934	2942
2935	2943
2936	2944
2937	2945
2938	2946
2939	2947
2940	2948
2941	2949
2942	2950
2943	2951
2944	2952
2945	2953
2946	2954
2947	2955
2948	2956
2949	2957
2950	2958
2951	2959
2952	2960
2953	2961
2954	2962
2955	2963
2956	2964
2957	2965
2958	2966
2959	2967
2960	2968
2961	2969
2962	2970
2963	2971
2964	2972
2965	2973
2966	2974
2967	2975
2968	2976
2969	2977
2970	2978
2971	2979
2972	2980
2973	2981
2974	2982
2975	2983
2976	2984
2977	2985
2978	2986
2979	2987
2980	2988
2981	2989
2982	2990
2983	2991
2984	2992
2985	2993
2986	2994
2987	2995
2988	2996
2989	2997
2990	2998
2991	2999
2992	3000
2993	3001
2994	3002
2995	3003
2996	3004
2997	3005
2998	3006
2999	3007
3000	3008
3001	3009
3002	3010
3003	3011
3004	3012
3005	3013
3006	3014
3007	3015
3008	3016
3009	3017
3010	3018
3011	3019
3012	3020
3013	3021
3014	3022
3015	3023
3016	3024
3017	3025
3018	3026
3019	3027
3020	3028
3021	3029
3022	3030
3023	3031
3024	3032
3025	3033
3026	3034
3027	3035
3028	3036
3029	3037
3030	3038
3031	3039
3032	3040
3033	3041
3034	3042
3035	3043
3036	3044
3037	3045
3038	3046
3039	3047
3040	3048
3041	3049
3042	3050
3043	3051
3044	3052
3045	3053
3046	3054
3047	3055
3048	3056
3049	3057
3050	3058
3051	3059
3052	3060
3053	3061
3054	3062
3055	3063
3056	3064
3057	3065
3058	3066
3059	3067
3060	3068
3061	3069
3062	3070
3063	3071
3064	3072
3065	3073
3066	3074
3067	3075
3068	3076
3069	3077
3070	3078
3071	3079
3072	3080
3073	3081
3074	3082
3075	3083
3076	3084
3077	3085
3078	3086
3079	3087
3080	3088
3081	3089
3082	3090
3083	3091
3084	3092
3085	3093
3086	3094
3087	3095
3088	3096
3089	3097
3090	3098
3091	3099
3092	3100
3093	3101
3094	3102
3095	3103
3096	3104
3097	3105
3098	3106
3099	3107
3100	3108
3101	3109
3102	3110
3103	3111
3104	3112
3105	3113
3106	3114
3107	3115
3108	3116
3109	3117
3110	3118
3111	3119
3112	3120
3113	3121
3114	3122
3115	3123
3116	3124
3117	3125
3118	3126
3119	3127
3120	3128
3121	3129
3122	3130
3123	3131
3124	3132
3125	3133
3126	3134
3127	3135
3128	3136
3129	3137
3130	3138
3131	3139
3132	3140
3133	3141
3134	3142
3135	3143
3136	3144
3137	3145
3138	3146
3139	3147
3140	3148
3141	3149
3142	3150
3143	3151
3144	3152
3145	3153
3146	3154
3147	3155
3148	3156
3149	3157
3150	3158
3151	3159
3152	3160
3153	3161
3154	3162
3155	3163
3156	3164
3157	3165
3158	3166
3159	3167
3160	3168
3161	3169
3162	3170
3163	3171
3164	3172
3165	3173
3166	3174
3167	3175
3168	3176
3169	3177
3170	3178
3171	3179
3172	3180
3173	3181
3174	3182
3175	3183
3176	3184
3177	3185
3178	3186
3179	3187
3180	3188
3181	3189
3182	3190
3183	3191
3184	3192
3185	3193
3186	3194
3187	3195
3188	3196
3189	3197
3190	3198
3191	3199
3192	3200
3193	3201
3194	3202
3195	3203
3196	3204
3197	3205
3198	3206
3199	3207
3200	3208
3201	3209
3202	3210
3203	3211
3204	3212
3205	3213
3206	3214
3207	3215
3208	3216
3209	3217
3210	3218
3211	3219
3212	3220
3213	3221
3214	3222
3215	3223
3216	3224
3217	3225
3218	3226
3219	3227
3220	3228
3221	3229
3222	3230
3223	3231
3224	3232
3225	3233
3226	3234
3227	3235
3228	3236
3229	3237
3230	3238
3231	3239
3232	3240
3233	3241
3234	3242
3235	3243
3236	3244
3237	3245
3238	3246
3239	3247
3240	3248
3241	3249
3242	3250
3243	3251
3244	3252
3245	3253
3246	3254
3247	3255
3248	3256
3249	3257
3250	3258
3251	3259
3252	3260
3253	3261
3254	3262
3255	3263
3256	3264
3257	3265
3258	3266
3259	3267
3260	3268
3261	3269
3262	3270
3263	3271
3264	3272
3265	3273
3266	3274
3267	3275
3268	3276
3269	3277
3270	3278
3271	3279
3272	3280
3273	3281
3274	3282
3275	3283
3276	3284
3277	3285
3278	3286
3279	3287
3280	3288
3281	3289
3282	3290
3283	3291
3284	3292
3285	3293
3286	3294
3287	3295
3288	3296
3289	3297
3290	3298
3291	3299
3292	3300
3293	3301
3294	3302
3295	3303
3296	3304
3297	3305
3298	3306
3299	3307
3300	3308
3301	3309
3302	3310
3303	3311
3304	3312
3305	3313
3306	3314
3307	3315
3308	3316
3309	3317
3310	3318
3311	3319
3312	3320
3313	3321
3314	3322
3315	3323
3316	3324
3317	3325
3318	3326
3319	3327
3320	3328
3321	3329
3322	3330
3323	3331
3324	3332
3325	3333
3326	3334
3327	3335
3328	3336
3329	3337
3330	3338
3331	3339
3332	3340
3333	3341
3334	3342
3335	3343
3336	3344
3337	3345
3338	3346
3339	3347
3340	3348
3341	3349
3342	3350
3343	3351
3344	3352
3345	3353
3346	3354
3347	3355
3348	3356
3349	3357
3350	3358
3351	3359
3352	3360
3353	3361
3354	3362
3355	3363
3356	3364
3357	3365
3358	3366
3359	3367
3360	3368
3361	3369
3362	3370
3363	3371
3364	3372
3365	3373
3366	3374
3367	3375
3368	3376
3369	3377
3370	3378
3371	3379
3372	3380
3373	3381
3374	3382
3375	3383
3376	3384
3377	3385
3378	3386
3379	3387
3380	3388
3381	3389
3382	3390
3383	3391
3384	3392
3385	3393
3386	3394
3387	3395
3388	3396
3389	3397
3390	3398
3391	3399
3392	3400
3393	3401
3394	3402
3395	3403
3396	3404
3397	3405
3398	3406
3399	3407
3400	3408
3401	3409
3402	3410
3403	3411
3404	3412
3405	3413
3406	3414
3407	3415
3408	3416
3409	3417
3410	3418
3411	3419
3412	3420
3413	3421
3414	3422
3415	3423
3416	3424
3417	3425
3418	3426
3419	3427
3420	3428
3421	3429
3422	3430
3423	3431
3424	3432
3425	3433
3426	3434
3427	3435
3428	3436
3429	3437
3430	3438
3431	3439
3432	3440
3433	3441
3434	3442
3435	3443
3436	3444
3437	3445
3438	3446
3439	3447
3440	3448
3441	3449
3442	3450
3443	3451
3444	3452
3445	3453
3446	3454
3447	3455
3448	3456
3449	3457
3450	3458
3451	3459
3452	3460
3453	3461
3454	3462
3455	3463
3456	3464
3457	3465
3458	3466
3459	3467
3460	3468
3461	3469
3462	3470
3463	3471
3464	3472
3465	3473
3466	3474
3467	3475
3468	3476
3469	3477
3470	3478
3471	3479
3472	3480
3473	3481
3474	3482
3475	3483
3476	3484
3477	3485
3478	3486
3479	3487
3480	3488
3481	3489
3482	3490
3483	3491
3484	3492
3485	3493
3486	3494
3487	3495
3488	3496
3489	3497
3490	3498
3491	3499
3492	3500
3493	3501
3494	3502
3495	3503
3496	3504
3497	3505
3498	3506
3499	3507
3500	3508
3501	3509
3502	3510
3503	3511
3504	3512
3505	3513
3506	3514
3507	3515
3508	3516
3509	3517
3510	3518
3511	3519
3512	3520
3513	3521
3514	3522
3515	3523
3516	3524
3517	3525
3518	3526
3519	3527
3520	3528
3521	3529
3522	3530
3523	3531
3524	3532
3525	3533
3526	3534
3527	3535
3528	3536
3529	3537
3530	3538
3531	3539
3532	3540
3533	3541
3534	3542
3535	3543
3536	3544
3537	3545
3538	3546
3539	3547
3540	3548
3541	3549
3542	3550
3543	3551
3544	3552
3545	3553
3546	3554
3547	3555
3548	3556
3549	3557
3550	3558
3551	3559
3552	3560
3553	3561
3554	3562
3555	3563
3556	3564
3557	3565
3558	3566
3559	3567
3560	3568
3561	3569
3562	3570
3563	3571
3564	3572
3565	3573
3566	3574
3567	3575
3568	3576
3569	3577
3570	3578
3571	3579
3572	3580
3573	3581
3574	3582
3575	3583
3576	3584
3577	3585
3578	3586
3579	3587
3580	3588
3581	3589
3582	3590
3583	3591
3584	3592
3585	3593
3586	3594
3587	3595
3588	3596
3589	3597
3590	3598
3591	3599
3592	3600
3593	3601
3594	3602
3595	3603
3596	3604
3597	3605
3598	3606
3599	3607
3600	3608
3601	3609
3602	3610
3603	3611
3604	3612
3605	3613
3606	3614
3607	3615
3608	3616
3609	3617
3610	3618
3611	3619
3612	3620
3613	3621
3614	3622
3615	3623
3616	3624
3617	3625
3618	3626
3619	3627
3620	3628
3621	3629
3622	3630
3623	3631
3624	3632
3625	3633
3626	3634
3627	3635
3628	3636
3629	3637
3630	3638
3631	3639
3632	3640
3633	3641
3634	3642
3635	3643
3636	3644
3637	3645
3638	3646
3639	3647
3640	3648
3641	3649
3642	3650
3643	3651
3644	3652
3645	3653
3646	3654
3647	3655
3648	3656
3649	3657
3650	3658
3651	3659
3652	3660
3653	3661
3654	3662
3655	3663
3656	3664
3657	3665
3658	3666
3659	3667
3660	3668
3661	3669
3662	3670
3663	3671
3664	3672
3665	3673
3666	3674
3667	3675
3668	3676
3669	3677
3670	3678
3671	3679
3672	3680
3673	3681
3674	3682
3675	3683
3676	3684
3677	3685
3678	3686
3679	3687
3680	3688
3681	3689
3682	3690
3683	3691
3684	3692
3685	3693
3686	3694
3687	3695
3688	3696
3689	3697
3690	3698
3691	3699
3692	3700
3693	3701
3694	3702
3695	3703
3696	3704
3697	3705
3698	3706
3699	3707
3700	3708
3701	3709
3702	3710
3703	3711
3704	3712
3705	3713
3706	3714
3707	3715
3708	3716
3709	3717
3710	3718
3711	3719
3712	3720
3713	3721
3714	3722
3715	3723
3716	3724
3717	3725
3718	3726
3719	3727
3720	3728
3721	3729
3722	3730
3723	3731
3724	3732
3725	3733
3726	3734
3727	3735
3728	3736
3729	3737
3730	3738
3731	3739
3732	3740
3733	3741
3734	3742
3735	3743
3736	3744
3737	3745
3738	3746
3739	3747
3740	3748
3741	3749
3742	3750
3743	3751
3744	3752
3745	3753
3746	3754
3747	3755
3748	3756
3749	3757
3750	3758
3751	3759
3752	3760
3753	3761
3754	3762
3755	3763
3756	3764
3757	3765
3758	3766
3759	3767
3760	3768
3761	3769
3762	3770
3763	3771
3764	3772
3765	3773
3766	3774
3767	3775
3768	3776
3769	3777
3770	3778
3771	3779
3772	3780
3773	3781
3774	3782
3775	3783
3776	3784
3777	3785
3778	3786
3779	3787
3780	3788
3781	3789
3782	3790
3783	3791
3784	3792
3785	3793
3786	3794
3787	3795
3788	3796
3789	3797
3790	3798
3791	3799
3792	3800
3793	3801
3794	3802
3795	3803
3796	3804
3797	3805
3798	3806
3799	3807
3800	3808
3801	3809
3802	3810
3803	3811
3804	3812
3805	3813
3806	3814
3807	3815
3808	3816
3809	3817
3810	3818
3811	3819
3812	3820
3813	3821
3814	3822
3815	3823
3816	3824
3817	3825
3818	3826
3819	3827
3820	3828
3821	3829
3822	3830
3823	3831
3824	3832
3825	3833
3826	3834
3827	3835
3828	3836
3829	3837
3830	3838
3831	3839
3832	3840
3833	3841
3834	3842
3835	3843
3836	3844
3837	3845
3838	3846
3839	3847
3840	3848
3841	3849
3842	3850
3843	3851
3844	3852
3845	3853
3846	3854
3847	3855
3848	3856
3849	3857
3850	3858
3851	3859
3852	3860
3853	3861
3854	3862
3855	3863
3856	3864
3857	3865
3858	3866
3859	3867
3860	3868
3861	3869
3862	3870
3863	3871
3864	3872
3865	3873
3866	3874
3867	3875
3868	3876
3869	3877
3870	3878
3871	3879
3872	3880
3873	3881
3874	3882
3875	3883
3876	3884
3877	3885
3878	3886
3879	3887
3880	3888
3881	3889
3882	3890
3883	3891
3884	3892
3885	3893
3886	3894
3887	3895
3888	3896
3889	3897
3890	3898
3891	3899
3892	3900
3893	3901
3894	3902
3895	3903
3896	3904
3897	3905
3898	3906
3899	3907
3900	3908
3901	3909
3902	3910
3903	3911
3904	3912
3905	3913
3906	3914
3907	3915
3908	3916
3909	3917
3910	3918
3911	3919
3912	3920
3913	3921
3914	3922
3915	3923
3916	3924
3917	3925
3918	3926
3919	3927
3920	3928
3921	3929
3922	3930
3923	3931
3924	3932
3925	3933
3926	3934
3927	3935
3928	3936
3929	3937
3930	3938
3931	3939
3932	3940
3933	3941
3934	3942
3935	3943
3936	3944
3937	3945
3938	3946
3939	3947
3940	3948
3941	3949
3942	3950
3943	3951
3944	3952
3945	3953
3946	3954
3947	3955
3948	3956
3949	3957
3950	3958
3951	3959
3952	3960
3953	3961
3954	3962
3955	3963
3956	3964
3957	3965
3958	3966
3959	3967
3960	3968
3961	3969
3962	3970
3963	3971
3964	3972
3965	3973
3966	3974
3967	3975
3968	3976
3969	3977
3970	3978
3971	3979
3972	3980
3973	3981
3974	3982
3975	3983
3976	3984
3977	3985
3978	3986
3979	3987
3980	3988
3981	3989
3982	3990
3983	3991
3984	3992
3985	3993
3986	3994
3987	3995
3988	3996
3989	3997
3990	3998
3991	3999
3992	4000
3993	4001
3994	4002
3995	4003
3996	4004
3997	4005
3998	4006
3999	4007
4000	4008
4001	4009
4002	4010
4003	4011
4004	4012
4005	4013
4006	4014
4007	4015
4008	4016
4009	4017
4010	4018
4011	4019
4012	4020
4013	4021
4014	4022
4015	4023
4016	4024
4017	4025
4018	4026
4019	4027
4020	4028
4021	4029
4022	4030
4023	4031
4024	4032
4025	4033
4026	4034
4027	4035
4028	4036
4029	4037
4030	4038
4031	4039
4032	4040
4033	4041
4034	4042
4035	4043
4036	4044
4037	4045
4038	4046
4039	4047
4040	4048
4041	4049
4042	4050
4043	4051
4044	4052
4045	4053
4046	4054
4047	4055
4048	4056
4049	4057
4050	4058
4051	4059
4052	4060
4053	4061
4054	4062
4055	4063
4056	4064
4057	4065
4058	4066
4059	4067
4060	4068
4061	4069
4062	4070
4063	4071
4064	4072
4065	4073
4066	4074
4067	4075
4068	4076
4069	4077
4070	4078
4071	4079
4072	4080
4073	4081
4074	4082
4075	4083
4076	4084
4077	4085
4078	4086
4079	4087
4080	4088
4081	4089
4082	4090
4083	4091
4084	4092
4085	4093
4086	4094
4087	4095
4088	4096
4089	4097
4090	4098
4091	4099
4092	4100
4093	4101
4094	4102
4095	4103
4096	4104
4097	4105
4098	4106
4099	4107
4100	4108
4101	4109
4102	4110
4103	4111
4104	4112
4105	4113
4106	4114
4107	4115
4108	4116
4109	4117
4110	4118
4111	4119
4112	4120
4113	4121
4114	4122
4115	4123
4116	4124
4117	4125
4118	4126
4119	4127
4120	4128
4121	4129
4122	4130
4123	4131
4124	4132
4125	4133
4126	4134
4127	4135
4128	4136
4129	4137
4130	4138
4131	4139
4132	4140
4133	4141
4134	4142
4135	4143
4136	4144
4137	4145
4138	4146
4139	4147
4140	4148
4141	4149
4142	4150
4143	4151
4144	4152
4145	4153
4146	4154
4147	4155
4148	4156
4149	4157
4150	4158
4151	4159
4152	4160
4153	4161
4154	4162
4155	4163
4156	4164
4157	4165
4158	4166
4159	4167
4160	4168
4161	4169
4162	4170
4163	4171
4164	4172
4165	4173
4166	4174
4167	4175
4168	4176
4169	4177
4170	4178
4171	4179
4172	4180
4173	4181
4174	4182
4175	4183
4176	4184
4177	4185
4178	4186
4179	4187
4180	4188
4181	4189
4182	4190
4183	4191
4184	4192
4185	4193
4186	4194
4187	4195
4188	4196
4189	4197
4190	4198
4191	4199
4192	4200
4193	4201
4194	4202
4195	4203
4196	4204
4197	4205
4198	4206
4199	4207
4200	4208
4201	4209
4202	4210
4203	4211
4204	4212
4205	4213
4206	4214
4207	4215
4208	4216
4209	4217
4210	4218
4211	4219
4212	4220
4213	4221
4214	4222
4215	4223
4216	4224
4217	4225
4218	4226
4219	4227
4220	4228
4221	4229
4222	4230
4223	4231
4224	4232
4225	4233
4226	4234
4227	4235
4228	4236
4229	4237
4230	4238
4231	4239
4232	4240
4233	4241
4234	4242
4235	4243
4236	4244
4237	4245
4238	4246
4239	4247
4240	4248
4241	4249
4242	4250
4243	4251
4244	4252
4245	4253
4246	4254
4247	4255
4248	4256
4249	4257
4250	4258
4251	4259
4252	4260
4253	4261
4254	4262
4255	4263
4256	4264
4257	4265
4258	4266
4259	4267
4260	4268
4261	4269
4262	4270
4263	4271
4264	4272
4265	4273
4266	4274
4267	4275
4268	4276
4269	4277
4270	4278
4271	4279
4272	4280
4273	4281
4274	4282
4275	4283
4276	4284
4277	4285
4278	4286
4279	4287
4280	4288
4281	4289
4282	4290
4283	4291
4284	4292
4285	4293
4286	4294
4287	4295
4288	4296
4289	4297
4290	4298
4291	4299
4292	4300
4293	4301
4294	4302
4295	4303
4296	4304
4297	4305
4298	4306
4299	4307
4300	4308
4301	4309
4302	4310
4303	4311
4304	4312
4305	4313
4306	4314
4307	4315
4308	4316
4309	4317
4310	4318
4311	4319
4312	4320
4313	4321
4314	4322
4315	4323
4316	4324
4317	4325
4318	4326
4319	4327
4320	4328
4321	4329
4322	4330
4323	4331
4324	4332
4325	4333
4326	4334
4327	4335
4328	4336
4329	4337
4330	4338
4331	4339
4332	4340
4333	4341
4334	4342
4335	4343
4336	4344
4337	4345
4338	4346
4339	4347
4340	4348
4341	4349
4342	4350
4343	4351
4344	4352
4345	4353
4346	4354
4347	4355
4348	4356
4349	4357
4350	4358
4351	4359
4352	4360
4353	4361
4354	4362
4355	4363
4356	4364
4357	4365
4358	4366
4359	4367
4360	4368
4361	4369
4362	4370
4363	4371
4364	4372
4365	4373
4366	4374
4367	4375
4368	4376
4369	4377
4370	4378
4371	4379
4372	4380
4373	4381
4374	4382
4375	4383
4376	4384
4377	4385
4378	4386
4379	4387
4380	4388
4381	4389
4382	4390
4383	4391
4384	4392
4385	4393
4386	4394
4387	4395
4388	4396
4389	4397
4390	4398
4391	4399
4392	4400
4393	4401
4394	4402
4395	4403
4396	4404
4397	4405
4398	4406
4399	4407
4400	4408
4401	4409
4402	4410
4403	4411
4404	4412
4405	4413
4406	4414
4407	4415
4408	4416
4409	4417
4410	4418
4411	4419
4412	4420
4413	4421
4414	4422
4415	4423
4416	4424
4417	4425
4418	4426
4419	4427
4420	4428
4421	4429
4422	4430
4423	4431
4424	4432
4425	4433
4426	4434
4427	4435
4428	4436
4429	4437
4430	4438
4431	4439
4432	4440
4433	4441
4434	4442
4435	4443
4436	4444
4437	4445
4438	4446
4439	4447
4440	4448
4441	4449
4442	4450
4443	4451
4444	4452
4445	4453
4446	4454
4447	4455
4448	4456
4449	4457
4450	4458
4451	4459
4452	4460
4453	4461
4454	4462
4455	4463
4456	4464
4457	4465
4458	4466
4459	4467
4460	4468
4461	4469
4462	4470
4463	4471
4464	4472
4465	4473
4466	4474
4467	4475
4468	4476
4469	4477
4470	4478
4471	4479
4472	4480
4473	4481
4474	4482
4475	4483
4476	4484
4477	4485
4478	4486
4479	4487
4480	4488
4481	4489
4482	4490
4483	4491
4484	4492
4485	4493
4486	4494
4487	4495
4488	4496
4489	4497
4490	4498
4491	4499
4492	4500
4493	4501
4494	4502
4495	4503
4496	4504
4497	4505
4498	4506
4499	4507
4500	4508
4501	4509
4502	4510
4503	4511
4504	4512
4505	4513
4506	4514
4507	4515
4508	4516
4509	4517
4510	4518
4511	4519
4512	4520
4513	4521
4514	4522
4515	4523
4516	4524
4517	4525
4518	4526
4519	4527
4520	4528
4521	4529
4522	4530
4523	4531
4524	4532
4525	4533
4526	4534
4527	4535
4528	4536
4529	4537
4530	4538
4531	4539
4532	4540
4533	4541
4534	4542
4535	4543
4536	4544
4537	4545
4538	4546
4539	4547
4540	4548
4541	4549
4542	4550
4543	4551
4544	4552
4545	4553
4546	4554
4547	4555
4548	4556
4549	4557
4550	4558
4551	4559
4552	4560
4553	4561
4554	4562
4555	4563
4556	4564
4557	4565
4558	4566
4559	4567
4560	4568
4561	4569
4562	4570
4563	4571
4564	4572
4565	4573
4566	4574
4567	4575
4568	4576
4569	4577
4570	4578
4571	4579
4572	4580
4573	4581
4574	4582
4575	4583
4576	4584
4577	4585
4578	4586
4579	4587
4580	4588
4581	4589
4582	4590
4583	4591
4584	4592
4585	4593
4586	4594
4587	4595
4588	4596
4589	4597
4590	4598
4591	4599
4592	4600
4593	4601
4594	4602
4595	4603
4596	4604
4597	4605
4598	4606
4599	4607
4600	4608
4601	4609
4602	4610
4603	4611
4604	4612
4605	4613
4606	4614
4607	4615
4608	4616
4609	4617
4610	4618
4611	4619
4612	4620
4613	4621
4614	4622
4615	4623
4616	4624
4617	4625
4618	4626
4619	4627
4620	4628
4621	4629
4622	4630
4623	4631
4624	4632
4625	4633
4626	4634
4627	4635
4628	4636
4629	4637
4630	4638
4631	4639
4632	4640
4633	4641
4634	4642
4635	4643
4636	4644
4637	4645
4638	4646
4639	4647
4640	4648
4641	4649
4642	4650
4643	4651
4644	4652
4645	4653
4646	4654
4647	4655
4648	4656
4649	4657
4650	4658
4651	4659
4652	4660
4653	4661
4654	4662
4655	4663
4656	4664
4657	4665
4658	4666
4659	4667
4660	4668
4661	4669
4662	4670
4663	4671
4664	4672
4665	4673
4666	4674
4667	4675
4668	4676
4669	4677
4670	4678
4671	4679
4672	4680
4673	4681
4674	4682
4675	4683
4676	4684
4677	4685
4678	4686
4679	4687
4680	4688
4681	4689
4682	4690
4683	4691
4684	4692
4685	4693
4686	4694
4687	4695
4688	4696
4689	4697
4690	4698
4691	4699
4692	4700
4693	4701
4694	4702
4695	4703
4696	4704
4697	4705
4698	4706
4699	4707
4700	4708
4701	4709
4702	4710
4703	4711
4704	4712
4705	4713
4706	4714
4707	4715
4708	4716
4709	4717
4710	4718
4711	4719
4712	4720
4713	4721
4714	4722
4715	4723
4716	4724
4717	4725
4718	4726
4719	4727
4720	4728
4721	4729
4722	4730
4723	4731
4724	4732
4725	4733
4726	4734
4727	4735
4728	4736
4729	4737
4730	4738
4731	4739
4732	4740
4733	4741
4734	4742
4735	4743
4736	4744
4737	4745
4738	4746
4739	4747
4740	4748
4741	4749
4742	4750
4743	4751
4744	4752
4745	4753
4746	4754
4747	4755
4748	4756
4749	4757
4750	4758
4751	4759
4752	4760
4753	4761
4754	4762
4755	4763
4756	4764
4757	4765
4758	4766
4759	4767
4760	4768
4761	4769
4762	4770
4763	4771
4764	4772
4765	4773
4766	4774
4767	4775
4768	4776
4769	4777
4770	4778
4771	4779
4772	4780
4773	4781
4774	4782
4775	4783
4776	4784
4777	4785
4778	4786
4779	4787
4780	4788
4781	4789
4782	4790
4783	4791
4784	4792
4785	4793
4786	4794
4787	4795
4788	4796
4789	4797
4790	4798
4791	4799
4792	4800
4793	4801
4794	4802
4795	4803
4796	4804
4797	4805
4798	4806
4799	4807
4800	4808
4801	4809
4802	4810
4803	4811
4804	4812
4805	4813
4806	4814
4807	4815
4808	4816
4809	4817
4810	4818
4811	4819
4812	4820
4813	4821
4814	4822
4815	4823
4816	4824
4817	4825
4818	4826
4819	4827
4820	4828
4821	4829
4822	4830
4823	4831
4824	4832
4825	4833
4826	4834
4827	4835
4828	4836
4829	4837
4830	4838
4831	4839
4832	4840
4833	4841
4834	4842
4835	4843
4836	4844
4837	4845
4838	4846
4839	4847
4840	4848
4841	4849
4842	4850
4843	4851
4844	4852
4845	4853
4846	4854
4847	4855
4848	4856
4849	4857
4850	4858
4851	4859
4852	4860
4853	4861
4854	4862
4855	4863
4856	4864
4857	4865
4858	4866
4859	4867
4860	4868
4861	4869
4862	4870
4863	4871
4864	4872
4865	4873
4866	4874
4867	4875
4868	4876
4869	4877
4870	4878
4871	4879
4872	4880
4873	4881
4874	4882
4875	4883
4876	4884
4877	4885
4878	4886
4879	4887
4880	4888
4881	4889
4882	4890
4883	4891
4884	4892
4885	4893
4886	4894
4887	4895
4888	4896
4889	4897
4890	4898
4891	4899
4892	4900
4893	4901
4894	4902
4895	4903
4896	4904
4897	4905
4898	4906
4899	4907
4900	4908
4901	4909
4902	4910
4903	4911
4904	4912
4905	4913
4906	4914
4907	4915
4908	4916
4909	4917
4910	4918
4911	4919
4912	4920
4913	4921
4914	4922
4915	4923
4916	4924
4917	4925
4918	4926
4919	4927
4920	4928
4921	4929
4922	4930
4923	4931
4924	4932
4925	4933
4926	4934
4927	4935
4928	4936
4929	4937
4930	4938
4931	4939
4932	4940
4933	4941
4934	4942
4935	4943
4936	4944
4937	4945
4938	4946
4939	4947
4940	4948
4941	4949
4942	4950
4943	4951
4944	4952
4945	4953
4946	4954
4947	4955
4948	4956
4949	4957
4950	4958
4951	4959
4952	4960
4953	4961
4954	4962
4955	4963
4956	4964
4957	4965
4958	4966
4959	4967
4960	4968
4961	4969
4962	4970
4963	4971
4964	4972
4965	4973
4966	4974
4967	4975
4968	4976
4969	4977
4970	4978
4971	4979
4972	4980
4973	4981
4974	4982
4975	4983
4976	4984
4977	4985
4978	4986
4979	4987
4980	4988
4981	4989
4982	4990
4983	4991
4984	4992
4985	4993
4986	4994
4987	4995
4988	4996
4989	4997
4990	4998
4991	4999
4992	5000
4993	5001
4994	5002
4995	5003
4996	5004
4997	5005
4998	5006
4999	5007
5000	5008
5001	5009
5002	5010
5003	5011
5004	5012
5005	5013
5006	5014
5007	5015
5008	5016
5009	5017
5010	5018
5011	5019
5012	5020
5013	5021
5014	5022
5015	5023
5016	5024
5017	5025
5018	5026
5019	5027
5020	5028
5021	5029
5022	5030
5023	5031
5024	5032
5025	5033
5026	5034
5027	5035
5028	5036
5029	5037
5030	5038
5031	5039
5032	5040
5033	5041
5034	5042
5035	5043
5036	5044
5037	5045
5038	5046
5039	5047
5040	5048
5041	5049
5042	5050
5043	5051
5044	5052
5045	5053
5046	5054
5047	5055
5048	5056
5049	5057
5050	5058
5051	5059
5052	5060
5053	5061
5054	5062
5055	5063
5056	5064
5057	5065
5058	5066
5059	5067
5060	5068
5061	5069
5062	5070
5063	5071
5064	5072
5065	5073
5066	5074
5067	5075
5068	5076
5069	5077
5070	5078
5071	5079
5072	5080
5073	5081
5074	5082
5075	5083
5076	5084
5077	5085
5078	5086
5079	5087
5080	5088
5081	5089
5082	5090
5083	5091
5084	5092
5085	5093
5086	5094
5087	5095
5088	5096
5089	5097
5090	5098
5091	5099
5092	5100
5093	5101
5094	5102
5095	5103
5096	5104
5097	5105
5098	5106
5099	5107
5100	5108
5101	5109
5102	5110
5103	5111
5104	5112
5105	5113
5106	5114
5107	5115
5108	5116
5109	5117
5110	5118
5111	5119
5112	5120
5113	5121
5114	5122
5115	5123
5116	5124
5117	5125
5118	5126
5119	5127
5120	5128
5121	5129
5122	5130
5123	5131
5124	5132
5125	5133
5126	5134
5127	5135
5128	5136
5129	5137
5130	5138
5131	5139
5132	5140
5133	5141
5134	5142
5135	5143
5136	5144
5137	5145
5138	5146
5139	5147
5140	5148
5141	5149
5142	5150
5143	5151
5144	5152
5145	5153
5146	5154
5147	5155
5148	5156
5149	5157
5150	5158
5151	5159
5152	5160
5153	5161
5154	5162
5155	5163
5156	5164
5157	5165
5158	5166
5159	5167
5160	5168
5161	5169
5162	5170
5163	5171
5164	5172
5165	5173
5166	5174
5167	5175
5168	5176
5169	5177
5170	5178
5171	5179
5172	5180
5173	5181
5174	5182
5175	5183
5176	5184
5177	5185
5178	5186
5179	5187
5180	5188
5181	5189
5182	5190
5183	5191
5184	5192
5185	5193
5186	5194
5187	5195
5188	5196
5189	5197
5190	5198
5191	5199
5192	5200
5193	5201
5194	5202
5195	5203
5196	5204
5197	5205
5198	5206
5199	5207
5200	5208
5201	5209
5202	5210
5203	5211
5204	5212
5205	5213
5206	5214
5207	5215
5208	5216
5209	5217
5210	5218
5211	5219
5212	5220
5213	5221
5214	5222
5215	5223
5216	5224
5217	5225
5218	5226
5219	5227
5220	5228
5221	5229
5222	5230
5223	5231
5224	5232
5225	5233
5226	5234
5227	5235
5228	5236
5229	5237
5230	5238
5231	5239
5232	5240
5233	5241
5234	5242
5235	5243
5236	5244
5237	5245
5238	5246
5239	5247
5240	5248
5241	5249
5242	5250
5243	5251
5244	5252
5245	5253
5246	5254
5247	5255
5248	5256
5249	5257
5250	5258
5251	5259
5252	5260
5253	5261
5254	5262
5255	5263
5256	5264
5257	5265
5258	5266
5259	5267
5260	5268
5261	5269
5262	5270
5263	5271
5264	5272
5265	5273
5266	5274
5267	5275
5268	5276
5269	5277
5270	5278
5271	5279
5272	5280
5273	5281
5274	5282
5275	5283
5276	5284
5277	5285
5278	5286
5279	5287
5280	5288
5281	5289
5282	5290
5283	5291
5284	5292
5285	5293
5286	5294
5287	5295
5288	5296
5289	5297
5290	5298
5291	5299
5292	5300
5293	5301
5294	5302
5295	5303
5296	5304
5297	5305
5298	5306
5299	5307
5300	5308
5301	5309
5302	5310
5303	5311
5304	5312
5305	5313
5306	5314
5307	5315
5308	5316
5309	5317
5310	5318
5311	5319
5312	5320
5313	5321
5314	5322
5315	5323
5316	5324
5317	5325
5318	5326
5319	5327
5320	5328
5321	5329
5322	5330
5323	5331
5324	5332
5325	5333
5326	5334
5327	5335
5328	5336
5329	5337
5330	5338
5331	5339
5332	5340
5333	5341
5334	5342
5335	5343
5336	5344
5337	5345
5338	5346
5339	5347
5340	5348
5341	5349
5342	5350
5343	5351
5344	5352
5345	5353
5346	5354
5347	5355
5348	5356
5349	5357
5350	5358
5351	5359
5352	5360
5353	5361
5354	5362
5355	5363
5356	5364
5357	5365
5358	5366
5359	5367
5360	5368
5361	5369
5362	5370
5363	5371
5364	5372
5365	5373
5366	5374
5367	5375
5368	5376
5369	5377
5370	5378
5371	5379
5372	5380
5373	5381
5374	5382
5375	5383
5376	5384
5377	5385
5378	5386
5379	5387
5380	5388
5381	5389
5382	5390
5383	5391
5384	5392
5385	5393
5386	5394
5387	5395
5388	5396
5389	5397
5390	5398
5391	5399
5392	5400
5393	5401
5394	5402
5395	5403
5396	5404
5397	5405
5398	5406
5399	5407
5400	5408
5401	5409
5402	5410
5403	5411
5404	5412
5405	5413
5406	5414
5407	5415
5408	5416
5409	5417
5410	5418
5411	5419
5412	5420
5413	5421
5414	5422
5415	5423
5416	5424
5417	5425
5418	5426
5419	5427
5420	5428
5421	5429
5422	5430
5423	5431
5424	5432
5425	5433
5426	5434
5427	5435
5428	5436
5429	5437
5430	5438
5431	5439
5432	5440
5433	5441
5434	5442
5435	5443
5436	5444
5437	5445
5438	5446
5439	5447
5440	5448
5441	5449
5442	5450
5443	5451
5444	5452
5445	5453
5446	5454
5447	5455
5448	5456
5449	5457
5450	5458
5451	5459
5452	5460
5453	5461
5454	5462
5455	5463
5456	5464
5457	5465
5458	5466
5459	5467
5460	5468
5461	5469
5462	5470
5463	5471
5464	5472
5465	5473
5466	5474
5467	5475
5468	5476
5469	5477
5470	5478
5471	5479
5472	5480
5473	5481
5474	5482
5475	5483
5476	5484
5477	5485
5478	5486
5479	5487
5480	5488
5481	5489
5482	5490
5483	5491
5484	5492
5485	5493
5486	5494
5487	5495
5488	5496
5489	5497
5490	5498
5491	5499
5492	5500
5493	5501
5494	5502
5495	5503
5496	5504
5497	5505
5498	5506
5499	5507
5500	5508
5501	5509
5502	5510
5503	5511
5504	5512
5505	5513
5506	5514
5507	5515
5508	5516
5509	5517
5510	5518
5511	5519
5512	5520
5513	5521
5514	5522
5515	5523
5516	5524
5517	5525
5518	5526
5519	5527
5520	5528
5521	5529
5522	5530
5523	5531
5524	5532
5525	5533
5526	5534
5527	5535
5528	5536
5529	5537
5530	5538
5531	5539
5532	5540
5533	5541
5534	5542
5535	5543
5536	5544
5537	5545
5538	5546
5539	5547
5540	5548
5541	5549
5542	5550
5543	5551
5544	5552
5545	5553
5546	5554
5547	5555
5548	5556
5549	5557
5550	5558
5551	5559
5552	5560
5553	5561
5554	5562
5555	5563
5556	5564
5557	5565
5558	5566
5559	5567
5560	5568
5561	5569
5562	5570
5563	5571
5564	5572
5565	5573
5566	5574
5567	5575
5568	5576
5569	5577
5570	5578
5571	5579
5572	5580
5573	5581
5574	5582
5575	5583
5576	5584
5577	5585
5578	5586
5579	5587
5580	5588
5581	5589
5582	5590
5583	5591
5584	5592
5585	5593
5586	5594
5587	5595
5588	5596
5589	5597
5590	5598
5591	5599
5592	5600
5593	5601
5594	5602
5595	5603
5596	5604
5597	5605
5598	5606
5599	5607
5600	5608
5601	5609
5602	5610
5603	5611
5604	5612
5605	5613
5606	5614
5607	5615
5608	5616
5609	5617
5610	5618
5611	5619
5612	5620
5613	5621
5614	5622
5615	5623
5616	5624
5617	5625
5618	5626
5619	5627
5620	5628
5621	5629
5622	5630
5623	5631
5624	5632
5625	5633
5626	5634
5627	5635
5628	5636
5629	5637
5630	5638
5631	5639
5632	5640
5633	5641
5634	5642
5635	5643
5636	5644
5637	5645
5638	5646
5639	5647
5640	5648
5641	5649
5642	5650
5643	5651
5644	5652
5645	5653
5646	5654
5647	5655
5648	5656
5649	5657
5650	5658
5651	5659
5652	5660
5653	5661
5654	5662
5655	5663
5656	5664
5657	5665
5658	5666
5659	5667
5660	5668
5661	5669
5662	5670
5663	5671
5664	5672
5665	5673
5666	5674
5667	5675
5668	5676
5669	5677
5670	5678
5671	5679
5672	5680
5673	5681
5674	5682
5675	5683
5676	5684
5677	5685
5678	5686
5679	5687
5680	5688
5681	5689
5682	5690
5683	5691
5684	5692
5685	5693
5686	5694
5687	5695
5688	5696
5689	5697
5690	5698
5691	5699
5692	5700
5693	5701
5694	5702
5695	5703
5696	5704
5697	5705
5698	5706
5699	5707
5700	5708
5701	5709
5702	5710
5703	5711
5704	5712
5705	5713
5706	5714
5707	5715
5708	5716
5709	5717
5710	5718
5711	5719
5712	5720
5713	5721
5714	5722
5715	5723
5716	5724
5717	5725
5718	5726
5719	5727
5720	5728
5721	5729
5722	5730
5723	5731
5724	5732
5725	5733
5726	5734
5727	5735
5728	5736
5729	5737
5730	5738
5731	5739
5732	5740
5733	5741
5734	5742
5735	5743
5736	5744
5737	5745
5738	5746
5739	5747
5740	5748
5741	5749
5742	5750
5743	5751
5744	5752
5745	5753
5746	5754
5747	5755
5748	5756
5749	5757
5750	5758
5751	5759
5752	5760
5753	5761
5754	5762
5755	5763
5756	5764
5757	5765
5758	5766
5759	5767
5760	5768
5761	5769
5762	5770
5763	5771
5764	5772
5765	5773
5766	5774
5767	5775
5768	5776
5769	5777
5770	5778
5771	5779
5772	5780
5773	5781
5774	5782
5775	5783
5776	5784
5777	5785
5778	5786
5779	5787
5780	5788
5781	5789
5782	5790
5783	5791
5784	5792
5785	5793
5786	5794
5787	5795
5788	5796
5789	5797
5790	5798
5791	5799
5792	5800
5793	5801
5794	5802
5795	5803
5796	5804
5797	5805
5798	5806
5799	5807
5800	5808
5801	5809
5802	5810
5803	5811
5804	5812
5805	5813
5806	5814
5807	5815
5808	5816
5809	5817
5810	5818
5811	5819
5812	5820
5813	5821
5814	5822
5815	5823
5816	5824
5817	5825
5818	5826
5819	5827
5820	5828
5821	5829
5822	5830
5823	5831
5824	5832
5825	5833
5826	5834
5827	5835
5828	5836
5829	5837
5830	5838
5831	5839
5832	5840
5833	5841
5834	5842
5835	5843
5836	5844
5837	5845
5838	5846
5839	5847
5840	5848
5841	5849
5842	5850
5843	5851
5844	5852
5845	5853
5846	5854
5847	5855
5848	5856
5849	5857
5850	5858
5851	5859
5852	5860
5853	5861
5854	5862
5855	5863
5856	5864
5857	5865
5858	5866
5859	5867
5860	5868
5861	5869
5862	5870
5863	5871
5864	5872
5865	5873
5866	5874
5867	5875
5868	5876
5869	5877
5870	5878
5871	5879
5872	5880
5873	5881
5874	5882
5875	5883
5876	5884
5877	5885
5878	5886
5879	5887
5880	5888
5881	5889
5882	5890
5883	5891
5884	5892
5885	5893
5886	5894
5887	5895
5888	5896
5889	5897
5890	5898
5891	5899
5892	5900
5893	5901
5894	5902
5895	5903
5896	5904
5897	5905
5898	5906
5899	5907
5900	5908
5901	5909
5902	5910
5903	5911
5904	5912
5905	5913
5906	5914
5907	5915
5908	5916
5909	5917
5910	5918
5911	5919
5912	5920
5913	5921
5914	5922
5915	5923
5916	5924
5917	5925
5918	5926
5919	5927
5920	5928
5921	5929
5922	5930
5923	5931
5924	5932
5925	5933
5926	5934
5927	5935
5928	5936
5929	5937
5930	5938
5931	5939
5932	5940
5933	5941
5934	5942
5935	5943
5936	5944
5937	5945
5938	5946
5939	5947
5940	5948
5941	5949
5942	5950
5943	5951
5944	5952
5945	5953
5946	5954
5947	5955
5948	5956
5949	5957
5950	5958
5951	5959
5952	5960
5953	5961
5954	5962
5955	5963
5956	5964
5957	5965
5958	5966
5959	5967
5960	5968
5961	5969
5962	5970
5963	5971
5964	5972
5965	5973
5966	5974
5967	5975
5968	5976
5969	5977
5970	5978
5971	5979
5972	5980
5973	5981
5974	5982
5975	5983
5976	5984
5977	5985
5978	5986
5979	5987
5980	5988
5981	5989
5982	5990
5983	5991
5984	5992
5985	5993
5986	5994
5987	5995
5988	5996
5989	5997
5990	5998
5991	5999
5992	6000
5993	6001
5994	6002
5995	6003
5996	6004
5997	6005
5998	6006
5999	6007
6000	6008
6001	6009
6002	6010
6003	6011
6004	6012
6005	6013
6006	6014
6007	6015
6008	6016
6009	6017
6010	6018
6011	6019
6012	6020
6013	6021
6014	6022
6015	6023
6016	6024
6017	6025
6018	6026
6019	6027
6020	6028
6021	6029
6022	6030
6023	6031
6024	6032
6025	6033
6026	6034
6027	6035
6028	6036
6029	6037
6030	6038
6031	6039
6032	6040
6033	6041
6034	6042
6035	6043
6036	6044
6037	6045
6038	6046
6039	6047
6040	6048
6041	6049
6042	6050
6043	6051
6044	6052
6045	6053
6046	6054
6047	6055
6048	6056
6049	6057
6050	6058
6051	6059
6052	6060
6053	6061
6054	6062
6055	6063
6056	6064
6057	6065
6058	6066
6059	6067
6060	6068
6061	6069
6062	6070
6063	6071
6064	6072
6065	6073
6066	6074
6067	6075
6068	6076
6069	6077
6070	6078
6071	6079
6072	6080
6073	6081
6074	6082
6075	6083
6076	6084
6077	6085
6078	6086
6079	6087
6080	6088
6081	6089
6082	6090
6083	6091
6084	6092
6085	6093
6086	6094
6087	6095
6088	6096
6089	6097
6090	6098
6091	6099
6092	6100
6093	6101
6094	6102
6095	6103
6096	6104
6097	6105
6098	6106
6099	6107
6100	6108
6101	6109
6102	6110
6103	6111
6104	6112
6105	6113
6106	6114
6107	6115
6108	6116
6109	6117
6110	6118
6111	6119
6112	6120
6113	6121
6114	6122
6115	6123
6116	6124
6117	6125
6118	6126
6119	6127
6120	6128
6121	6129
6122	6130
6123	6131
6124	6132
6125	6133
6126	6134
6127	6135
6128	6136
6129	6137
6130	6138
6131	6139
6132	6140
6133	6141
6134	6142
6135	6143
6136	6144
6137	6145
6138	6146
6139	6147
6140	6148
6141	6149
6142	6150
6143	6151
6144	6152
6145	6153
6146	6154
6147	6155
6148	6156
6149	6157
6150	6158
6151	6159
6152	6160
6153	6161
6154	6162
6155	6163
6156	6164
6157	6165
6158	6166
6159	6167
6160	6168
6161	6169
6162	6170
6163	6171
6164	6172
6165	6173
6166	6174
6167	6175
6168	6176
6169	6177
6170	6178
6171	6179
6172	6180
6173	6181
6174	6182
6175	6183
6176	6184
6177	6185
6178	6186
6179	6187
6180	6188
6181	6189
6182	6190
6183	6191
6184	6192
6185	6193
6186	6194
6187	6195
6188	6196
6189	6197
6190	6198
6191	6199
6192	6200
6193	6201
6194	6202
6195	6203
6196	6204
6197	6205
6198	6206
6199	6207
6200	6208
6201	6209
6202	6210
6203	6211
6204	6212
6205	6213
6206	6214
6207	6215
6208	6216
6209	6217
6210	6218
6211	6219
6212	6220
6213	6221
6214	6222
6215	6223
6216	6224
6217	6225
6218	6226
6219	6227
6220	6228
6221	6229
6222	6230
6223	6231
6224	6232
6225	6233
6226	6234
6227	6235
6228	6236
6229	6237
6230	6238
6231	6239
6232	6240
6233	6241
6234	6242
6235	6243
6236	6244
6237	6245
6238	6246
6239	6247
6240	6248
6241	6249
6242	6250
6243	6251
6244	6252
6245	6253
6246	6254
6247	6255
6248	6256
6249	6257
6250	6258
6251	6259
6252	6260
6253	6261
6254	6262
6255	6263
6256	6264
6257	6265
6258	6266
6259	6267
6260	6268
6261	6269
6262	6270
6263	6271
6264	6272
6265	6273
6266	6274
6267	6275
6268	6276
6269	6277
6270	6278
6271	6279
6272	6280
6273	6281
6274	6282
6275	6283
6276	6284
6277	6285
6278	6286
6279	6287
6280	6288
6281	6289
6282	6290
6283	6291
6284	6292
6285	6293
6286	6294
6287	6295
6288	6296
6289	6297
6290	6298
6291	6299
6292	6300
6293	6301
6294	6302
6295	6303
6296	6304
6297	6305
6298	6306
6299	6307
6300	6308
6301	6309
6302	6310
6303	6311
6304	6312
6305	6313
6306	6314
6307	6315
6308	6316
6309	6317
6310	6318
6311	6319
6312	6320
6313	6321
6314	6322
6315	6323
6316	6324
6317	6325
6318	6326
6319	6327
6320	6328
6321	6329
6322	6330
6323	6331
6324	6332
6325	6333
6326	6334
6327	6335
6328	6336
6329	6337
6330	6338
6331	6339
6332	6340
6333	6341
6334	6342
6335	6343
6336	6344
6337	6345
6338	6346
6339	6347
6340	6348
6341	6349
6342	6350
6343	6351
6344	6352
6345	6353
6346	6354
6347	6355
6348	6356
6349	6357
6350	6358
6351	6359
6352	6360
6353	6361
6354	6362
6355	6363
6356	6364
6357	6365
6358	6366
6359	6367
6360	6368
6361	6369
6362	6370
6363	6371
6364	6372
6365	6373
6366	6374
6367	6375
6368	6376
6369	6377
6370	6378
6371	6379
6372	6380
6373	6381
6374	6382
6375	6383
6376	6384
6377	6385
6378	6386
6379	6387
6380	6388
6381	6389
6382	6390
6383	6391
6384	6392
6385	6393
6386	6394
6387	6395
6388	6396
6389	6397
6390	6398
6391	6399
6392	6400
6393	6401
6394	6402
6395	6403
6396	6404
6397	6405
6398	6406
6399	6407
6400	6408
6401	6409
6402	6410
6403	6411
6404	6412
6405	6413
6406	6414
6407	6415
6408	6416
6409	6417
6410	6418
6411	6419
6412	6420
6413	6421
6414	6422
6415	6423
6416	6424
6417	6425
6418	6426
6419	6427
6420	6428
6421	6429
6422	6430
6423	6431
6424	6432
6425	6433
6426	6434
6427	6435
6428	6436
6429	6437
6430	6438
6431	6439
6432	6440
6433	6441
6434	6442
6435	6443
6436	6444
6437	6445
6438	6446
6439	6447
6440	6448
6441	6449
6442	6450
6443	6451
6444	6452
6445	6453
6446	6454
6447	6455
6448	6456
6449	6457
6450	6458
6451	6459
6452	6460
6453	6461
6454	6462
6455	6463
6456	6464
6457	6465
6458	6466
6459	6467
6460	6468
6461	6469
6462	6470
6463	6471
6464	6472
6465	6473
6466	6474
6467	6475
6468	6476
6469	6477
6470	6478
6471	6479
6472	6480
6473	6481
6474	6482
6475	6483
6476	6484
6477	6485
6478	6486
6479	6487
6480	6488
6481	6489
6482	6490
6483	6491
6484	6492
6485	6493
6486	6494
6487	6495
6488	6496
6489	6497
6490	6498
6491	6499
6492	6500
6493	6501
6494	6502
6495	6503
6496	6504
6497	6505
6498	6506
6499	6507
6500	6508
6501	6509
6502	6510
6503	6511
6504	6512
6505	6513
6506	6514
6507	6515
6508	6516
6509	6517
6510	6518
6511	6519
6512	6520
6513	6521
6514	6522
6515	6523
6516	6524
6517	6525
6518	6526
6519	6527
6520	6528
6521	6529
6522	6530
6523	6531
6524	6532
6525	6533
6526	6534
6527	6535
6528	6536
6529	6537
6530	6538
6531	6539
6532	6540
6533	6541
6534	6542
6535	6543
6536	6544
6537	6545
6538	6546
6539	6547
6540	6548
6541	6549
6542	6550
6543	6551
6544	6552
6545	6553
6546	6554
6547	6555
6548	6556
6549	6557
6550	6558
6551	6559
6552	6560
6553	6561
6554	6562
6555	6563
6556	6564
6557	6565
6558	6566
6559	6567
6560	6568
6561	6569
6562	6570
6563	6571
6564	6572
6565	6573
6566	6574
6567	6575
6568	6576
6569	6577
6570	6578
6571	6579
6572	6580
6573	6581
6574	6582
6575	6583
6576	6584
6577	6585
6578	6586
6579	6587
6580	6588
6581	6589
6582	6590
6583	6591
6584	6592
6585	6593
6586	6594
6587	6595
6588	6596
6589	6597
6590	6598
6591	6599
6592	6600
6593	6601
6594	6602
6595	6603
6596	6604
6597	6605
6598	6606
6599	6607
6600	6608
6601	6609
6602	6610
6603	6611
6604	6612
6605	6613
6606	6614
6607	6615
6608	6616
6609	6617
6610	6618
6611	6619
6612	6620
6613	6621
6614	6622
6615	6623
6616	6624
6617	6625
6618	6626
6619	6627
6620	6628
6621	6629
6622	6630
6623	6631
6624	6632
6625	6633
6626	6634
6627	6635
6628	6636
6629	6637
6630	6638
6631	6639
6632	6640
6633	6641
6634	6642
6635	6643
6636	6644
6637	6645
6638	6646
6639	6647
6640	6648
6641	6649
6642	6650
6643	6651
6644	6652
6645	6653
6646	6654
6647	6655
6648	6656
6649	6657
6650	6658
6651	6659
6652	6660
6653	6661
6654	6662
6655	6663
6656	6664
6657	6665
6658	6666
6659	6667
6660	6668
6661	6669
6662	6670
6663	6671
6664	6672
6665	6673
6666	6674
6667	6675
6668	6676
6669	6677
6670	6678
6671	6679
6672	6680
6673	6681
6674	6682
6675	6683
6676	6684
6677	6685
6678	6686
6679	6687
6680	6688
6681	6689
6682	6690
6683	6691
6684	6692
6685	6693
6686	6694
6687	6695
6688	6696
6689	6697
6690	6698
6691	6699
6692	6700
6693	6701
6694	6702
6695	6703
6696	6704
6697	6705
6698	6706
6699	6707
6700	6708
6701	6709
6702	6710
6703	6711
6704	6712
6705	6713
6706	6714
6707	6715
6708	6716
6709	6717
6710	6718
6711	6719
6712	6720
6713	6721
6714	6722
6715	6723
6716	6724
6717	6725
6718	6726
6719	6727
6720	6728
6721	6729
6722	6730
6723	6731
6724	6732
6725	6733
6726	6734
6727	6735
6728	6736
6729	6737
6730	6738
6731	6739
6732	6740
6733	6741
6734	6742
6735	6743
6736	6744
6737	6745
6738	6746
6739	6747
6740	6748
6741	6749
6742	6750
6743	6751
6744	6752
6745	6753
6746	6754
6747	6755
6748	6756
6749	6757
6750	6758
6751	6759
6752	6760
6753	6761
6754	6762
6755	6763
6756	6764
6757	6765
6758	6766
6759	6767
6760	6768
6761	6769
6762	6770
6763	6771
6764	6772
6765	6773
6766	6774
6767	6775
6768	6776
6769	6777
6770	6778
6771	6779
6772	6780
6773	6781
6774	6782
6775	6783
6776	6784
6777	6785
6778	6786
6779	6787
6780	6788
6781	6789
6782	6790
6783	6791
6784	6792
6785	6793
6786	6794
6787	6795
6788	6796
6789	6797
6790	6798
6791	6799
6792	6800
6793	6801
6794	6802
6795	6803
6796	6804
6797	6805
6798	6806
6799	6807
6800	6808
6801	6809
6802	6810
6803	6811
6804	6812
6805	6813
6806	6814
6807	6815
6808	6816
6809	6817
6810	6818
6811	6819
6812	6820
6813	6821
6814	6822
6815	6823
6816	6824
6817	6825
6818	6826
6819	6827
6820	6828
6821	6829
6822	6830
6823	6831
6824	6832
6825	6833
6826	6834
6827	6835
6828	6836
6829	6837
6830	6838
6831	6839
6832	6840
6833	6841
6834	6842
6835	6843
6836	6844
6837	6845
6838	6846
6839	6847
6840	6848
6841	6849
6842	6850
6843	6851
6844	6852
6845	6853
6846	6854
6847	6855
6848	6856
6849	6857
6850	6858
6851	6859
6852	6860
6853	6861
6854	6862
6855	6863
6856	6864
6857	6865
6858	6866
6859	6867
6860	6868
6861	6869
6862	6870
6863	6871
6864	6872
6865	6873
6866	6874
6867	6875
6868	6876
6869	6877
6870	6878
6871	6879
6872	6880
6873	6881
6874	6882
6875	6883
6876	6884
6877	6885
6878	6886
6879	6887
6880	6888
6881	6889
6882	6890
6883	6891
6884	6892
6885	6893
6886	6894
6887	6895
6888	6896
6889	6897
6890	6898
6891	6899
6892	6900
6893	6901
6894	6902
6895	6903
6896	6904
6897	6905
6898	6906
6899	6907
6900	6908
6901	6909
6902	6910
6903	6911
6904	6912
6905	6913
6906	6914
6907	6915
6908	6916
6909	6917
6910	6918
6911	6919
6912	6920
6913	6921
6914	6922
6915	6923
6916	6924
6917	6925
6918	6926
6919	6927
6920	6928
6921	6929
6922	6930
6923	6931
6924	6932
6925	6933
6926	6934
6927	6935
6928	6936
6929	6937
6930	6938
6931	6939
6932	6940
6933	6941
6934	6942
6935	6943
6936	6944
6937	6945
6938	6946
6939	6947
6940	6948
6941	6949
6942	6950
6943	6951
6944	6952
6945	6953
6946	6954
6947	6955
6948	6956
6949	6957
6950	6958
6951	6959
6952	6960
6953	6961
6954	6962
6955	6963
6956	6964
6957	6965
6958	6966
6959	6967
6960	6968
6961	6969
6962	6970
6963	6971
6964	6972
6965	6973
6966	6974
6967	6975
6968	6976
6969	6977
6970	6978
6971	6979
6972	6980
6973	6981
6974	6982
6975	6983
6976	6984
6977	6985
6978	6986
6979	6987
6980	6988
6981	6989
6982	6990
6983	6991
6984	6992
6985	6993
6986	6994
6987	6995
6988	6996
6989	6997
6990	6998
6991	6999
6992	7000
6993	7001
6994	7002
6995	7003
6996	7004
6997	7005
6998	7006
6999	7007
7000	7008
7001	7009
7002	7010
7003	7011
7004	7012
7005	7013
7006	7014
7007	7015
7008	7016
7009	7017
7010	7018
7011	7019
7012	7020
7013	7021
7014	7022
7015	7023
7016	7024
7017	7025
7018	7026
7019	7027
7020	7028
7021	7029
7022	7030
7023	7031
7024	7032
7025	7033
7026	7034
7027	7035
7028	7036
7029	7037
7030	7038
7031	7039
7032	7040
7033	7041
7034	7042
7035	7043
7036	7044
7037	7045
7038	7046
7039	7047
7040	7048
7041	7049
7042	7050
7043	7051
7044	7052
7045	7053
7046	7054
7047	7055
7048	7056
7049	7057
7050	7058
7051	7059
7052	7060
7053	7061
7054	7062
7055	7063
7056	7064
7057	7065
7058	7066
7059	7067
7060	7068
7061	7069
7062	7070
7063	7071
7064	7072
7065	7073
7066	7074
7067	7075
7068	7076
7069	7077
7070	7078
7071	7079
7072	7080
7073	7081
7074	7082
7075	7083
7076	7084
7077	7085
7078	7086
7079	7087
7080	7088
7081	7089
7082	7090
7083	7091
7084	7092
7085	7093
7086	7094
7087	7095
7088	7096
