1	67
2	68
3	69
4	70
5	71
6	72
7	73
8	74
9	75
10	76
11	77
12	78
13	79
14	80
15	81
16	82
17	83
18	84
19	85
20	86
21	87
22	88
23	89
24	90
25	91
26	92
27	93
28	94
29	95
30	96
31	97
32	98
33	99
34	100
35	101
36	102
37	103
38	104
39	105
40	106
41	107
42	108
43	109
44	110
45	111
46	112
47	113
48	114
49	115
50	116
51	117
52	118
53	119
54	120
55	121
56	122
57	123
58	124
59	125
60	126
61	127
62	128
63	129
64	130
65	131
66	132
67	133
68	134
69	135
70	136
71	137
72	138
73	139
74	140
75	141
76	142
77	143
78	144
79	145
80	146
81	147
82	148
83	149
84	150
85	151
86	152
87	153
88	154
89	155
90	156
91	157
92	158
93	159
94	160
95	161
96	162
97	163
98	164
99	165
100	166
101	167
102	168
103	169
104	170
105	171
106	172
107	173
108	174
109	175
110	176
111	177
112	178
113	179
114	180
115	181
116	182
117	183
118	184
119	185
120	186
121	187
122	188
123	189
124	190
125	191
126	192
127	193
128	194
129	195
130	196
131	197
132	198
133	199
134	200
135	201
136	202
137	203
138	204
139	205
140	206
141	207
142	208
143	209
144	210
145	211
146	212
147	213
148	214
149	215
150	216
151	217
152	218
153	219
154	220
155	221
156	222
157	223
158	224
159	225
160	226
161	227
162	228
163	229
164	230
165	231
166	232
167	233
168	234
169	235
170	236
171	237
172	238
173	239
174	240
175	241
176	242
177	243
178	244
179	245
180	246
181	247
182	248
183	249
184	250
185	251
186	252
187	253
188	254
189	255
190	256
191	257
192	258
193	259
194	260
195	261
196	262
197	263
198	264
199	265
200	266
201	267
202	268
203	269
204	270
205	271
206	272
207	273
208	274
209	275
210	276
211	277
212	278
213	279
214	280
215	281
216	282
217	283
218	284
219	285
220	286
221	287
222	288
223	289
224	290
225	291
226	292
227	293
228	294
229	295
230	296
231	297
232	298
233	299
234	300
235	301
236	302
237	303
238	304
239	305
240	306
241	307
242	308
243	309
244	310
245	311
246	312
247	313
248	314
249	315
250	316
251	317
252	318
253	319
254	320
255	321
256	322
257	323
258	324
259	325
260	326
261	327
262	328
263	329
264	330
265	331
266	332
267	333
268	334
269	335
270	336
271	337
272	338
273	339
274	340
275	341
276	342
277	343
278	344
279	345
280	346
281	347
282	348
283	349
284	350
285	351
286	352
287	353
288	354
289	355
290	356
291	357
292	358
293	359
294	360
295	361
296	362
297	363
298	364
299	365
300	366
301	367
302	368
303	369
304	370
305	371
306	372
307	373
308	374
309	375
310	376
311	377
312	378
313	379
314	380
315	381
316	382
317	383
318	384
319	385
320	386
321	387
322	388
323	389
324	390
325	391
326	392
327	393
328	394
329	395
330	396
331	397
332	398
333	399
334	400
335	401
336	402
337	403
338	404
339	405
340	406
341	407
342	408
343	409
344	410
345	411
346	412
347	413
348	414
349	415
350	416
351	417
352	418
353	419
354	420
355	421
356	422
357	423
358	424
359	425
360	426
361	427
362	428
363	429
364	430
365	431
366	432
367	433
368	434
369	435
370	436
371	437
372	438
373	439
374	440
375	441
376	442
377	443
378	444
379	445
380	446
381	447
382	448
383	449
384	450
385	451
386	452
387	453
388	454
389	455
390	456
391	457
392	458
393	459
394	460
395	461
396	462
397	463
398	464
399	465
400	466
401	467
402	468
403	469
404	470
405	471
406	472
407	473
408	474
409	475
410	476
411	477
412	478
413	479
414	480
415	481
416	482
417	483
418	484
419	485
420	486
421	487
422	488
423	489
424	490
425	491
426	492
427	493
428	494
429	495
430	496
431	497
432	498
433	499
434	500
435	501
436	502
437	503
438	504
439	505
440	506
441	507
442	508
443	509
444	510
445	511
446	512
447	513
448	514
449	515
450	516
451	517
452	518
453	519
454	520
455	521
456	522
457	523
458	524
459	525
460	526
461	527
462	528
463	529
464	530
465	531
466	532
467	533
468	534
469	535
470	536
471	537
472	538
473	539
474	540
475	541
476	542
477	543
478	544
479	545
480	546
481	547
482	548
483	549
484	550
485	551
486	552
487	553
488	554
489	555
490	556
491	557
492	558
493	559
494	560
495	561
496	562
497	563
498	564
499	565
500	566
501	567
502	568
503	569
504	570
505	571
506	572
507	573
508	574
509	575
510	576
511	577
512	578
513	579
514	580
515	581
516	582
517	583
518	584
519	585
520	586
521	587
522	588
523	589
524	590
525	591
526	592
527	593
528	594
529	595
530	596
531	597
532	598
533	599
534	600
535	601
536	602
537	603
538	604
539	605
540	606
541	607
542	608
543	609
544	610
545	611
546	612
547	613
548	614
549	615
550	616
551	617
552	618
553	619
554	620
555	621
556	622
557	623
558	624
559	625
560	626
561	627
562	628
563	629
564	630
565	631
566	632
567	633
568	634
569	635
570	636
571	637
572	638
573	639
574	640
575	641
576	642
577	643
578	644
579	645
580	646
581	647
582	648
583	649
584	650
585	651
586	652
587	653
588	654
589	655
590	656
591	657
592	658
593	659
594	660
595	661
596	662
597	663
598	664
599	665
600	666
601	667
602	668
603	669
604	670
605	671
606	672
607	673
608	674
609	675
610	676
611	677
612	678
613	679
614	680
615	681
616	682
617	683
618	684
619	685
620	686
621	687
622	688
623	689
624	690
625	691
626	692
627	693
628	694
629	695
630	696
631	697
632	698
633	699
634	700
635	701
636	702
637	703
638	704
639	705
640	706
641	707
642	708
643	709
644	710
645	711
646	712
647	713
648	714
649	715
650	716
651	717
652	718
653	719
654	720
655	721
656	722
657	723
658	724
659	725
660	726
661	727
662	728
663	729
664	730
665	731
666	732
667	733
668	734
669	735
670	736
671	737
672	738
673	739
674	740
675	741
676	742
677	743
678	744
679	745
680	746
681	747
682	748
683	749
684	750
685	751
686	752
687	753
688	754
689	755
690	756
691	757
692	758
693	759
694	760
695	761
696	762
697	763
698	764
699	765
700	766
701	767
702	768
703	769
704	770
705	771
706	772
707	773
708	774
709	775
710	776
711	777
712	778
713	779
714	780
715	781
716	782
717	783
718	784
719	785
720	786
721	787
722	788
723	789
724	790
725	791
726	792
727	793
728	794
729	795
730	796
731	797
732	798
733	799
734	800
735	801
736	802
737	803
738	804
739	805
740	806
741	807
742	808
743	809
744	810
745	811
746	812
747	813
748	814
749	815
750	816
751	817
752	818
753	819
754	820
755	821
756	822
757	823
758	824
759	825
760	826
761	827
762	828
763	829
764	830
765	831
766	832
767	833
768	834
769	835
770	836
771	837
772	838
773	839
774	840
775	841
776	842
777	843
778	844
779	845
780	846
781	847
782	848
783	849
784	850
785	851
786	852
787	853
788	854
789	855
790	856
791	857
792	858
793	859
794	860
795	861
796	862
797	863
798	864
799	865
800	866
801	867
802	868
803	869
804	870
805	871
806	872
807	873
808	874
809	875
810	876
811	877
812	878
813	879
814	880
815	881
816	882
817	883
818	884
819	885
820	886
821	887
822	888
823	889
824	890
825	891
826	892
827	893
828	894
829	895
830	896
831	897
832	898
833	899
834	900
835	901
836	902
837	903
838	904
839	905
840	906
841	907
842	908
843	909
844	910
845	911
846	912
847	913
848	914
849	915
850	916
851	917
852	918
853	919
854	920
855	921
856	922
857	923
858	924
859	925
860	926
861	927
862	928
863	929
864	930
865	931
866	932
867	933
868	934
869	935
870	936
871	937
872	938
873	939
874	940
875	941
876	942
877	943
878	944
879	945
880	946
881	947
882	948
883	949
884	950
885	951
886	952
887	953
888	954
889	955
890	956
891	957
892	958
893	959
894	960
895	961
896	962
897	963
898	964
899	965
900	966
901	967
902	968
903	969
904	970
905	971
906	972
907	973
908	974
909	975
910	976
911	977
912	978
913	979
914	980
915	981
916	982
917	983
918	984
919	985
920	986
921	987
922	988
923	989
924	990
925	991
926	992
927	993
928	994
929	995
930	996
931	997
932	998
933	999
934	1000
935	1001
936	1002
937	1003
938	1004
939	1005
940	1006
941	1007
942	1008
943	1009
944	1010
945	1011
946	1012
947	1013
948	1014
949	1015
950	1016
951	1017
952	1018
953	1019
954	1020
955	1021
956	1022
957	1023
958	1024
959	1025
960	1026
961	1027
962	1028
963	1029
964	1030
965	1031
966	1032
967	1033
968	1034
969	1035
970	1036
971	1037
972	1038
973	1039
974	1040
975	1041
976	1042
977	1043
978	1044
979	1045
980	1046
981	1047
982	1048
983	1049
984	1050
985	1051
986	1052
987	1053
988	1054
989	1055
990	1056
991	1057
992	1058
993	1059
994	1060
995	1061
996	1062
997	1063
998	1064
999	1065
1000	1066
1001	1067
1002	1068
1003	1069
1004	1070
1005	1071
1006	1072
1007	1073
1008	1074
1009	1075
1010	1076
1011	1077
1012	1078
1013	1079
1014	1080
1015	1081
1016	1082
1017	1083
1018	1084
1019	1085
1020	1086
1021	1087
1022	1088
1023	1089
1024	1090
1025	1091
1026	1092
1027	1093
1028	1094
1029	1095
1030	1096
1031	1097
1032	1098
1033	1099
1034	1100
1035	1101
1036	1102
1037	1103
1038	1104
1039	1105
1040	1106
1041	1107
1042	1108
1043	1109
1044	1110
1045	1111
1046	1112
1047	1113
1048	1114
1049	1115
1050	1116
1051	1117
1052	1118
1053	1119
1054	1120
1055	1121
1056	1122
1057	1123
1058	1124
1059	1125
1060	1126
1061	1127
1062	1128
1063	1129
1064	1130
1065	1131
1066	1132
1067	1133
1068	1134
1069	1135
1070	1136
1071	1137
1072	1138
1073	1139
1074	1140
1075	1141
1076	1142
1077	1143
1078	1144
1079	1145
1080	1146
1081	1147
1082	1148
1083	1149
1084	1150
1085	1151
1086	1152
1087	1153
1088	1154
1089	1155
1090	1156
1091	1157
1092	1158
1093	1159
1094	1160
1095	1161
1096	1162
1097	1163
1098	1164
1099	1165
1100	1166
1101	1167
1102	1168
1103	1169
1104	1170
1105	1171
1106	1172
1107	1173
1108	1174
1109	1175
1110	1176
1111	1177
1112	1178
1113	1179
1114	1180
1115	1181
1116	1182
1117	1183
1118	1184
1119	1185
1120	1186
1121	1187
1122	1188
1123	1189
1124	1190
1125	1191
1126	1192
1127	1193
1128	1194
1129	1195
1130	1196
1131	1197
1132	1198
1133	1199
1134	1200
1135	1201
1136	1202
1137	1203
1138	1204
1139	1205
1140	1206
1141	1207
1142	1208
1143	1209
1144	1210
1145	1211
1146	1212
1147	1213
1148	1214
1149	1215
1150	1216
1151	1217
1152	1218
1153	1219
1154	1220
1155	1221
1156	1222
1157	1223
1158	1224
1159	1225
1160	1226
1161	1227
1162	1228
1163	1229
1164	1230
1165	1231
1166	1232
1167	1233
1168	1234
1169	1235
1170	1236
1171	1237
1172	1238
1173	1239
1174	1240
1175	1241
1176	1242
1177	1243
1178	1244
1179	1245
1180	1246
1181	1247
1182	1248
1183	1249
1184	1250
1185	1251
1186	1252
1187	1253
1188	1254
1189	1255
1190	1256
1191	1257
1192	1258
1193	1259
1194	1260
1195	1261
1196	1262
1197	1263
1198	1264
1199	1265
1200	1266
1201	1267
1202	1268
1203	1269
1204	1270
1205	1271
1206	1272
1207	1273
1208	1274
1209	1275
1210	1276
1211	1277
1212	1278
1213	1279
1214	1280
1215	1281
1216	1282
1217	1283
1218	1284
1219	1285
1220	1286
1221	1287
1222	1288
1223	1289
1224	1290
1225	1291
1226	1292
1227	1293
1228	1294
1229	1295
1230	1296
1231	1297
1232	1298
1233	1299
1234	1300
1235	1301
1236	1302
1237	1303
1238	1304
1239	1305
1240	1306
1241	1307
1242	1308
1243	1309
1244	1310
1245	1311
1246	1312
1247	1313
1248	1314
1249	1315
1250	1316
1251	1317
1252	1318
1253	1319
1254	1320
1255	1321
1256	1322
1257	1323
1258	1324
1259	1325
1260	1326
1261	1327
1262	1328
1263	1329
1264	1330
1265	1331
1266	1332
1267	1333
1268	1334
1269	1335
1270	1336
1271	1337
1272	1338
1273	1339
1274	1340
1275	1341
1276	1342
1277	1343
1278	1344
1279	1345
1280	1346
1281	1347
1282	1348
1283	1349
1284	1350
1285	1351
1286	1352
1287	1353
1288	1354
1289	1355
1290	1356
1291	1357
1292	1358
1293	1359
1294	1360
1295	1361
1296	1362
1297	1363
1298	1364
1299	1365
1300	1366
1301	1367
1302	1368
1303	1369
1304	1370
1305	1371
1306	1372
1307	1373
1308	1374
1309	1375
1310	1376
1311	1377
1312	1378
1313	1379
1314	1380
1315	1381
1316	1382
1317	1383
1318	1384
1319	1385
1320	1386
1321	1387
1322	1388
1323	1389
1324	1390
1325	1391
1326	1392
1327	1393
1328	1394
1329	1395
1330	1396
1331	1397
1332	1398
1333	1399
1334	1400
1335	1401
1336	1402
1337	1403
1338	1404
1339	1405
1340	1406
1341	1407
1342	1408
1343	1409
1344	1410
1345	1411
1346	1412
1347	1413
1348	1414
1349	1415
1350	1416
1351	1417
1352	1418
1353	1419
1354	1420
1355	1421
1356	1422
1357	1423
1358	1424
1359	1425
1360	1426
1361	1427
1362	1428
1363	1429
1364	1430
1365	1431
1366	1432
1367	1433
1368	1434
1369	1435
1370	1436
1371	1437
1372	1438
1373	1439
1374	1440
1375	1441
1376	1442
1377	1443
1378	1444
1379	1445
1380	1446
1381	1447
1382	1448
1383	1449
1384	1450
1385	1451
1386	1452
1387	1453
1388	1454
1389	1455
1390	1456
1391	1457
1392	1458
1393	1459
1394	1460
1395	1461
1396	1462
1397	1463
1398	1464
1399	1465
1400	1466
1401	1467
1402	1468
1403	1469
1404	1470
1405	1471
1406	1472
1407	1473
1408	1474
1409	1475
1410	1476
1411	1477
1412	1478
1413	1479
1414	1480
1415	1481
1416	1482
1417	1483
1418	1484
1419	1485
1420	1486
1421	1487
1422	1488
1423	1489
1424	1490
1425	1491
1426	1492
1427	1493
1428	1494
1429	1495
1430	1496
1431	1497
1432	1498
1433	1499
1434	1500
1435	1501
1436	1502
1437	1503
1438	1504
1439	1505
1440	1506
1441	1507
1442	1508
1443	1509
1444	1510
1445	1511
1446	1512
1447	1513
1448	1514
1449	1515
1450	1516
1451	1517
1452	1518
1453	1519
1454	1520
1455	1521
1456	1522
1457	1523
1458	1524
1459	1525
1460	1526
1461	1527
1462	1528
1463	1529
1464	1530
1465	1531
1466	1532
1467	1533
1468	1534
1469	1535
1470	1536
1471	1537
1472	1538
1473	1539
1474	1540
1475	1541
1476	1542
1477	1543
1478	1544
1479	1545
1480	1546
1481	1547
1482	1548
1483	1549
1484	1550
1485	1551
1486	1552
1487	1553
1488	1554
1489	1555
1490	1556
1491	1557
1492	1558
1493	1559
1494	1560
1495	1561
1496	1562
1497	1563
1498	1564
1499	1565
1500	1566
1501	1567
1502	1568
1503	1569
1504	1570
1505	1571
1506	1572
1507	1573
1508	1574
1509	1575
1510	1576
1511	1577
1512	1578
1513	1579
1514	1580
1515	1581
1516	1582
1517	1583
1518	1584
1519	1585
1520	1586
1521	1587
1522	1588
1523	1589
1524	1590
1525	1591
1526	1592
1527	1593
1528	1594
1529	1595
1530	1596
1531	1597
1532	1598
1533	1599
1534	1600
1535	1601
1536	1602
1537	1603
1538	1604
1539	1605
1540	1606
1541	1607
1542	1608
1543	1609
1544	1610
1545	1611
1546	1612
1547	1613
1548	1614
1549	1615
1550	1616
1551	1617
1552	1618
1553	1619
1554	1620
1555	1621
1556	1622
1557	1623
1558	1624
1559	1625
1560	1626
1561	1627
1562	1628
1563	1629
1564	1630
1565	1631
1566	1632
1567	1633
1568	1634
1569	1635
1570	1636
1571	1637
1572	1638
1573	1639
1574	1640
1575	1641
1576	1642
1577	1643
1578	1644
1579	1645
1580	1646
1581	1647
1582	1648
1583	1649
1584	1650
1585	1651
1586	1652
1587	1653
1588	1654
1589	1655
1590	1656
1591	1657
1592	1658
1593	1659
1594	1660
1595	1661
1596	1662
1597	1663
1598	1664
1599	1665
1600	1666
1601	1667
1602	1668
1603	1669
1604	1670
1605	1671
1606	1672
1607	1673
1608	1674
1609	1675
1610	1676
1611	1677
1612	1678
1613	1679
1614	1680
1615	1681
1616	1682
1617	1683
1618	1684
1619	1685
1620	1686
1621	1687
1622	1688
1623	1689
1624	1690
1625	1691
1626	1692
1627	1693
1628	1694
1629	1695
1630	1696
1631	1697
1632	1698
1633	1699
1634	1700
1635	1701
1636	1702
1637	1703
1638	1704
1639	1705
1640	1706
1641	1707
1642	1708
1643	1709
1644	1710
1645	1711
1646	1712
1647	1713
1648	1714
1649	1715
1650	1716
1651	1717
1652	1718
1653	1719
1654	1720
1655	1721
1656	1722
1657	1723
1658	1724
1659	1725
1660	1726
1661	1727
1662	1728
1663	1729
1664	1730
1665	1731
1666	1732
1667	1733
1668	1734
1669	1735
1670	1736
1671	1737
1672	1738
1673	1739
1674	1740
1675	1741
1676	1742
1677	1743
1678	1744
1679	1745
1680	1746
1681	1747
1682	1748
1683	1749
1684	1750
1685	1751
1686	1752
1687	1753
1688	1754
1689	1755
1690	1756
1691	1757
1692	1758
1693	1759
1694	1760
1695	1761
1696	1762
1697	1763
1698	1764
1699	1765
1700	1766
1701	1767
1702	1768
1703	1769
1704	1770
1705	1771
1706	1772
1707	1773
1708	1774
1709	1775
1710	1776
1711	1777
1712	1778
1713	1779
1714	1780
1715	1781
1716	1782
1717	1783
1718	1784
1719	1785
1720	1786
1721	1787
1722	1788
1723	1789
1724	1790
1725	1791
1726	1792
1727	1793
1728	1794
1729	1795
1730	1796
1731	1797
1732	1798
1733	1799
1734	1800
1735	1801
1736	1802
1737	1803
1738	1804
1739	1805
1740	1806
1741	1807
1742	1808
1743	1809
1744	1810
1745	1811
1746	1812
1747	1813
1748	1814
1749	1815
1750	1816
1751	1817
1752	1818
1753	1819
1754	1820
1755	1821
1756	1822
1757	1823
1758	1824
1759	1825
1760	1826
1761	1827
1762	1828
1763	1829
1764	1830
1765	1831
1766	1832
1767	1833
1768	1834
1769	1835
1770	1836
1771	1837
1772	1838
1773	1839
1774	1840
1775	1841
1776	1842
1777	1843
1778	1844
1779	1845
1780	1846
1781	1847
1782	1848
1783	1849
1784	1850
1785	1851
1786	1852
1787	1853
1788	1854
1789	1855
1790	1856
1791	1857
1792	1858
1793	1859
1794	1860
1795	1861
1796	1862
1797	1863
1798	1864
1799	1865
1800	1866
1801	1867
1802	1868
1803	1869
1804	1870
1805	1871
1806	1872
1807	1873
1808	1874
1809	1875
1810	1876
1811	1877
1812	1878
1813	1879
1814	1880
1815	1881
1816	1882
1817	1883
1818	1884
1819	1885
1820	1886
1821	1887
1822	1888
1823	1889
1824	1890
1825	1891
1826	1892
1827	1893
1828	1894
1829	1895
1830	1896
1831	1897
1832	1898
1833	1899
1834	1900
1835	1901
1836	1902
1837	1903
1838	1904
1839	1905
1840	1906
1841	1907
1842	1908
1843	1909
1844	1910
1845	1911
1846	1912
1847	1913
1848	1914
1849	1915
1850	1916
1851	1917
1852	1918
1853	1919
1854	1920
1855	1921
1856	1922
1857	1923
1858	1924
1859	1925
1860	1926
1861	1927
1862	1928
1863	1929
1864	1930
1865	1931
1866	1932
1867	1933
1868	1934
1869	1935
1870	1936
1871	1937
1872	1938
1873	1939
1874	1940
1875	1941
1876	1942
1877	1943
1878	1944
1879	1945
1880	1946
1881	1947
1882	1948
1883	1949
1884	1950
1885	1951
1886	1952
1887	1953
1888	1954
1889	1955
1890	1956
1891	1957
1892	1958
1893	1959
1894	1960
1895	1961
1896	1962
1897	1963
1898	1964
1899	1965
1900	1966
1901	1967
1902	1968
1903	1969
1904	1970
1905	1971
1906	1972
1907	1973
1908	1974
1909	1975
1910	1976
1911	1977
1912	1978
1913	1979
1914	1980
1915	1981
1916	1982
1917	1983
1918	1984
1919	1985
1920	1986
1921	1987
1922	1988
1923	1989
1924	1990
1925	1991
1926	1992
1927	1993
1928	1994
1929	1995
1930	1996
1931	1997
1932	1998
1933	1999
1934	2000
1935	2001
1936	2002
1937	2003
1938	2004
1939	2005
1940	2006
1941	2007
1942	2008
1943	2009
1944	2010
1945	2011
1946	2012
1947	2013
1948	2014
1949	2015
1950	2016
1951	2017
1952	2018
1953	2019
1954	2020
1955	2021
1956	2022
1957	2023
1958	2024
1959	2025
1960	2026
1961	2027
1962	2028
1963	2029
1964	2030
1965	2031
1966	2032
1967	2033
1968	2034
1969	2035
1970	2036
1971	2037
1972	2038
1973	2039
1974	2040
1975	2041
1976	2042
1977	2043
1978	2044
1979	2045
1980	2046
1981	2047
1982	2048
1983	2049
1984	2050
1985	2051
1986	2052
1987	2053
1988	2054
1989	2055
1990	2056
1991	2057
1992	2058
1993	2059
1994	2060
1995	2061
1996	2062
1997	2063
1998	2064
1999	2065
2000	2066
2001	2067
2002	2068
2003	2069
2004	2070
2005	2071
2006	2072
2007	2073
2008	2074
2009	2075
2010	2076
2011	2077
2012	2078
2013	2079
2014	2080
2015	2081
2016	2082
2017	2083
2018	2084
2019	2085
2020	2086
2021	2087
2022	2088
2023	2089
2024	2090
2025	2091
2026	2092
2027	2093
2028	2094
2029	2095
2030	2096
2031	2097
2032	2098
2033	2099
2034	2100
2035	2101
2036	2102
2037	2103
2038	2104
2039	2105
2040	2106
2041	2107
2042	2108
2043	2109
2044	2110
2045	2111
2046	2112
2047	2113
2048	2114
2049	2115
2050	2116
2051	2117
2052	2118
2053	2119
2054	2120
2055	2121
2056	2122
2057	2123
2058	2124
2059	2125
2060	2126
2061	2127
2062	2128
2063	2129
2064	2130
2065	2131
2066	2132
2067	2133
2068	2134
2069	2135
2070	2136
2071	2137
2072	2138
2073	2139
2074	2140
2075	2141
2076	2142
2077	2143
2078	2144
2079	2145
2080	2146
2081	2147
2082	2148
2083	2149
2084	2150
2085	2151
2086	2152
2087	2153
2088	2154
2089	2155
2090	2156
2091	2157
2092	2158
2093	2159
2094	2160
2095	2161
2096	2162
2097	2163
2098	2164
2099	2165
2100	2166
2101	2167
2102	2168
2103	2169
2104	2170
2105	2171
2106	2172
2107	2173
2108	2174
2109	2175
2110	2176
2111	2177
2112	2178
2113	2179
2114	2180
2115	2181
2116	2182
2117	2183
2118	2184
2119	2185
2120	2186
2121	2187
2122	2188
2123	2189
2124	2190
2125	2191
2126	2192
2127	2193
2128	2194
2129	2195
2130	2196
2131	2197
2132	2198
2133	2199
2134	2200
2135	2201
2136	2202
2137	2203
2138	2204
2139	2205
2140	2206
2141	2207
2142	2208
2143	2209
2144	2210
2145	2211
2146	2212
2147	2213
2148	2214
2149	2215
2150	2216
2151	2217
2152	2218
2153	2219
2154	2220
2155	2221
2156	2222
2157	2223
2158	2224
2159	2225
2160	2226
2161	2227
2162	2228
2163	2229
2164	2230
2165	2231
2166	2232
2167	2233
2168	2234
2169	2235
2170	2236
2171	2237
2172	2238
2173	2239
2174	2240
2175	2241
2176	2242
2177	2243
2178	2244
2179	2245
2180	2246
2181	2247
2182	2248
2183	2249
2184	2250
2185	2251
2186	2252
2187	2253
2188	2254
2189	2255
2190	2256
2191	2257
2192	2258
2193	2259
2194	2260
2195	2261
2196	2262
2197	2263
2198	2264
2199	2265
2200	2266
2201	2267
2202	2268
2203	2269
2204	2270
2205	2271
2206	2272
2207	2273
2208	2274
2209	2275
2210	2276
2211	2277
2212	2278
2213	2279
2214	2280
2215	2281
2216	2282
2217	2283
2218	2284
2219	2285
2220	2286
2221	2287
2222	2288
2223	2289
2224	2290
2225	2291
2226	2292
2227	2293
2228	2294
2229	2295
2230	2296
2231	2297
2232	2298
2233	2299
2234	2300
2235	2301
2236	2302
2237	2303
2238	2304
2239	2305
2240	2306
2241	2307
2242	2308
2243	2309
2244	2310
2245	2311
2246	2312
2247	2313
2248	2314
2249	2315
2250	2316
2251	2317
2252	2318
2253	2319
2254	2320
2255	2321
2256	2322
2257	2323
2258	2324
2259	2325
2260	2326
2261	2327
2262	2328
2263	2329
2264	2330
2265	2331
2266	2332
2267	2333
2268	2334
2269	2335
2270	2336
2271	2337
2272	2338
2273	2339
2274	2340
2275	2341
2276	2342
2277	2343
2278	2344
2279	2345
2280	2346
2281	2347
2282	2348
2283	2349
2284	2350
2285	2351
2286	2352
2287	2353
2288	2354
2289	2355
2290	2356
2291	2357
2292	2358
2293	2359
2294	2360
2295	2361
2296	2362
2297	2363
2298	2364
2299	2365
2300	2366
2301	2367
2302	2368
2303	2369
2304	2370
2305	2371
2306	2372
2307	2373
2308	2374
2309	2375
2310	2376
2311	2377
2312	2378
2313	2379
2314	2380
2315	2381
2316	2382
2317	2383
2318	2384
2319	2385
2320	2386
2321	2387
2322	2388
2323	2389
2324	2390
2325	2391
2326	2392
2327	2393
2328	2394
2329	2395
2330	2396
2331	2397
2332	2398
2333	2399
2334	2400
2335	2401
2336	2402
2337	2403
2338	2404
2339	2405
2340	2406
2341	2407
2342	2408
2343	2409
2344	2410
2345	2411
2346	2412
2347	2413
2348	2414
2349	2415
2350	2416
2351	2417
2352	2418
2353	2419
2354	2420
2355	2421
2356	2422
2357	2423
2358	2424
2359	2425
2360	2426
2361	2427
2362	2428
2363	2429
2364	2430
2365	2431
2366	2432
2367	2433
2368	2434
2369	2435
2370	2436
2371	2437
2372	2438
2373	2439
2374	2440
2375	2441
2376	2442
2377	2443
2378	2444
2379	2445
2380	2446
2381	2447
2382	2448
2383	2449
2384	2450
2385	2451
2386	2452
2387	2453
2388	2454
2389	2455
2390	2456
2391	2457
2392	2458
2393	2459
2394	2460
2395	2461
2396	2462
2397	2463
2398	2464
2399	2465
2400	2466
2401	2467
2402	2468
2403	2469
2404	2470
2405	2471
2406	2472
2407	2473
2408	2474
2409	2475
2410	2476
2411	2477
2412	2478
2413	2479
2414	2480
2415	2481
2416	2482
2417	2483
2418	2484
2419	2485
2420	2486
2421	2487
2422	2488
2423	2489
2424	2490
2425	2491
2426	2492
2427	2493
2428	2494
2429	2495
2430	2496
2431	2497
2432	2498
2433	2499
2434	2500
2435	2501
2436	2502
2437	2503
2438	2504
2439	2505
2440	2506
2441	2507
2442	2508
2443	2509
2444	2510
2445	2511
2446	2512
2447	2513
2448	2514
2449	2515
2450	2516
2451	2517
2452	2518
2453	2519
2454	2520
2455	2521
2456	2522
2457	2523
2458	2524
2459	2525
2460	2526
2461	2527
2462	2528
2463	2529
2464	2530
2465	2531
2466	2532
2467	2533
2468	2534
2469	2535
2470	2536
2471	2537
2472	2538
2473	2539
2474	2540
2475	2541
2476	2542
2477	2543
2478	2544
2479	2545
2480	2546
2481	2547
2482	2548
2483	2549
2484	2550
2485	2551
2486	2552
2487	2553
2488	2554
2489	2555
2490	2556
2491	2557
2492	2558
2493	2559
2494	2560
2495	2561
2496	2562
2497	2563
2498	2564
2499	2565
2500	2566
2501	2567
2502	2568
2503	2569
2504	2570
2505	2571
2506	2572
2507	2573
2508	2574
2509	2575
2510	2576
2511	2577
2512	2578
2513	2579
2514	2580
2515	2581
2516	2582
2517	2583
2518	2584
2519	2585
2520	2586
2521	2587
2522	2588
2523	2589
2524	2590
2525	2591
2526	2592
2527	2593
2528	2594
2529	2595
2530	2596
2531	2597
2532	2598
2533	2599
2534	2600
2535	2601
2536	2602
2537	2603
2538	2604
2539	2605
2540	2606
2541	2607
2542	2608
2543	2609
2544	2610
2545	2611
2546	2612
2547	2613
2548	2614
2549	2615
2550	2616
2551	2617
2552	2618
2553	2619
2554	2620
2555	2621
2556	2622
2557	2623
2558	2624
2559	2625
2560	2626
2561	2627
2562	2628
2563	2629
2564	2630
2565	2631
2566	2632
2567	2633
2568	2634
2569	2635
2570	2636
2571	2637
2572	2638
2573	2639
2574	2640
2575	2641
2576	2642
2577	2643
2578	2644
2579	2645
2580	2646
2581	2647
2582	2648
2583	2649
2584	2650
2585	2651
2586	2652
2587	2653
2588	2654
2589	2655
2590	2656
2591	2657
2592	2658
2593	2659
2594	2660
2595	2661
2596	2662
2597	2663
2598	2664
2599	2665
2600	2666
2601	2667
2602	2668
2603	2669
2604	2670
2605	2671
2606	2672
2607	2673
2608	2674
2609	2675
2610	2676
2611	2677
2612	2678
2613	2679
2614	2680
2615	2681
2616	2682
2617	2683
2618	2684
2619	2685
2620	2686
2621	2687
2622	2688
2623	2689
2624	2690
2625	2691
2626	2692
2627	2693
2628	2694
2629	2695
2630	2696
2631	2697
2632	2698
2633	2699
2634	2700
2635	2701
2636	2702
2637	2703
2638	2704
2639	2705
2640	2706
2641	2707
2642	2708
2643	2709
2644	2710
2645	2711
2646	2712
2647	2713
2648	2714
2649	2715
2650	2716
2651	2717
2652	2718
2653	2719
2654	2720
2655	2721
2656	2722
2657	2723
2658	2724
2659	2725
2660	2726
2661	2727
2662	2728
2663	2729
2664	2730
2665	2731
2666	2732
2667	2733
2668	2734
2669	2735
2670	2736
2671	2737
2672	2738
2673	2739
2674	2740
2675	2741
2676	2742
2677	2743
2678	2744
2679	2745
2680	2746
2681	2747
2682	2748
2683	2749
2684	2750
2685	2751
2686	2752
2687	2753
2688	2754
2689	2755
2690	2756
2691	2757
2692	2758
2693	2759
2694	2760
2695	2761
2696	2762
2697	2763
2698	2764
2699	2765
2700	2766
2701	2767
2702	2768
2703	2769
2704	2770
2705	2771
2706	2772
2707	2773
2708	2774
2709	2775
2710	2776
2711	2777
2712	2778
2713	2779
2714	2780
2715	2781
2716	2782
2717	2783
2718	2784
2719	2785
2720	2786
2721	2787
2722	2788
2723	2789
2724	2790
2725	2791
2726	2792
2727	2793
2728	2794
2729	2795
2730	2796
2731	2797
2732	2798
2733	2799
2734	2800
2735	2801
2736	2802
2737	2803
2738	2804
2739	2805
2740	2806
2741	2807
2742	2808
2743	2809
2744	2810
2745	2811
2746	2812
2747	2813
2748	2814
2749	2815
2750	2816
2751	2817
2752	2818
2753	2819
2754	2820
2755	2821
2756	2822
2757	2823
2758	2824
2759	2825
2760	2826
2761	2827
2762	2828
2763	2829
2764	2830
2765	2831
2766	2832
2767	2833
2768	2834
2769	2835
2770	2836
2771	2837
2772	2838
2773	2839
2774	2840
2775	2841
2776	2842
2777	2843
2778	2844
2779	2845
2780	2846
2781	2847
2782	2848
2783	2849
2784	2850
2785	2851
2786	2852
2787	2853
2788	2854
2789	2855
2790	2856
2791	2857
2792	2858
2793	2859
2794	2860
2795	2861
2796	2862
2797	2863
2798	2864
2799	2865
2800	2866
2801	2867
2802	2868
2803	2869
2804	2870
2805	2871
2806	2872
2807	2873
2808	2874
2809	2875
2810	2876
2811	2877
2812	2878
2813	2879
2814	2880
2815	2881
2816	2882
2817	2883
2818	2884
2819	2885
2820	2886
2821	2887
2822	2888
2823	2889
2824	2890
2825	2891
2826	2892
2827	2893
2828	2894
2829	2895
2830	2896
2831	2897
2832	2898
2833	2899
2834	2900
2835	2901
2836	2902
2837	2903
2838	2904
2839	2905
2840	2906
2841	2907
2842	2908
2843	2909
2844	2910
2845	2911
2846	2912
2847	2913
2848	2914
2849	2915
2850	2916
2851	2917
2852	2918
2853	2919
2854	2920
2855	2921
2856	2922
2857	2923
2858	2924
2859	2925
2860	2926
2861	2927
2862	2928
2863	2929
2864	2930
2865	2931
2866	2932
2867	2933
2868	2934
2869	2935
2870	2936
2871	2937
2872	2938
2873	2939
2874	2940
2875	2941
2876	2942
2877	2943
2878	2944
2879	2945
2880	2946
2881	2947
2882	2948
2883	2949
2884	2950
2885	2951
2886	2952
2887	2953
2888	2954
2889	2955
2890	2956
2891	2957
2892	2958
2893	2959
2894	2960
2895	2961
2896	2962
2897	2963
2898	2964
2899	2965
2900	2966
2901	2967
2902	2968
2903	2969
2904	2970
2905	2971
2906	2972
2907	2973
2908	2974
2909	2975
2910	2976
2911	2977
2912	2978
2913	2979
2914	2980
2915	2981
2916	2982
2917	2983
2918	2984
2919	2985
2920	2986
2921	2987
2922	2988
2923	2989
2924	2990
2925	2991
2926	2992
2927	2993
2928	2994
2929	2995
2930	2996
2931	2997
2932	2998
2933	2999
2934	3000
2935	3001
2936	3002
2937	3003
2938	3004
2939	3005
2940	3006
2941	3007
2942	3008
2943	3009
2944	3010
2945	3011
2946	3012
2947	3013
2948	3014
2949	3015
2950	3016
2951	3017
2952	3018
2953	3019
2954	3020
2955	3021
2956	3022
2957	3023
2958	3024
2959	3025
2960	3026
2961	3027
2962	3028
2963	3029
2964	3030
2965	3031
2966	3032
2967	3033
2968	3034
2969	3035
2970	3036
2971	3037
2972	3038
2973	3039
2974	3040
2975	3041
2976	3042
2977	3043
2978	3044
2979	3045
2980	3046
2981	3047
2982	3048
2983	3049
2984	3050
2985	3051
2986	3052
2987	3053
2988	3054
2989	3055
2990	3056
2991	3057
2992	3058
2993	3059
2994	3060
2995	3061
2996	3062
2997	3063
2998	3064
2999	3065
3000	3066
3001	3067
3002	3068
3003	3069
3004	3070
3005	3071
3006	3072
3007	3073
3008	3074
3009	3075
3010	3076
3011	3077
3012	3078
3013	3079
3014	3080
3015	3081
3016	3082
3017	3083
3018	3084
3019	3085
3020	3086
3021	3087
3022	3088
3023	3089
3024	3090
3025	3091
3026	3092
3027	3093
3028	3094
3029	3095
3030	3096
3031	3097
3032	3098
3033	3099
3034	3100
3035	3101
3036	3102
3037	3103
3038	3104
3039	3105
3040	3106
3041	3107
3042	3108
3043	3109
3044	3110
3045	3111
3046	3112
3047	3113
3048	3114
3049	3115
3050	3116
3051	3117
3052	3118
3053	3119
3054	3120
3055	3121
3056	3122
3057	3123
3058	3124
3059	3125
3060	3126
3061	3127
3062	3128
3063	3129
3064	3130
3065	3131
3066	3132
3067	3133
3068	3134
3069	3135
3070	3136
3071	3137
3072	3138
3073	3139
3074	3140
3075	3141
3076	3142
3077	3143
3078	3144
3079	3145
3080	3146
3081	3147
3082	3148
3083	3149
3084	3150
3085	3151
3086	3152
3087	3153
3088	3154
3089	3155
3090	3156
3091	3157
3092	3158
3093	3159
3094	3160
3095	3161
3096	3162
3097	3163
3098	3164
3099	3165
3100	3166
3101	3167
3102	3168
3103	3169
3104	3170
3105	3171
3106	3172
3107	3173
3108	3174
3109	3175
3110	3176
3111	3177
3112	3178
3113	3179
3114	3180
3115	3181
3116	3182
3117	3183
3118	3184
3119	3185
3120	3186
3121	3187
3122	3188
3123	3189
3124	3190
3125	3191
3126	3192
3127	3193
3128	3194
3129	3195
3130	3196
3131	3197
3132	3198
3133	3199
3134	3200
3135	3201
3136	3202
3137	3203
3138	3204
3139	3205
3140	3206
3141	3207
3142	3208
3143	3209
3144	3210
3145	3211
3146	3212
3147	3213
3148	3214
3149	3215
3150	3216
3151	3217
3152	3218
3153	3219
3154	3220
3155	3221
3156	3222
3157	3223
3158	3224
3159	3225
3160	3226
3161	3227
3162	3228
3163	3229
3164	3230
3165	3231
3166	3232
3167	3233
3168	3234
3169	3235
3170	3236
3171	3237
3172	3238
3173	3239
3174	3240
3175	3241
3176	3242
3177	3243
3178	3244
3179	3245
3180	3246
3181	3247
3182	3248
3183	3249
3184	3250
3185	3251
3186	3252
3187	3253
3188	3254
3189	3255
3190	3256
3191	3257
3192	3258
3193	3259
3194	3260
3195	3261
3196	3262
3197	3263
3198	3264
3199	3265
3200	3266
3201	3267
3202	3268
3203	3269
3204	3270
3205	3271
3206	3272
3207	3273
3208	3274
3209	3275
3210	3276
3211	3277
3212	3278
3213	3279
3214	3280
3215	3281
3216	3282
3217	3283
3218	3284
3219	3285
3220	3286
3221	3287
3222	3288
3223	3289
3224	3290
3225	3291
3226	3292
3227	3293
3228	3294
3229	3295
3230	3296
3231	3297
3232	3298
3233	3299
3234	3300
3235	3301
3236	3302
3237	3303
3238	3304
3239	3305
3240	3306
3241	3307
3242	3308
3243	3309
3244	3310
3245	3311
3246	3312
3247	3313
3248	3314
3249	3315
3250	3316
3251	3317
3252	3318
3253	3319
3254	3320
3255	3321
3256	3322
3257	3323
3258	3324
3259	3325
3260	3326
3261	3327
3262	3328
3263	3329
3264	3330
3265	3331
3266	3332
3267	3333
3268	3334
3269	3335
3270	3336
3271	3337
3272	3338
3273	3339
3274	3340
3275	3341
3276	3342
3277	3343
3278	3344
3279	3345
3280	3346
3281	3347
3282	3348
3283	3349
3284	3350
3285	3351
3286	3352
3287	3353
3288	3354
3289	3355
3290	3356
3291	3357
3292	3358
3293	3359
3294	3360
3295	3361
3296	3362
3297	3363
3298	3364
3299	3365
3300	3366
3301	3367
3302	3368
3303	3369
3304	3370
3305	3371
3306	3372
3307	3373
3308	3374
3309	3375
3310	3376
3311	3377
3312	3378
3313	3379
3314	3380
3315	3381
3316	3382
3317	3383
3318	3384
3319	3385
3320	3386
3321	3387
3322	3388
3323	3389
3324	3390
3325	3391
3326	3392
3327	3393
3328	3394
3329	3395
3330	3396
3331	3397
3332	3398
3333	3399
3334	3400
3335	3401
3336	3402
3337	3403
3338	3404
3339	3405
3340	3406
3341	3407
3342	3408
3343	3409
3344	3410
3345	3411
3346	3412
3347	3413
3348	3414
3349	3415
3350	3416
3351	3417
3352	3418
3353	3419
3354	3420
3355	3421
3356	3422
3357	3423
3358	3424
3359	3425
3360	3426
3361	3427
3362	3428
3363	3429
3364	3430
3365	3431
3366	3432
3367	3433
3368	3434
3369	3435
3370	3436
3371	3437
3372	3438
3373	3439
3374	3440
3375	3441
3376	3442
3377	3443
3378	3444
3379	3445
3380	3446
3381	3447
3382	3448
3383	3449
3384	3450
3385	3451
3386	3452
3387	3453
3388	3454
3389	3455
3390	3456
3391	3457
3392	3458
3393	3459
3394	3460
3395	3461
3396	3462
3397	3463
3398	3464
3399	3465
3400	3466
3401	3467
3402	3468
3403	3469
3404	3470
3405	3471
3406	3472
3407	3473
3408	3474
3409	3475
3410	3476
3411	3477
3412	3478
3413	3479
3414	3480
3415	3481
3416	3482
3417	3483
3418	3484
3419	3485
3420	3486
3421	3487
3422	3488
3423	3489
3424	3490
3425	3491
3426	3492
3427	3493
3428	3494
3429	3495
3430	3496
3431	3497
3432	3498
3433	3499
3434	3500
3435	3501
3436	3502
3437	3503
3438	3504
3439	3505
3440	3506
3441	3507
3442	3508
3443	3509
3444	3510
3445	3511
3446	3512
3447	3513
3448	3514
3449	3515
3450	3516
3451	3517
3452	3518
3453	3519
3454	3520
3455	3521
3456	3522
3457	3523
3458	3524
3459	3525
3460	3526
3461	3527
3462	3528
3463	3529
3464	3530
3465	3531
3466	3532
3467	3533
3468	3534
3469	3535
3470	3536
3471	3537
3472	3538
3473	3539
3474	3540
3475	3541
3476	3542
3477	3543
3478	3544
3479	3545
3480	3546
3481	3547
3482	3548
3483	3549
3484	3550
3485	3551
3486	3552
3487	3553
3488	3554
3489	3555
3490	3556
3491	3557
3492	3558
3493	3559
3494	3560
3495	3561
3496	3562
3497	3563
3498	3564
3499	3565
3500	3566
3501	3567
3502	3568
3503	3569
3504	3570
3505	3571
3506	3572
3507	3573
3508	3574
3509	3575
3510	3576
3511	3577
3512	3578
3513	3579
3514	3580
3515	3581
3516	3582
3517	3583
3518	3584
3519	3585
3520	3586
3521	3587
3522	3588
3523	3589
3524	3590
3525	3591
3526	3592
3527	3593
3528	3594
3529	3595
3530	3596
3531	3597
3532	3598
3533	3599
3534	3600
3535	3601
3536	3602
3537	3603
3538	3604
3539	3605
3540	3606
3541	3607
3542	3608
3543	3609
3544	3610
3545	3611
3546	3612
3547	3613
3548	3614
3549	3615
3550	3616
3551	3617
3552	3618
3553	3619
3554	3620
3555	3621
3556	3622
3557	3623
3558	3624
3559	3625
3560	3626
3561	3627
3562	3628
3563	3629
3564	3630
3565	3631
3566	3632
3567	3633
3568	3634
3569	3635
3570	3636
3571	3637
3572	3638
3573	3639
3574	3640
3575	3641
3576	3642
3577	3643
3578	3644
3579	3645
3580	3646
3581	3647
3582	3648
3583	3649
3584	3650
3585	3651
3586	3652
3587	3653
3588	3654
3589	3655
3590	3656
3591	3657
3592	3658
3593	3659
3594	3660
3595	3661
3596	3662
3597	3663
3598	3664
3599	3665
3600	3666
3601	3667
3602	3668
3603	3669
3604	3670
3605	3671
3606	3672
3607	3673
3608	3674
3609	3675
3610	3676
3611	3677
3612	3678
3613	3679
3614	3680
3615	3681
3616	3682
3617	3683
3618	3684
3619	3685
3620	3686
3621	3687
3622	3688
3623	3689
3624	3690
3625	3691
3626	3692
3627	3693
3628	3694
3629	3695
3630	3696
3631	3697
3632	3698
3633	3699
3634	3700
3635	3701
3636	3702
3637	3703
3638	3704
3639	3705
3640	3706
3641	3707
3642	3708
3643	3709
3644	3710
3645	3711
3646	3712
3647	3713
3648	3714
3649	3715
3650	3716
3651	3717
3652	3718
3653	3719
3654	3720
3655	3721
3656	3722
3657	3723
3658	3724
3659	3725
3660	3726
3661	3727
3662	3728
3663	3729
3664	3730
3665	3731
3666	3732
3667	3733
3668	3734
3669	3735
3670	3736
3671	3737
3672	3738
3673	3739
3674	3740
3675	3741
3676	3742
3677	3743
3678	3744
3679	3745
3680	3746
3681	3747
3682	3748
3683	3749
3684	3750
3685	3751
3686	3752
3687	3753
3688	3754
3689	3755
3690	3756
3691	3757
3692	3758
3693	3759
3694	3760
3695	3761
3696	3762
3697	3763
3698	3764
3699	3765
3700	3766
3701	3767
3702	3768
3703	3769
3704	3770
3705	3771
3706	3772
3707	3773
3708	3774
3709	3775
3710	3776
3711	3777
3712	3778
3713	3779
3714	3780
3715	3781
3716	3782
3717	3783
3718	3784
3719	3785
3720	3786
3721	3787
3722	3788
3723	3789
3724	3790
3725	3791
3726	3792
3727	3793
3728	3794
3729	3795
3730	3796
3731	3797
3732	3798
3733	3799
3734	3800
3735	3801
3736	3802
3737	3803
3738	3804
3739	3805
3740	3806
3741	3807
3742	3808
3743	3809
3744	3810
3745	3811
3746	3812
3747	3813
3748	3814
3749	3815
3750	3816
3751	3817
3752	3818
3753	3819
3754	3820
3755	3821
3756	3822
3757	3823
3758	3824
3759	3825
3760	3826
3761	3827
3762	3828
3763	3829
3764	3830
3765	3831
3766	3832
3767	3833
3768	3834
3769	3835
3770	3836
3771	3837
3772	3838
3773	3839
3774	3840
3775	3841
3776	3842
3777	3843
3778	3844
3779	3845
3780	3846
3781	3847
3782	3848
3783	3849
3784	3850
3785	3851
3786	3852
3787	3853
3788	3854
3789	3855
3790	3856
3791	3857
3792	3858
3793	3859
3794	3860
3795	3861
3796	3862
3797	3863
3798	3864
3799	3865
3800	3866
3801	3867
3802	3868
3803	3869
3804	3870
3805	3871
3806	3872
3807	3873
3808	3874
3809	3875
3810	3876
3811	3877
3812	3878
3813	3879
3814	3880
3815	3881
3816	3882
3817	3883
3818	3884
3819	3885
3820	3886
3821	3887
3822	3888
3823	3889
3824	3890
3825	3891
3826	3892
3827	3893
3828	3894
3829	3895
3830	3896
3831	3897
3832	3898
3833	3899
3834	3900
3835	3901
3836	3902
3837	3903
3838	3904
3839	3905
3840	3906
3841	3907
3842	3908
3843	3909
3844	3910
3845	3911
3846	3912
3847	3913
3848	3914
3849	3915
3850	3916
3851	3917
3852	3918
3853	3919
3854	3920
3855	3921
3856	3922
3857	3923
3858	3924
3859	3925
3860	3926
3861	3927
3862	3928
3863	3929
3864	3930
3865	3931
3866	3932
3867	3933
3868	3934
3869	3935
3870	3936
3871	3937
3872	3938
3873	3939
3874	3940
3875	3941
3876	3942
3877	3943
3878	3944
3879	3945
3880	3946
3881	3947
3882	3948
3883	3949
3884	3950
3885	3951
3886	3952
3887	3953
3888	3954
3889	3955
3890	3956
3891	3957
3892	3958
3893	3959
3894	3960
3895	3961
3896	3962
3897	3963
3898	3964
3899	3965
3900	3966
3901	3967
3902	3968
3903	3969
3904	3970
3905	3971
3906	3972
3907	3973
3908	3974
3909	3975
3910	3976
3911	3977
3912	3978
3913	3979
3914	3980
3915	3981
3916	3982
3917	3983
3918	3984
3919	3985
3920	3986
3921	3987
3922	3988
3923	3989
3924	3990
3925	3991
3926	3992
3927	3993
3928	3994
3929	3995
3930	3996
3931	3997
3932	3998
3933	3999
3934	4000
3935	4001
3936	4002
3937	4003
3938	4004
3939	4005
3940	4006
3941	4007
3942	4008
3943	4009
3944	4010
3945	4011
3946	4012
3947	4013
3948	4014
3949	4015
3950	4016
3951	4017
3952	4018
3953	4019
3954	4020
3955	4021
3956	4022
3957	4023
3958	4024
3959	4025
3960	4026
3961	4027
3962	4028
3963	4029
3964	4030
3965	4031
3966	4032
3967	4033
3968	4034
3969	4035
3970	4036
3971	4037
3972	4038
3973	4039
3974	4040
3975	4041
3976	4042
3977	4043
3978	4044
3979	4045
3980	4046
3981	4047
3982	4048
3983	4049
3984	4050
3985	4051
3986	4052
3987	4053
3988	4054
3989	4055
3990	4056
3991	4057
3992	4058
3993	4059
3994	4060
3995	4061
3996	4062
3997	4063
3998	4064
3999	4065
4000	4066
4001	4067
4002	4068
4003	4069
4004	4070
4005	4071
4006	4072
4007	4073
4008	4074
4009	4075
4010	4076
4011	4077
4012	4078
4013	4079
4014	4080
4015	4081
4016	4082
4017	4083
4018	4084
4019	4085
4020	4086
4021	4087
4022	4088
4023	4089
4024	4090
4025	4091
4026	4092
4027	4093
4028	4094
4029	4095
4030	4096
4031	4097
4032	4098
4033	4099
4034	4100
4035	4101
4036	4102
4037	4103
4038	4104
4039	4105
4040	4106
4041	4107
4042	4108
4043	4109
4044	4110
4045	4111
4046	4112
4047	4113
4048	4114
4049	4115
4050	4116
4051	4117
4052	4118
4053	4119
4054	4120
4055	4121
4056	4122
4057	4123
4058	4124
4059	4125
4060	4126
4061	4127
4062	4128
4063	4129
4064	4130
4065	4131
4066	4132
4067	4133
4068	4134
4069	4135
4070	4136
4071	4137
4072	4138
4073	4139
4074	4140
4075	4141
4076	4142
4077	4143
4078	4144
4079	4145
4080	4146
4081	4147
4082	4148
4083	4149
4084	4150
4085	4151
4086	4152
4087	4153
4088	4154
4089	4155
4090	4156
4091	4157
4092	4158
4093	4159
4094	4160
4095	4161
4096	4162
4097	4163
4098	4164
4099	4165
4100	4166
4101	4167
4102	4168
4103	4169
4104	4170
4105	4171
4106	4172
4107	4173
4108	4174
4109	4175
4110	4176
4111	4177
4112	4178
4113	4179
4114	4180
4115	4181
4116	4182
4117	4183
4118	4184
4119	4185
4120	4186
4121	4187
4122	4188
4123	4189
4124	4190
4125	4191
4126	4192
4127	4193
4128	4194
4129	4195
4130	4196
4131	4197
4132	4198
4133	4199
4134	4200
4135	4201
4136	4202
4137	4203
4138	4204
4139	4205
4140	4206
4141	4207
4142	4208
4143	4209
4144	4210
4145	4211
4146	4212
4147	4213
4148	4214
4149	4215
4150	4216
4151	4217
4152	4218
4153	4219
4154	4220
4155	4221
4156	4222
4157	4223
4158	4224
4159	4225
4160	4226
4161	4227
4162	4228
4163	4229
4164	4230
4165	4231
4166	4232
4167	4233
4168	4234
4169	4235
4170	4236
4171	4237
4172	4238
4173	4239
4174	4240
4175	4241
4176	4242
4177	4243
4178	4244
4179	4245
4180	4246
4181	4247
4182	4248
4183	4249
4184	4250
4185	4251
4186	4252
4187	4253
4188	4254
4189	4255
4190	4256
4191	4257
4192	4258
4193	4259
4194	4260
4195	4261
4196	4262
4197	4263
4198	4264
4199	4265
4200	4266
4201	4267
4202	4268
4203	4269
4204	4270
4205	4271
4206	4272
4207	4273
4208	4274
4209	4275
4210	4276
4211	4277
4212	4278
4213	4279
4214	4280
4215	4281
4216	4282
4217	4283
4218	4284
4219	4285
4220	4286
4221	4287
4222	4288
4223	4289
4224	4290
4225	4291
4226	4292
4227	4293
4228	4294
4229	4295
4230	4296
4231	4297
4232	4298
4233	4299
4234	4300
4235	4301
4236	4302
4237	4303
4238	4304
4239	4305
4240	4306
4241	4307
4242	4308
4243	4309
4244	4310
4245	4311
4246	4312
4247	4313
4248	4314
4249	4315
4250	4316
4251	4317
4252	4318
4253	4319
4254	4320
4255	4321
4256	4322
4257	4323
4258	4324
4259	4325
4260	4326
4261	4327
4262	4328
4263	4329
4264	4330
4265	4331
4266	4332
4267	4333
4268	4334
4269	4335
4270	4336
4271	4337
4272	4338
4273	4339
4274	4340
4275	4341
4276	4342
4277	4343
4278	4344
4279	4345
4280	4346
4281	4347
4282	4348
4283	4349
4284	4350
4285	4351
4286	4352
4287	4353
4288	4354
4289	4355
4290	4356
4291	4357
4292	4358
4293	4359
4294	4360
4295	4361
4296	4362
4297	4363
4298	4364
4299	4365
4300	4366
4301	4367
4302	4368
4303	4369
4304	4370
4305	4371
4306	4372
4307	4373
4308	4374
4309	4375
4310	4376
4311	4377
4312	4378
4313	4379
4314	4380
4315	4381
4316	4382
4317	4383
4318	4384
4319	4385
4320	4386
4321	4387
4322	4388
4323	4389
4324	4390
4325	4391
4326	4392
4327	4393
4328	4394
4329	4395
4330	4396
4331	4397
4332	4398
4333	4399
4334	4400
4335	4401
4336	4402
4337	4403
4338	4404
4339	4405
4340	4406
4341	4407
4342	4408
4343	4409
4344	4410
4345	4411
4346	4412
4347	4413
4348	4414
4349	4415
4350	4416
4351	4417
4352	4418
4353	4419
4354	4420
4355	4421
4356	4422
4357	4423
4358	4424
4359	4425
4360	4426
4361	4427
4362	4428
4363	4429
4364	4430
4365	4431
4366	4432
4367	4433
4368	4434
4369	4435
4370	4436
4371	4437
4372	4438
4373	4439
4374	4440
4375	4441
4376	4442
4377	4443
4378	4444
4379	4445
4380	4446
4381	4447
4382	4448
4383	4449
4384	4450
4385	4451
4386	4452
4387	4453
4388	4454
4389	4455
4390	4456
4391	4457
4392	4458
4393	4459
4394	4460
4395	4461
4396	4462
4397	4463
4398	4464
4399	4465
4400	4466
4401	4467
4402	4468
4403	4469
4404	4470
4405	4471
4406	4472
4407	4473
4408	4474
4409	4475
4410	4476
4411	4477
4412	4478
4413	4479
4414	4480
4415	4481
4416	4482
4417	4483
4418	4484
4419	4485
4420	4486
4421	4487
4422	4488
4423	4489
4424	4490
4425	4491
4426	4492
4427	4493
4428	4494
4429	4495
4430	4496
4431	4497
4432	4498
4433	4499
4434	4500
4435	4501
4436	4502
4437	4503
4438	4504
4439	4505
4440	4506
4441	4507
4442	4508
4443	4509
4444	4510
4445	4511
4446	4512
4447	4513
4448	4514
4449	4515
4450	4516
4451	4517
4452	4518
4453	4519
4454	4520
4455	4521
4456	4522
4457	4523
4458	4524
4459	4525
4460	4526
4461	4527
4462	4528
4463	4529
4464	4530
4465	4531
4466	4532
4467	4533
4468	4534
4469	4535
4470	4536
4471	4537
4472	4538
4473	4539
4474	4540
4475	4541
4476	4542
4477	4543
4478	4544
4479	4545
4480	4546
4481	4547
4482	4548
4483	4549
4484	4550
4485	4551
4486	4552
4487	4553
4488	4554
4489	4555
4490	4556
4491	4557
4492	4558
4493	4559
4494	4560
4495	4561
4496	4562
4497	4563
4498	4564
4499	4565
4500	4566
4501	4567
4502	4568
4503	4569
4504	4570
4505	4571
4506	4572
4507	4573
4508	4574
4509	4575
4510	4576
4511	4577
4512	4578
4513	4579
4514	4580
4515	4581
4516	4582
4517	4583
4518	4584
4519	4585
4520	4586
4521	4587
4522	4588
4523	4589
4524	4590
4525	4591
4526	4592
4527	4593
4528	4594
4529	4595
4530	4596
4531	4597
4532	4598
4533	4599
4534	4600
4535	4601
4536	4602
4537	4603
4538	4604
4539	4605
4540	4606
4541	4607
4542	4608
4543	4609
4544	4610
4545	4611
4546	4612
4547	4613
4548	4614
4549	4615
4550	4616
4551	4617
4552	4618
4553	4619
4554	4620
4555	4621
4556	4622
4557	4623
4558	4624
4559	4625
4560	4626
4561	4627
4562	4628
4563	4629
4564	4630
4565	4631
4566	4632
4567	4633
4568	4634
4569	4635
4570	4636
4571	4637
4572	4638
4573	4639
4574	4640
4575	4641
4576	4642
4577	4643
4578	4644
4579	4645
4580	4646
4581	4647
4582	4648
4583	4649
4584	4650
4585	4651
4586	4652
4587	4653
4588	4654
4589	4655
4590	4656
4591	4657
4592	4658
4593	4659
4594	4660
4595	4661
4596	4662
4597	4663
4598	4664
4599	4665
4600	4666
4601	4667
4602	4668
4603	4669
4604	4670
4605	4671
4606	4672
4607	4673
4608	4674
4609	4675
4610	4676
4611	4677
4612	4678
4613	4679
4614	4680
4615	4681
4616	4682
4617	4683
4618	4684
4619	4685
4620	4686
4621	4687
4622	4688
4623	4689
4624	4690
4625	4691
4626	4692
4627	4693
4628	4694
4629	4695
4630	4696
4631	4697
4632	4698
4633	4699
4634	4700
4635	4701
4636	4702
4637	4703
4638	4704
4639	4705
4640	4706
4641	4707
4642	4708
4643	4709
4644	4710
4645	4711
4646	4712
4647	4713
4648	4714
4649	4715
4650	4716
4651	4717
4652	4718
4653	4719
4654	4720
4655	4721
4656	4722
4657	4723
4658	4724
4659	4725
4660	4726
4661	4727
4662	4728
4663	4729
4664	4730
4665	4731
4666	4732
4667	4733
4668	4734
4669	4735
4670	4736
4671	4737
4672	4738
4673	4739
4674	4740
4675	4741
4676	4742
4677	4743
4678	4744
4679	4745
4680	4746
4681	4747
4682	4748
4683	4749
4684	4750
4685	4751
4686	4752
4687	4753
4688	4754
4689	4755
4690	4756
4691	4757
4692	4758
4693	4759
4694	4760
4695	4761
4696	4762
4697	4763
4698	4764
4699	4765
4700	4766
4701	4767
4702	4768
4703	4769
4704	4770
4705	4771
4706	4772
4707	4773
4708	4774
4709	4775
4710	4776
4711	4777
4712	4778
4713	4779
4714	4780
4715	4781
4716	4782
4717	4783
4718	4784
4719	4785
4720	4786
4721	4787
4722	4788
4723	4789
4724	4790
4725	4791
4726	4792
4727	4793
4728	4794
4729	4795
4730	4796
4731	4797
4732	4798
4733	4799
4734	4800
4735	4801
4736	4802
4737	4803
4738	4804
4739	4805
4740	4806
4741	4807
4742	4808
4743	4809
4744	4810
4745	4811
4746	4812
4747	4813
4748	4814
4749	4815
4750	4816
4751	4817
4752	4818
4753	4819
4754	4820
4755	4821
4756	4822
4757	4823
4758	4824
4759	4825
4760	4826
4761	4827
4762	4828
4763	4829
4764	4830
4765	4831
4766	4832
4767	4833
4768	4834
4769	4835
4770	4836
4771	4837
4772	4838
4773	4839
4774	4840
4775	4841
4776	4842
4777	4843
4778	4844
4779	4845
4780	4846
4781	4847
4782	4848
4783	4849
4784	4850
4785	4851
4786	4852
4787	4853
4788	4854
4789	4855
4790	4856
4791	4857
4792	4858
4793	4859
4794	4860
4795	4861
4796	4862
4797	4863
4798	4864
4799	4865
4800	4866
4801	4867
4802	4868
4803	4869
4804	4870
4805	4871
4806	4872
4807	4873
4808	4874
4809	4875
4810	4876
4811	4877
4812	4878
4813	4879
4814	4880
4815	4881
4816	4882
4817	4883
4818	4884
4819	4885
4820	4886
4821	4887
4822	4888
4823	4889
4824	4890
4825	4891
4826	4892
4827	4893
4828	4894
4829	4895
4830	4896
4831	4897
4832	4898
4833	4899
4834	4900
4835	4901
4836	4902
4837	4903
4838	4904
4839	4905
4840	4906
4841	4907
4842	4908
4843	4909
4844	4910
4845	4911
4846	4912
4847	4913
4848	4914
4849	4915
4850	4916
4851	4917
4852	4918
4853	4919
4854	4920
4855	4921
4856	4922
4857	4923
4858	4924
4859	4925
4860	4926
4861	4927
4862	4928
4863	4929
4864	4930
4865	4931
4866	4932
4867	4933
4868	4934
4869	4935
4870	4936
4871	4937
4872	4938
4873	4939
4874	4940
4875	4941
4876	4942
4877	4943
4878	4944
4879	4945
4880	4946
4881	4947
4882	4948
4883	4949
4884	4950
4885	4951
4886	4952
4887	4953
4888	4954
4889	4955
4890	4956
4891	4957
4892	4958
4893	4959
4894	4960
4895	4961
4896	4962
4897	4963
4898	4964
4899	4965
4900	4966
4901	4967
4902	4968
4903	4969
4904	4970
4905	4971
4906	4972
4907	4973
4908	4974
4909	4975
4910	4976
4911	4977
4912	4978
4913	4979
4914	4980
4915	4981
4916	4982
4917	4983
4918	4984
4919	4985
4920	4986
4921	4987
4922	4988
4923	4989
4924	4990
4925	4991
4926	4992
4927	4993
4928	4994
4929	4995
4930	4996
4931	4997
4932	4998
4933	4999
4934	5000
4935	5001
4936	5002
4937	5003
4938	5004
4939	5005
4940	5006
4941	5007
4942	5008
4943	5009
4944	5010
4945	5011
4946	5012
4947	5013
4948	5014
4949	5015
4950	5016
4951	5017
4952	5018
4953	5019
4954	5020
4955	5021
4956	5022
4957	5023
4958	5024
4959	5025
4960	5026
4961	5027
4962	5028
4963	5029
4964	5030
4965	5031
4966	5032
4967	5033
4968	5034
4969	5035
4970	5036
4971	5037
4972	5038
4973	5039
4974	5040
4975	5041
4976	5042
4977	5043
4978	5044
4979	5045
4980	5046
4981	5047
4982	5048
4983	5049
4984	5050
4985	5051
4986	5052
4987	5053
4988	5054
4989	5055
4990	5056
4991	5057
4992	5058
4993	5059
4994	5060
4995	5061
4996	5062
4997	5063
4998	5064
4999	5065
5000	5066
5001	5067
5002	5068
5003	5069
5004	5070
5005	5071
5006	5072
5007	5073
5008	5074
5009	5075
5010	5076
5011	5077
5012	5078
5013	5079
5014	5080
5015	5081
5016	5082
5017	5083
5018	5084
5019	5085
5020	5086
5021	5087
5022	5088
5023	5089
5024	5090
5025	5091
5026	5092
5027	5093
5028	5094
5029	5095
5030	5096
5031	5097
5032	5098
5033	5099
5034	5100
5035	5101
5036	5102
5037	5103
5038	5104
5039	5105
5040	5106
5041	5107
5042	5108
5043	5109
5044	5110
5045	5111
5046	5112
5047	5113
5048	5114
5049	5115
5050	5116
5051	5117
5052	5118
5053	5119
5054	5120
5055	5121
5056	5122
5057	5123
5058	5124
5059	5125
5060	5126
5061	5127
5062	5128
5063	5129
5064	5130
5065	5131
5066	5132
5067	5133
5068	5134
5069	5135
5070	5136
5071	5137
5072	5138
5073	5139
5074	5140
5075	5141
5076	5142
5077	5143
5078	5144
5079	5145
5080	5146
5081	5147
5082	5148
5083	5149
5084	5150
5085	5151
5086	5152
5087	5153
5088	5154
5089	5155
5090	5156
5091	5157
5092	5158
5093	5159
5094	5160
5095	5161
5096	5162
5097	5163
5098	5164
5099	5165
5100	5166
5101	5167
5102	5168
5103	5169
5104	5170
5105	5171
5106	5172
5107	5173
5108	5174
5109	5175
5110	5176
5111	5177
5112	5178
5113	5179
5114	5180
5115	5181
5116	5182
5117	5183
5118	5184
5119	5185
5120	5186
5121	5187
5122	5188
5123	5189
5124	5190
5125	5191
5126	5192
5127	5193
5128	5194
5129	5195
5130	5196
5131	5197
5132	5198
5133	5199
5134	5200
5135	5201
5136	5202
5137	5203
5138	5204
5139	5205
5140	5206
5141	5207
5142	5208
5143	5209
5144	5210
5145	5211
5146	5212
5147	5213
5148	5214
5149	5215
5150	5216
5151	5217
5152	5218
5153	5219
5154	5220
5155	5221
5156	5222
5157	5223
5158	5224
5159	5225
5160	5226
5161	5227
5162	5228
5163	5229
5164	5230
5165	5231
5166	5232
5167	5233
5168	5234
5169	5235
5170	5236
5171	5237
5172	5238
5173	5239
5174	5240
5175	5241
5176	5242
5177	5243
5178	5244
5179	5245
5180	5246
5181	5247
5182	5248
5183	5249
5184	5250
5185	5251
5186	5252
5187	5253
5188	5254
5189	5255
5190	5256
5191	5257
5192	5258
5193	5259
5194	5260
5195	5261
5196	5262
5197	5263
5198	5264
5199	5265
5200	5266
5201	5267
5202	5268
5203	5269
5204	5270
5205	5271
5206	5272
5207	5273
5208	5274
5209	5275
5210	5276
5211	5277
5212	5278
5213	5279
5214	5280
5215	5281
5216	5282
5217	5283
5218	5284
5219	5285
5220	5286
5221	5287
5222	5288
5223	5289
5224	5290
5225	5291
5226	5292
5227	5293
5228	5294
5229	5295
5230	5296
5231	5297
5232	5298
5233	5299
5234	5300
5235	5301
5236	5302
5237	5303
5238	5304
5239	5305
5240	5306
5241	5307
5242	5308
5243	5309
5244	5310
5245	5311
5246	5312
5247	5313
5248	5314
5249	5315
5250	5316
5251	5317
5252	5318
5253	5319
5254	5320
5255	5321
5256	5322
5257	5323
5258	5324
5259	5325
5260	5326
5261	5327
5262	5328
5263	5329
5264	5330
5265	5331
5266	5332
5267	5333
5268	5334
5269	5335
5270	5336
5271	5337
5272	5338
5273	5339
5274	5340
5275	5341
5276	5342
5277	5343
5278	5344
5279	5345
5280	5346
5281	5347
5282	5348
5283	5349
5284	5350
5285	5351
5286	5352
5287	5353
5288	5354
5289	5355
5290	5356
5291	5357
5292	5358
5293	5359
5294	5360
5295	5361
5296	5362
5297	5363
5298	5364
5299	5365
5300	5366
5301	5367
5302	5368
5303	5369
5304	5370
5305	5371
5306	5372
5307	5373
5308	5374
5309	5375
5310	5376
5311	5377
5312	5378
5313	5379
5314	5380
5315	5381
5316	5382
5317	5383
5318	5384
5319	5385
5320	5386
5321	5387
5322	5388
5323	5389
5324	5390
5325	5391
5326	5392
5327	5393
5328	5394
5329	5395
5330	5396
5331	5397
5332	5398
5333	5399
5334	5400
5335	5401
5336	5402
5337	5403
5338	5404
5339	5405
5340	5406
5341	5407
5342	5408
5343	5409
5344	5410
5345	5411
5346	5412
5347	5413
5348	5414
5349	5415
5350	5416
5351	5417
5352	5418
5353	5419
5354	5420
5355	5421
5356	5422
5357	5423
5358	5424
5359	5425
5360	5426
5361	5427
5362	5428
5363	5429
5364	5430
5365	5431
5366	5432
5367	5433
5368	5434
5369	5435
5370	5436
5371	5437
5372	5438
5373	5439
5374	5440
5375	5441
5376	5442
5377	5443
5378	5444
5379	5445
5380	5446
5381	5447
5382	5448
5383	5449
5384	5450
5385	5451
5386	5452
5387	5453
5388	5454
5389	5455
5390	5456
5391	5457
5392	5458
5393	5459
5394	5460
5395	5461
5396	5462
5397	5463
5398	5464
5399	5465
5400	5466
5401	5467
5402	5468
5403	5469
5404	5470
5405	5471
5406	5472
5407	5473
5408	5474
5409	5475
5410	5476
5411	5477
5412	5478
5413	5479
5414	5480
5415	5481
5416	5482
5417	5483
5418	5484
5419	5485
5420	5486
5421	5487
5422	5488
5423	5489
5424	5490
5425	5491
5426	5492
5427	5493
5428	5494
5429	5495
5430	5496
5431	5497
5432	5498
5433	5499
5434	5500
5435	5501
5436	5502
5437	5503
5438	5504
5439	5505
5440	5506
5441	5507
5442	5508
5443	5509
5444	5510
5445	5511
5446	5512
5447	5513
5448	5514
5449	5515
5450	5516
5451	5517
5452	5518
5453	5519
5454	5520
5455	5521
5456	5522
5457	5523
5458	5524
5459	5525
5460	5526
5461	5527
5462	5528
5463	5529
5464	5530
5465	5531
5466	5532
5467	5533
5468	5534
5469	5535
5470	5536
5471	5537
5472	5538
5473	5539
5474	5540
5475	5541
5476	5542
5477	5543
5478	5544
5479	5545
5480	5546
5481	5547
5482	5548
5483	5549
5484	5550
5485	5551
5486	5552
5487	5553
5488	5554
5489	5555
5490	5556
5491	5557
5492	5558
5493	5559
5494	5560
5495	5561
5496	5562
5497	5563
5498	5564
5499	5565
5500	5566
5501	5567
5502	5568
5503	5569
5504	5570
5505	5571
5506	5572
5507	5573
5508	5574
5509	5575
5510	5576
5511	5577
5512	5578
5513	5579
5514	5580
5515	5581
5516	5582
5517	5583
5518	5584
5519	5585
5520	5586
5521	5587
5522	5588
5523	5589
5524	5590
5525	5591
5526	5592
5527	5593
5528	5594
5529	5595
5530	5596
5531	5597
5532	5598
5533	5599
5534	5600
5535	5601
5536	5602
5537	5603
5538	5604
5539	5605
5540	5606
5541	5607
5542	5608
5543	5609
5544	5610
5545	5611
5546	5612
5547	5613
5548	5614
5549	5615
5550	5616
5551	5617
5552	5618
5553	5619
5554	5620
5555	5621
5556	5622
5557	5623
5558	5624
5559	5625
5560	5626
5561	5627
5562	5628
5563	5629
5564	5630
5565	5631
5566	5632
5567	5633
5568	5634
5569	5635
5570	5636
5571	5637
5572	5638
5573	5639
5574	5640
5575	5641
5576	5642
5577	5643
5578	5644
5579	5645
5580	5646
5581	5647
5582	5648
5583	5649
5584	5650
5585	5651
5586	5652
5587	5653
5588	5654
5589	5655
5590	5656
5591	5657
5592	5658
5593	5659
5594	5660
5595	5661
5596	5662
5597	5663
5598	5664
5599	5665
5600	5666
5601	5667
5602	5668
5603	5669
5604	5670
5605	5671
5606	5672
5607	5673
5608	5674
5609	5675
5610	5676
5611	5677
5612	5678
5613	5679
5614	5680
5615	5681
5616	5682
5617	5683
5618	5684
5619	5685
5620	5686
5621	5687
5622	5688
5623	5689
5624	5690
5625	5691
5626	5692
5627	5693
5628	5694
5629	5695
5630	5696
5631	5697
5632	5698
5633	5699
5634	5700
5635	5701
5636	5702
5637	5703
5638	5704
5639	5705
5640	5706
5641	5707
5642	5708
5643	5709
5644	5710
5645	5711
5646	5712
5647	5713
5648	5714
5649	5715
5650	5716
5651	5717
5652	5718
5653	5719
5654	5720
5655	5721
5656	5722
5657	5723
5658	5724
5659	5725
5660	5726
5661	5727
5662	5728
5663	5729
5664	5730
5665	5731
5666	5732
5667	5733
5668	5734
5669	5735
5670	5736
5671	5737
5672	5738
5673	5739
5674	5740
5675	5741
5676	5742
5677	5743
5678	5744
5679	5745
5680	5746
5681	5747
5682	5748
5683	5749
5684	5750
5685	5751
5686	5752
5687	5753
5688	5754
5689	5755
5690	5756
5691	5757
5692	5758
5693	5759
5694	5760
5695	5761
5696	5762
5697	5763
5698	5764
5699	5765
5700	5766
5701	5767
5702	5768
5703	5769
5704	5770
5705	5771
5706	5772
5707	5773
5708	5774
5709	5775
5710	5776
5711	5777
5712	5778
5713	5779
5714	5780
5715	5781
5716	5782
5717	5783
5718	5784
5719	5785
5720	5786
5721	5787
5722	5788
5723	5789
5724	5790
5725	5791
5726	5792
5727	5793
5728	5794
5729	5795
5730	5796
5731	5797
5732	5798
5733	5799
5734	5800
5735	5801
5736	5802
5737	5803
5738	5804
5739	5805
5740	5806
5741	5807
5742	5808
5743	5809
5744	5810
5745	5811
5746	5812
5747	5813
5748	5814
5749	5815
5750	5816
5751	5817
5752	5818
5753	5819
5754	5820
5755	5821
5756	5822
5757	5823
5758	5824
5759	5825
5760	5826
5761	5827
5762	5828
5763	5829
5764	5830
5765	5831
5766	5832
5767	5833
5768	5834
5769	5835
5770	5836
5771	5837
5772	5838
5773	5839
5774	5840
5775	5841
5776	5842
5777	5843
5778	5844
5779	5845
5780	5846
5781	5847
5782	5848
5783	5849
5784	5850
5785	5851
5786	5852
5787	5853
5788	5854
5789	5855
5790	5856
5791	5857
5792	5858
5793	5859
5794	5860
5795	5861
5796	5862
5797	5863
5798	5864
5799	5865
5800	5866
5801	5867
5802	5868
5803	5869
5804	5870
5805	5871
5806	5872
5807	5873
5808	5874
5809	5875
5810	5876
5811	5877
5812	5878
5813	5879
5814	5880
5815	5881
5816	5882
5817	5883
5818	5884
5819	5885
5820	5886
5821	5887
5822	5888
5823	5889
5824	5890
5825	5891
5826	5892
5827	5893
5828	5894
5829	5895
5830	5896
5831	5897
5832	5898
5833	5899
5834	5900
5835	5901
5836	5902
5837	5903
5838	5904
5839	5905
5840	5906
5841	5907
5842	5908
5843	5909
5844	5910
5845	5911
5846	5912
5847	5913
5848	5914
5849	5915
5850	5916
5851	5917
5852	5918
5853	5919
5854	5920
5855	5921
5856	5922
5857	5923
5858	5924
5859	5925
5860	5926
5861	5927
5862	5928
5863	5929
5864	5930
5865	5931
5866	5932
5867	5933
5868	5934
5869	5935
5870	5936
5871	5937
5872	5938
5873	5939
5874	5940
5875	5941
5876	5942
5877	5943
5878	5944
5879	5945
5880	5946
5881	5947
5882	5948
5883	5949
5884	5950
5885	5951
5886	5952
5887	5953
5888	5954
5889	5955
5890	5956
5891	5957
5892	5958
5893	5959
5894	5960
5895	5961
5896	5962
5897	5963
5898	5964
5899	5965
5900	5966
5901	5967
5902	5968
5903	5969
5904	5970
5905	5971
5906	5972
5907	5973
5908	5974
5909	5975
5910	5976
5911	5977
5912	5978
5913	5979
5914	5980
5915	5981
5916	5982
5917	5983
5918	5984
5919	5985
5920	5986
5921	5987
5922	5988
5923	5989
5924	5990
5925	5991
5926	5992
5927	5993
5928	5994
5929	5995
5930	5996
5931	5997
5932	5998
5933	5999
5934	6000
5935	6001
5936	6002
5937	6003
5938	6004
5939	6005
5940	6006
5941	6007
5942	6008
5943	6009
5944	6010
5945	6011
5946	6012
5947	6013
5948	6014
5949	6015
5950	6016
5951	6017
5952	6018
5953	6019
5954	6020
5955	6021
5956	6022
5957	6023
5958	6024
5959	6025
5960	6026
5961	6027
5962	6028
5963	6029
5964	6030
5965	6031
5966	6032
5967	6033
5968	6034
5969	6035
5970	6036
5971	6037
5972	6038
5973	6039
5974	6040
5975	6041
5976	6042
5977	6043
5978	6044
5979	6045
5980	6046
5981	6047
5982	6048
5983	6049
5984	6050
5985	6051
5986	6052
5987	6053
5988	6054
5989	6055
5990	6056
5991	6057
5992	6058
5993	6059
5994	6060
5995	6061
5996	6062
5997	6063
5998	6064
5999	6065
6000	6066
6001	6067
6002	6068
6003	6069
6004	6070
6005	6071
6006	6072
6007	6073
6008	6074
6009	6075
6010	6076
6011	6077
6012	6078
6013	6079
6014	6080
6015	6081
6016	6082
6017	6083
6018	6084
6019	6085
6020	6086
6021	6087
6022	6088
6023	6089
6024	6090
6025	6091
6026	6092
6027	6093
6028	6094
6029	6095
6030	6096
6031	6097
6032	6098
6033	6099
6034	6100
6035	6101
6036	6102
6037	6103
6038	6104
6039	6105
6040	6106
6041	6107
6042	6108
6043	6109
6044	6110
6045	6111
6046	6112
6047	6113
6048	6114
6049	6115
6050	6116
6051	6117
6052	6118
6053	6119
6054	6120
6055	6121
6056	6122
6057	6123
6058	6124
6059	6125
6060	6126
6061	6127
6062	6128
6063	6129
6064	6130
6065	6131
6066	6132
6067	6133
6068	6134
6069	6135
6070	6136
6071	6137
6072	6138
6073	6139
6074	6140
6075	6141
6076	6142
6077	6143
6078	6144
6079	6145
6080	6146
6081	6147
6082	6148
6083	6149
6084	6150
6085	6151
6086	6152
6087	6153
6088	6154
6089	6155
6090	6156
6091	6157
6092	6158
6093	6159
6094	6160
6095	6161
6096	6162
6097	6163
6098	6164
6099	6165
6100	6166
6101	6167
6102	6168
6103	6169
6104	6170
6105	6171
6106	6172
6107	6173
6108	6174
6109	6175
6110	6176
6111	6177
6112	6178
6113	6179
6114	6180
6115	6181
6116	6182
6117	6183
6118	6184
6119	6185
6120	6186
6121	6187
6122	6188
6123	6189
6124	6190
6125	6191
6126	6192
6127	6193
6128	6194
6129	6195
6130	6196
6131	6197
6132	6198
6133	6199
6134	6200
6135	6201
6136	6202
6137	6203
6138	6204
6139	6205
6140	6206
6141	6207
6142	6208
6143	6209
6144	6210
6145	6211
6146	6212
6147	6213
6148	6214
6149	6215
6150	6216
6151	6217
6152	6218
6153	6219
6154	6220
6155	6221
6156	6222
6157	6223
6158	6224
6159	6225
6160	6226
6161	6227
6162	6228
6163	6229
6164	6230
6165	6231
6166	6232
6167	6233
6168	6234
6169	6235
6170	6236
6171	6237
6172	6238
6173	6239
6174	6240
6175	6241
6176	6242
6177	6243
6178	6244
6179	6245
6180	6246
6181	6247
6182	6248
6183	6249
6184	6250
6185	6251
6186	6252
6187	6253
6188	6254
6189	6255
6190	6256
6191	6257
6192	6258
6193	6259
6194	6260
6195	6261
6196	6262
6197	6263
6198	6264
6199	6265
6200	6266
6201	6267
6202	6268
6203	6269
6204	6270
6205	6271
6206	6272
6207	6273
6208	6274
6209	6275
6210	6276
6211	6277
6212	6278
6213	6279
6214	6280
6215	6281
6216	6282
6217	6283
6218	6284
6219	6285
6220	6286
6221	6287
6222	6288
6223	6289
6224	6290
6225	6291
6226	6292
6227	6293
6228	6294
6229	6295
6230	6296
6231	6297
6232	6298
6233	6299
6234	6300
6235	6301
6236	6302
6237	6303
6238	6304
6239	6305
6240	6306
6241	6307
6242	6308
6243	6309
6244	6310
6245	6311
6246	6312
6247	6313
6248	6314
6249	6315
6250	6316
6251	6317
6252	6318
6253	6319
6254	6320
6255	6321
6256	6322
6257	6323
6258	6324
6259	6325
6260	6326
6261	6327
6262	6328
6263	6329
6264	6330
6265	6331
6266	6332
6267	6333
6268	6334
6269	6335
6270	6336
6271	6337
6272	6338
6273	6339
6274	6340
6275	6341
6276	6342
6277	6343
6278	6344
6279	6345
6280	6346
6281	6347
6282	6348
6283	6349
6284	6350
6285	6351
6286	6352
6287	6353
6288	6354
6289	6355
6290	6356
6291	6357
6292	6358
6293	6359
6294	6360
6295	6361
6296	6362
6297	6363
6298	6364
6299	6365
6300	6366
6301	6367
6302	6368
6303	6369
6304	6370
6305	6371
6306	6372
6307	6373
6308	6374
6309	6375
6310	6376
6311	6377
6312	6378
6313	6379
6314	6380
6315	6381
6316	6382
6317	6383
6318	6384
6319	6385
6320	6386
6321	6387
6322	6388
6323	6389
6324	6390
6325	6391
6326	6392
6327	6393
6328	6394
6329	6395
6330	6396
6331	6397
6332	6398
6333	6399
6334	6400
6335	6401
6336	6402
6337	6403
6338	6404
6339	6405
6340	6406
6341	6407
6342	6408
6343	6409
6344	6410
6345	6411
6346	6412
6347	6413
6348	6414
6349	6415
6350	6416
6351	6417
6352	6418
6353	6419
6354	6420
6355	6421
6356	6422
6357	6423
6358	6424
6359	6425
6360	6426
6361	6427
6362	6428
6363	6429
6364	6430
6365	6431
6366	6432
6367	6433
6368	6434
6369	6435
6370	6436
6371	6437
6372	6438
6373	6439
6374	6440
6375	6441
6376	6442
6377	6443
6378	6444
6379	6445
6380	6446
6381	6447
6382	6448
6383	6449
6384	6450
6385	6451
6386	6452
6387	6453
6388	6454
6389	6455
6390	6456
6391	6457
6392	6458
6393	6459
6394	6460
6395	6461
6396	6462
6397	6463
6398	6464
6399	6465
6400	6466
6401	6467
6402	6468
6403	6469
6404	6470
6405	6471
6406	6472
6407	6473
6408	6474
6409	6475
6410	6476
6411	6477
6412	6478
6413	6479
6414	6480
6415	6481
6416	6482
6417	6483
6418	6484
6419	6485
6420	6486
6421	6487
6422	6488
6423	6489
6424	6490
6425	6491
6426	6492
6427	6493
6428	6494
6429	6495
6430	6496
6431	6497
6432	6498
6433	6499
6434	6500
6435	6501
6436	6502
6437	6503
6438	6504
6439	6505
6440	6506
6441	6507
6442	6508
6443	6509
6444	6510
6445	6511
6446	6512
6447	6513
6448	6514
6449	6515
6450	6516
6451	6517
6452	6518
6453	6519
6454	6520
6455	6521
6456	6522
6457	6523
6458	6524
6459	6525
6460	6526
6461	6527
6462	6528
6463	6529
6464	6530
6465	6531
6466	6532
6467	6533
6468	6534
6469	6535
6470	6536
6471	6537
6472	6538
6473	6539
6474	6540
6475	6541
6476	6542
6477	6543
6478	6544
6479	6545
6480	6546
6481	6547
6482	6548
6483	6549
6484	6550
6485	6551
6486	6552
6487	6553
6488	6554
6489	6555
6490	6556
6491	6557
6492	6558
6493	6559
6494	6560
6495	6561
6496	6562
6497	6563
6498	6564
6499	6565
6500	6566
6501	6567
6502	6568
6503	6569
6504	6570
6505	6571
6506	6572
6507	6573
6508	6574
6509	6575
6510	6576
6511	6577
6512	6578
6513	6579
6514	6580
6515	6581
6516	6582
6517	6583
6518	6584
6519	6585
6520	6586
6521	6587
6522	6588
6523	6589
6524	6590
6525	6591
6526	6592
6527	6593
6528	6594
6529	6595
6530	6596
6531	6597
6532	6598
6533	6599
6534	6600
6535	6601
6536	6602
6537	6603
6538	6604
6539	6605
6540	6606
6541	6607
6542	6608
6543	6609
6544	6610
6545	6611
6546	6612
6547	6613
6548	6614
6549	6615
6550	6616
6551	6617
6552	6618
6553	6619
6554	6620
6555	6621
6556	6622
6557	6623
6558	6624
6559	6625
6560	6626
6561	6627
6562	6628
6563	6629
6564	6630
6565	6631
6566	6632
6567	6633
6568	6634
6569	6635
6570	6636
6571	6637
6572	6638
6573	6639
6574	6640
6575	6641
6576	6642
6577	6643
6578	6644
6579	6645
6580	6646
6581	6647
6582	6648
6583	6649
6584	6650
6585	6651
6586	6652
6587	6653
6588	6654
6589	6655
6590	6656
6591	6657
6592	6658
6593	6659
6594	6660
6595	6661
6596	6662
6597	6663
6598	6664
6599	6665
6600	6666
6601	6667
6602	6668
6603	6669
6604	6670
6605	6671
6606	6672
6607	6673
6608	6674
6609	6675
6610	6676
6611	6677
6612	6678
6613	6679
6614	6680
6615	6681
6616	6682
6617	6683
6618	6684
6619	6685
6620	6686
6621	6687
6622	6688
6623	6689
6624	6690
6625	6691
6626	6692
6627	6693
6628	6694
6629	6695
6630	6696
6631	6697
6632	6698
6633	6699
6634	6700
6635	6701
6636	6702
6637	6703
6638	6704
6639	6705
6640	6706
6641	6707
6642	6708
6643	6709
6644	6710
6645	6711
6646	6712
6647	6713
6648	6714
6649	6715
6650	6716
6651	6717
6652	6718
6653	6719
6654	6720
6655	6721
6656	6722
6657	6723
6658	6724
6659	6725
6660	6726
6661	6727
6662	6728
6663	6729
6664	6730
6665	6731
6666	6732
6667	6733
6668	6734
6669	6735
6670	6736
6671	6737
6672	6738
6673	6739
6674	6740
6675	6741
6676	6742
6677	6743
6678	6744
6679	6745
6680	6746
6681	6747
6682	6748
6683	6749
6684	6750
6685	6751
6686	6752
6687	6753
6688	6754
6689	6755
6690	6756
6691	6757
6692	6758
6693	6759
6694	6760
6695	6761
6696	6762
6697	6763
6698	6764
6699	6765
6700	6766
6701	6767
6702	6768
6703	6769
6704	6770
6705	6771
6706	6772
6707	6773
6708	6774
6709	6775
6710	6776
6711	6777
6712	6778
6713	6779
6714	6780
6715	6781
6716	6782
6717	6783
6718	6784
6719	6785
6720	6786
6721	6787
6722	6788
6723	6789
6724	6790
6725	6791
6726	6792
6727	6793
6728	6794
6729	6795
6730	6796
6731	6797
6732	6798
6733	6799
6734	6800
6735	6801
6736	6802
6737	6803
6738	6804
6739	6805
6740	6806
6741	6807
6742	6808
6743	6809
6744	6810
6745	6811
6746	6812
6747	6813
6748	6814
6749	6815
6750	6816
6751	6817
6752	6818
6753	6819
6754	6820
6755	6821
6756	6822
6757	6823
6758	6824
6759	6825
6760	6826
6761	6827
6762	6828
6763	6829
6764	6830
6765	6831
6766	6832
6767	6833
6768	6834
6769	6835
6770	6836
6771	6837
6772	6838
6773	6839
6774	6840
6775	6841
6776	6842
6777	6843
6778	6844
6779	6845
6780	6846
6781	6847
6782	6848
6783	6849
6784	6850
6785	6851
6786	6852
6787	6853
6788	6854
6789	6855
6790	6856
6791	6857
6792	6858
6793	6859
6794	6860
6795	6861
6796	6862
6797	6863
6798	6864
6799	6865
6800	6866
6801	6867
6802	6868
6803	6869
6804	6870
6805	6871
6806	6872
6807	6873
6808	6874
6809	6875
6810	6876
6811	6877
6812	6878
6813	6879
6814	6880
6815	6881
6816	6882
6817	6883
6818	6884
6819	6885
6820	6886
6821	6887
6822	6888
6823	6889
6824	6890
6825	6891
6826	6892
6827	6893
6828	6894
6829	6895
6830	6896
6831	6897
6832	6898
6833	6899
6834	6900
6835	6901
6836	6902
6837	6903
6838	6904
6839	6905
6840	6906
6841	6907
6842	6908
6843	6909
6844	6910
6845	6911
6846	6912
6847	6913
6848	6914
6849	6915
6850	6916
6851	6917
6852	6918
6853	6919
6854	6920
6855	6921
6856	6922
6857	6923
6858	6924
6859	6925
6860	6926
6861	6927
6862	6928
6863	6929
6864	6930
6865	6931
6866	6932
6867	6933
6868	6934
6869	6935
6870	6936
6871	6937
6872	6938
6873	6939
6874	6940
6875	6941
6876	6942
6877	6943
6878	6944
6879	6945
6880	6946
6881	6947
6882	6948
6883	6949
6884	6950
6885	6951
6886	6952
6887	6953
6888	6954
6889	6955
6890	6956
6891	6957
6892	6958
6893	6959
6894	6960
6895	6961
6896	6962
6897	6963
6898	6964
6899	6965
6900	6966
6901	6967
6902	6968
6903	6969
6904	6970
6905	6971
6906	6972
6907	6973
6908	6974
6909	6975
6910	6976
6911	6977
6912	6978
6913	6979
6914	6980
6915	6981
6916	6982
6917	6983
6918	6984
6919	6985
6920	6986
6921	6987
6922	6988
6923	6989
6924	6990
6925	6991
6926	6992
6927	6993
6928	6994
6929	6995
6930	6996
6931	6997
6932	6998
6933	6999
6934	7000
6935	7001
6936	7002
6937	7003
6938	7004
6939	7005
6940	7006
6941	7007
6942	7008
6943	7009
6944	7010
6945	7011
6946	7012
6947	7013
6948	7014
6949	7015
6950	7016
6951	7017
6952	7018
6953	7019
6954	7020
6955	7021
6956	7022
6957	7023
6958	7024
6959	7025
6960	7026
6961	7027
6962	7028
6963	7029
6964	7030
6965	7031
6966	7032
6967	7033
6968	7034
6969	7035
6970	7036
6971	7037
6972	7038
6973	7039
6974	7040
6975	7041
6976	7042
6977	7043
6978	7044
6979	7045
6980	7046
6981	7047
6982	7048
6983	7049
6984	7050
6985	7051
6986	7052
6987	7053
6988	7054
6989	7055
6990	7056
6991	7057
6992	7058
6993	7059
6994	7060
6995	7061
6996	7062
6997	7063
6998	7064
6999	7065
7000	7066
7001	7067
7002	7068
7003	7069
7004	7070
7005	7071
7006	7072
7007	7073
7008	7074
7009	7075
7010	7076
7011	7077
7012	7078
7013	7079
7014	7080
7015	7081
7016	7082
7017	7083
7018	7084
7019	7085
7020	7086
7021	7087
7022	7088
7023	7089
7024	7090
7025	7091
7026	7092
7027	7093
7028	7094
7029	7095
7030	7096
