1	53
2	54
3	55
4	56
5	57
6	58
7	59
8	60
9	61
10	62
11	63
12	64
13	65
14	66
15	67
16	68
17	69
18	70
19	71
20	72
21	73
22	74
23	75
24	76
25	77
26	78
27	79
28	80
29	81
30	82
31	83
32	84
33	85
34	86
35	87
36	88
37	89
38	90
39	91
40	92
41	93
42	94
43	95
44	96
45	97
46	98
47	99
48	100
49	101
50	102
51	103
52	104
53	105
54	106
55	107
56	108
57	109
58	110
59	111
60	112
61	113
62	114
63	115
64	116
65	117
66	118
67	119
68	120
69	121
70	122
71	123
72	124
73	125
74	126
75	127
76	128
77	129
78	130
79	131
80	132
81	133
82	134
83	135
84	136
85	137
86	138
87	139
88	140
89	141
90	142
91	143
92	144
93	145
94	146
95	147
96	148
97	149
98	150
99	151
100	152
101	153
102	154
103	155
104	156
105	157
106	158
107	159
108	160
109	161
110	162
111	163
112	164
113	165
114	166
115	167
116	168
117	169
118	170
119	171
120	172
121	173
122	174
123	175
124	176
125	177
126	178
127	179
128	180
129	181
130	182
131	183
132	184
133	185
134	186
135	187
136	188
137	189
138	190
139	191
140	192
141	193
142	194
143	195
144	196
145	197
146	198
147	199
148	200
149	201
150	202
151	203
152	204
153	205
154	206
155	207
156	208
157	209
158	210
159	211
160	212
161	213
162	214
163	215
164	216
165	217
166	218
167	219
168	220
169	221
170	222
171	223
172	224
173	225
174	226
175	227
176	228
177	229
178	230
179	231
180	232
181	233
182	234
183	235
184	236
185	237
186	238
187	239
188	240
189	241
190	242
191	243
192	244
193	245
194	246
195	247
196	248
197	249
198	250
199	251
200	252
201	253
202	254
203	255
204	256
205	257
206	258
207	259
208	260
209	261
210	262
211	263
212	264
213	265
214	266
215	267
216	268
217	269
218	270
219	271
220	272
221	273
222	274
223	275
224	276
225	277
226	278
227	279
228	280
229	281
230	282
231	283
232	284
233	285
234	286
235	287
236	288
237	289
238	290
239	291
240	292
241	293
242	294
243	295
244	296
245	297
246	298
247	299
248	300
249	301
250	302
251	303
252	304
253	305
254	306
255	307
256	308
257	309
258	310
259	311
260	312
261	313
262	314
263	315
264	316
265	317
266	318
267	319
268	320
269	321
270	322
271	323
272	324
273	325
274	326
275	327
276	328
277	329
278	330
279	331
280	332
281	333
282	334
283	335
284	336
285	337
286	338
287	339
288	340
289	341
290	342
291	343
292	344
293	345
294	346
295	347
296	348
297	349
298	350
299	351
300	352
301	353
302	354
303	355
304	356
305	357
306	358
307	359
308	360
309	361
310	362
311	363
312	364
313	365
314	366
315	367
316	368
317	369
318	370
319	371
320	372
321	373
322	374
323	375
324	376
325	377
326	378
327	379
328	380
329	381
330	382
331	383
332	384
333	385
334	386
335	387
336	388
337	389
338	390
339	391
340	392
341	393
342	394
343	395
344	396
345	397
346	398
347	399
348	400
349	401
350	402
351	403
352	404
353	405
354	406
355	407
356	408
357	409
358	410
359	411
360	412
361	413
362	414
363	415
364	416
365	417
366	418
367	419
368	420
369	421
370	422
371	423
372	424
373	425
374	426
375	427
376	428
377	429
378	430
379	431
380	432
381	433
382	434
383	435
384	436
385	437
386	438
387	439
388	440
389	441
390	442
391	443
392	444
393	445
394	446
395	447
396	448
397	449
398	450
399	451
400	452
401	453
402	454
403	455
404	456
405	457
406	458
407	459
408	460
409	461
410	462
411	463
412	464
413	465
414	466
415	467
416	468
417	469
418	470
419	471
420	472
421	473
422	474
423	475
424	476
425	477
426	478
427	479
428	480
429	481
430	482
431	483
432	484
433	485
434	486
435	487
436	488
437	489
438	490
439	491
440	492
441	493
442	494
443	495
444	496
445	497
446	498
447	499
448	500
449	501
450	502
451	503
452	504
453	505
454	506
455	507
456	508
457	509
458	510
459	511
460	512
461	513
462	514
463	515
464	516
465	517
466	518
467	519
468	520
469	521
470	522
471	523
472	524
473	525
474	526
475	527
476	528
477	529
478	530
479	531
480	532
481	533
482	534
483	535
484	536
485	537
486	538
487	539
488	540
489	541
490	542
491	543
492	544
493	545
494	546
495	547
496	548
497	549
498	550
499	551
500	552
501	553
502	554
503	555
504	556
505	557
506	558
507	559
508	560
509	561
510	562
511	563
512	564
513	565
514	566
515	567
516	568
517	569
518	570
519	571
520	572
521	573
522	574
523	575
524	576
525	577
526	578
527	579
528	580
529	581
530	582
531	583
532	584
533	585
534	586
535	587
536	588
537	589
538	590
539	591
540	592
541	593
542	594
543	595
544	596
545	597
546	598
547	599
548	600
549	601
550	602
551	603
552	604
553	605
554	606
555	607
556	608
557	609
558	610
559	611
560	612
561	613
562	614
563	615
564	616
565	617
566	618
567	619
568	620
569	621
570	622
571	623
572	624
573	625
574	626
575	627
576	628
577	629
578	630
579	631
580	632
581	633
582	634
583	635
584	636
585	637
586	638
587	639
588	640
589	641
590	642
591	643
592	644
593	645
594	646
595	647
596	648
597	649
598	650
599	651
600	652
601	653
602	654
603	655
604	656
605	657
606	658
607	659
608	660
609	661
610	662
611	663
612	664
613	665
614	666
615	667
616	668
617	669
618	670
619	671
620	672
621	673
622	674
623	675
624	676
625	677
626	678
627	679
628	680
629	681
630	682
631	683
632	684
633	685
634	686
635	687
636	688
637	689
638	690
639	691
640	692
641	693
642	694
643	695
644	696
645	697
646	698
647	699
648	700
649	701
650	702
651	703
652	704
653	705
654	706
655	707
656	708
657	709
658	710
659	711
660	712
661	713
662	714
663	715
664	716
665	717
666	718
667	719
668	720
669	721
670	722
671	723
672	724
673	725
674	726
675	727
676	728
677	729
678	730
679	731
680	732
681	733
682	734
683	735
684	736
685	737
686	738
687	739
688	740
689	741
690	742
691	743
692	744
693	745
694	746
695	747
696	748
697	749
698	750
699	751
700	752
701	753
702	754
703	755
704	756
705	757
706	758
707	759
708	760
709	761
710	762
711	763
712	764
713	765
714	766
715	767
716	768
717	769
718	770
719	771
720	772
721	773
722	774
723	775
724	776
725	777
726	778
727	779
728	780
729	781
730	782
731	783
732	784
733	785
734	786
735	787
736	788
737	789
738	790
739	791
740	792
741	793
742	794
743	795
744	796
745	797
746	798
747	799
748	800
749	801
750	802
751	803
752	804
753	805
754	806
755	807
756	808
757	809
758	810
759	811
760	812
761	813
762	814
763	815
764	816
765	817
766	818
767	819
768	820
769	821
770	822
771	823
772	824
773	825
774	826
775	827
776	828
777	829
778	830
779	831
780	832
781	833
782	834
783	835
784	836
785	837
786	838
787	839
788	840
789	841
790	842
791	843
792	844
793	845
794	846
795	847
796	848
797	849
798	850
799	851
800	852
801	853
802	854
803	855
804	856
805	857
806	858
807	859
808	860
809	861
810	862
811	863
812	864
813	865
814	866
815	867
816	868
817	869
818	870
819	871
820	872
821	873
822	874
823	875
824	876
825	877
826	878
827	879
828	880
829	881
830	882
831	883
832	884
833	885
834	886
835	887
836	888
837	889
838	890
839	891
840	892
841	893
842	894
843	895
844	896
845	897
846	898
847	899
848	900
849	901
850	902
851	903
852	904
853	905
854	906
855	907
856	908
857	909
858	910
859	911
860	912
861	913
862	914
863	915
864	916
865	917
866	918
867	919
868	920
869	921
870	922
871	923
872	924
873	925
874	926
875	927
876	928
877	929
878	930
879	931
880	932
881	933
882	934
883	935
884	936
885	937
886	938
887	939
888	940
889	941
890	942
891	943
892	944
893	945
894	946
895	947
896	948
897	949
898	950
899	951
900	952
901	953
902	954
903	955
904	956
905	957
906	958
907	959
908	960
909	961
910	962
911	963
912	964
913	965
914	966
915	967
916	968
917	969
918	970
919	971
920	972
921	973
922	974
923	975
924	976
925	977
926	978
927	979
928	980
929	981
930	982
931	983
932	984
933	985
934	986
935	987
936	988
937	989
938	990
939	991
940	992
941	993
942	994
943	995
944	996
945	997
946	998
947	999
948	1000
949	1001
950	1002
951	1003
952	1004
953	1005
954	1006
955	1007
956	1008
957	1009
958	1010
959	1011
960	1012
961	1013
962	1014
963	1015
964	1016
965	1017
966	1018
967	1019
968	1020
969	1021
970	1022
971	1023
972	1024
973	1025
974	1026
975	1027
976	1028
977	1029
978	1030
979	1031
980	1032
981	1033
982	1034
983	1035
984	1036
985	1037
986	1038
987	1039
988	1040
989	1041
990	1042
991	1043
992	1044
993	1045
994	1046
995	1047
996	1048
997	1049
998	1050
999	1051
1000	1052
1001	1053
1002	1054
1003	1055
1004	1056
1005	1057
1006	1058
1007	1059
1008	1060
1009	1061
1010	1062
1011	1063
1012	1064
1013	1065
1014	1066
1015	1067
1016	1068
1017	1069
1018	1070
1019	1071
1020	1072
1021	1073
1022	1074
1023	1075
1024	1076
1025	1077
1026	1078
1027	1079
1028	1080
1029	1081
1030	1082
1031	1083
1032	1084
1033	1085
1034	1086
1035	1087
1036	1088
1037	1089
1038	1090
1039	1091
1040	1092
1041	1093
1042	1094
1043	1095
1044	1096
1045	1097
1046	1098
1047	1099
1048	1100
1049	1101
1050	1102
1051	1103
1052	1104
1053	1105
1054	1106
1055	1107
1056	1108
1057	1109
1058	1110
1059	1111
1060	1112
1061	1113
1062	1114
1063	1115
1064	1116
1065	1117
1066	1118
1067	1119
1068	1120
1069	1121
1070	1122
1071	1123
1072	1124
1073	1125
1074	1126
1075	1127
1076	1128
1077	1129
1078	1130
1079	1131
1080	1132
1081	1133
1082	1134
1083	1135
1084	1136
1085	1137
1086	1138
1087	1139
1088	1140
1089	1141
1090	1142
1091	1143
1092	1144
1093	1145
1094	1146
1095	1147
1096	1148
1097	1149
1098	1150
1099	1151
1100	1152
1101	1153
1102	1154
1103	1155
1104	1156
1105	1157
1106	1158
1107	1159
1108	1160
1109	1161
1110	1162
1111	1163
1112	1164
1113	1165
1114	1166
1115	1167
1116	1168
1117	1169
1118	1170
1119	1171
1120	1172
1121	1173
1122	1174
1123	1175
1124	1176
1125	1177
1126	1178
1127	1179
1128	1180
1129	1181
1130	1182
1131	1183
1132	1184
1133	1185
1134	1186
1135	1187
1136	1188
1137	1189
1138	1190
1139	1191
1140	1192
1141	1193
1142	1194
1143	1195
1144	1196
1145	1197
1146	1198
1147	1199
1148	1200
1149	1201
1150	1202
1151	1203
1152	1204
1153	1205
1154	1206
1155	1207
1156	1208
1157	1209
1158	1210
1159	1211
1160	1212
1161	1213
1162	1214
1163	1215
1164	1216
1165	1217
1166	1218
1167	1219
1168	1220
1169	1221
1170	1222
1171	1223
1172	1224
1173	1225
1174	1226
1175	1227
1176	1228
1177	1229
1178	1230
1179	1231
1180	1232
1181	1233
1182	1234
1183	1235
1184	1236
1185	1237
1186	1238
1187	1239
1188	1240
1189	1241
1190	1242
1191	1243
1192	1244
1193	1245
1194	1246
1195	1247
1196	1248
1197	1249
1198	1250
1199	1251
1200	1252
1201	1253
1202	1254
1203	1255
1204	1256
1205	1257
1206	1258
1207	1259
1208	1260
1209	1261
1210	1262
1211	1263
1212	1264
1213	1265
1214	1266
1215	1267
1216	1268
1217	1269
1218	1270
1219	1271
1220	1272
1221	1273
1222	1274
1223	1275
1224	1276
1225	1277
1226	1278
1227	1279
1228	1280
1229	1281
1230	1282
1231	1283
1232	1284
1233	1285
1234	1286
1235	1287
1236	1288
1237	1289
1238	1290
1239	1291
1240	1292
1241	1293
1242	1294
1243	1295
1244	1296
1245	1297
1246	1298
1247	1299
1248	1300
1249	1301
1250	1302
1251	1303
1252	1304
1253	1305
1254	1306
1255	1307
1256	1308
1257	1309
1258	1310
1259	1311
1260	1312
1261	1313
1262	1314
1263	1315
1264	1316
1265	1317
1266	1318
1267	1319
1268	1320
1269	1321
1270	1322
1271	1323
1272	1324
1273	1325
1274	1326
1275	1327
1276	1328
1277	1329
1278	1330
1279	1331
1280	1332
1281	1333
1282	1334
1283	1335
1284	1336
1285	1337
1286	1338
1287	1339
1288	1340
1289	1341
1290	1342
1291	1343
1292	1344
1293	1345
1294	1346
1295	1347
1296	1348
1297	1349
1298	1350
1299	1351
1300	1352
1301	1353
1302	1354
1303	1355
1304	1356
1305	1357
1306	1358
1307	1359
1308	1360
1309	1361
1310	1362
1311	1363
1312	1364
1313	1365
1314	1366
1315	1367
1316	1368
1317	1369
1318	1370
1319	1371
1320	1372
1321	1373
1322	1374
1323	1375
1324	1376
1325	1377
1326	1378
1327	1379
1328	1380
1329	1381
1330	1382
1331	1383
1332	1384
1333	1385
1334	1386
1335	1387
1336	1388
1337	1389
1338	1390
1339	1391
1340	1392
1341	1393
1342	1394
1343	1395
1344	1396
1345	1397
1346	1398
1347	1399
1348	1400
1349	1401
1350	1402
1351	1403
1352	1404
1353	1405
1354	1406
1355	1407
1356	1408
1357	1409
1358	1410
1359	1411
1360	1412
1361	1413
1362	1414
1363	1415
1364	1416
1365	1417
1366	1418
1367	1419
1368	1420
1369	1421
1370	1422
1371	1423
1372	1424
1373	1425
1374	1426
1375	1427
1376	1428
1377	1429
1378	1430
1379	1431
1380	1432
1381	1433
1382	1434
1383	1435
1384	1436
1385	1437
1386	1438
1387	1439
1388	1440
1389	1441
1390	1442
1391	1443
1392	1444
1393	1445
1394	1446
1395	1447
1396	1448
1397	1449
1398	1450
1399	1451
1400	1452
1401	1453
1402	1454
1403	1455
1404	1456
1405	1457
1406	1458
1407	1459
1408	1460
1409	1461
1410	1462
1411	1463
1412	1464
1413	1465
1414	1466
1415	1467
1416	1468
1417	1469
1418	1470
1419	1471
1420	1472
1421	1473
1422	1474
1423	1475
1424	1476
1425	1477
1426	1478
1427	1479
1428	1480
1429	1481
1430	1482
1431	1483
1432	1484
1433	1485
1434	1486
1435	1487
1436	1488
1437	1489
1438	1490
1439	1491
1440	1492
1441	1493
1442	1494
1443	1495
1444	1496
1445	1497
1446	1498
1447	1499
1448	1500
1449	1501
1450	1502
1451	1503
1452	1504
1453	1505
1454	1506
1455	1507
1456	1508
1457	1509
1458	1510
1459	1511
1460	1512
1461	1513
1462	1514
1463	1515
1464	1516
1465	1517
1466	1518
1467	1519
1468	1520
1469	1521
1470	1522
1471	1523
1472	1524
1473	1525
1474	1526
1475	1527
1476	1528
1477	1529
1478	1530
1479	1531
1480	1532
1481	1533
1482	1534
1483	1535
1484	1536
1485	1537
1486	1538
1487	1539
1488	1540
1489	1541
1490	1542
1491	1543
1492	1544
1493	1545
1494	1546
1495	1547
1496	1548
1497	1549
1498	1550
1499	1551
1500	1552
1501	1553
1502	1554
1503	1555
1504	1556
1505	1557
1506	1558
1507	1559
1508	1560
1509	1561
1510	1562
1511	1563
1512	1564
1513	1565
1514	1566
1515	1567
1516	1568
1517	1569
1518	1570
1519	1571
1520	1572
1521	1573
1522	1574
1523	1575
1524	1576
1525	1577
1526	1578
1527	1579
1528	1580
1529	1581
1530	1582
1531	1583
1532	1584
1533	1585
1534	1586
1535	1587
1536	1588
1537	1589
1538	1590
1539	1591
1540	1592
1541	1593
1542	1594
1543	1595
1544	1596
1545	1597
1546	1598
1547	1599
1548	1600
1549	1601
1550	1602
1551	1603
1552	1604
1553	1605
1554	1606
1555	1607
1556	1608
1557	1609
1558	1610
1559	1611
1560	1612
1561	1613
1562	1614
1563	1615
1564	1616
1565	1617
1566	1618
1567	1619
1568	1620
1569	1621
1570	1622
1571	1623
1572	1624
1573	1625
1574	1626
1575	1627
1576	1628
1577	1629
1578	1630
1579	1631
1580	1632
1581	1633
1582	1634
1583	1635
1584	1636
1585	1637
1586	1638
1587	1639
1588	1640
1589	1641
1590	1642
1591	1643
1592	1644
1593	1645
1594	1646
1595	1647
1596	1648
1597	1649
1598	1650
1599	1651
1600	1652
1601	1653
1602	1654
1603	1655
1604	1656
1605	1657
1606	1658
1607	1659
1608	1660
1609	1661
1610	1662
1611	1663
1612	1664
1613	1665
1614	1666
1615	1667
1616	1668
1617	1669
1618	1670
1619	1671
1620	1672
1621	1673
1622	1674
1623	1675
1624	1676
1625	1677
1626	1678
1627	1679
1628	1680
1629	1681
1630	1682
1631	1683
1632	1684
1633	1685
1634	1686
1635	1687
1636	1688
1637	1689
1638	1690
1639	1691
1640	1692
1641	1693
1642	1694
1643	1695
1644	1696
1645	1697
1646	1698
1647	1699
1648	1700
1649	1701
1650	1702
1651	1703
1652	1704
1653	1705
1654	1706
1655	1707
1656	1708
1657	1709
1658	1710
1659	1711
1660	1712
1661	1713
1662	1714
1663	1715
1664	1716
1665	1717
1666	1718
1667	1719
1668	1720
1669	1721
1670	1722
1671	1723
1672	1724
1673	1725
1674	1726
1675	1727
1676	1728
1677	1729
1678	1730
1679	1731
1680	1732
1681	1733
1682	1734
1683	1735
1684	1736
1685	1737
1686	1738
1687	1739
1688	1740
1689	1741
1690	1742
1691	1743
1692	1744
1693	1745
1694	1746
1695	1747
1696	1748
1697	1749
1698	1750
1699	1751
1700	1752
1701	1753
1702	1754
1703	1755
1704	1756
1705	1757
1706	1758
1707	1759
1708	1760
1709	1761
1710	1762
1711	1763
1712	1764
1713	1765
1714	1766
1715	1767
1716	1768
1717	1769
1718	1770
1719	1771
1720	1772
1721	1773
1722	1774
1723	1775
1724	1776
1725	1777
1726	1778
1727	1779
1728	1780
1729	1781
1730	1782
1731	1783
1732	1784
1733	1785
1734	1786
1735	1787
1736	1788
1737	1789
1738	1790
1739	1791
1740	1792
1741	1793
1742	1794
1743	1795
1744	1796
1745	1797
1746	1798
1747	1799
1748	1800
1749	1801
1750	1802
1751	1803
1752	1804
1753	1805
1754	1806
1755	1807
1756	1808
1757	1809
1758	1810
1759	1811
1760	1812
1761	1813
1762	1814
1763	1815
1764	1816
1765	1817
1766	1818
1767	1819
1768	1820
1769	1821
1770	1822
1771	1823
1772	1824
1773	1825
1774	1826
1775	1827
1776	1828
1777	1829
1778	1830
1779	1831
1780	1832
1781	1833
1782	1834
1783	1835
1784	1836
1785	1837
1786	1838
1787	1839
1788	1840
1789	1841
1790	1842
1791	1843
1792	1844
1793	1845
1794	1846
1795	1847
1796	1848
1797	1849
1798	1850
1799	1851
1800	1852
1801	1853
1802	1854
1803	1855
1804	1856
1805	1857
1806	1858
1807	1859
1808	1860
1809	1861
1810	1862
1811	1863
1812	1864
1813	1865
1814	1866
1815	1867
1816	1868
1817	1869
1818	1870
1819	1871
1820	1872
1821	1873
1822	1874
1823	1875
1824	1876
1825	1877
1826	1878
1827	1879
1828	1880
1829	1881
1830	1882
1831	1883
1832	1884
1833	1885
1834	1886
1835	1887
1836	1888
1837	1889
1838	1890
1839	1891
1840	1892
1841	1893
1842	1894
1843	1895
1844	1896
1845	1897
1846	1898
1847	1899
1848	1900
1849	1901
1850	1902
1851	1903
1852	1904
1853	1905
1854	1906
1855	1907
1856	1908
1857	1909
1858	1910
1859	1911
1860	1912
1861	1913
1862	1914
1863	1915
1864	1916
1865	1917
1866	1918
1867	1919
1868	1920
1869	1921
1870	1922
1871	1923
1872	1924
1873	1925
1874	1926
1875	1927
1876	1928
1877	1929
1878	1930
1879	1931
1880	1932
1881	1933
1882	1934
1883	1935
1884	1936
1885	1937
1886	1938
1887	1939
1888	1940
1889	1941
1890	1942
1891	1943
1892	1944
1893	1945
1894	1946
1895	1947
1896	1948
1897	1949
1898	1950
1899	1951
1900	1952
1901	1953
1902	1954
1903	1955
1904	1956
1905	1957
1906	1958
1907	1959
1908	1960
1909	1961
1910	1962
1911	1963
1912	1964
1913	1965
1914	1966
1915	1967
1916	1968
1917	1969
1918	1970
1919	1971
1920	1972
1921	1973
1922	1974
1923	1975
1924	1976
1925	1977
1926	1978
1927	1979
1928	1980
1929	1981
1930	1982
1931	1983
1932	1984
1933	1985
1934	1986
1935	1987
1936	1988
1937	1989
1938	1990
1939	1991
1940	1992
1941	1993
1942	1994
1943	1995
1944	1996
1945	1997
1946	1998
1947	1999
1948	2000
1949	2001
1950	2002
1951	2003
1952	2004
1953	2005
1954	2006
1955	2007
1956	2008
1957	2009
1958	2010
1959	2011
1960	2012
1961	2013
1962	2014
1963	2015
1964	2016
1965	2017
1966	2018
1967	2019
1968	2020
1969	2021
1970	2022
1971	2023
1972	2024
1973	2025
1974	2026
1975	2027
1976	2028
1977	2029
1978	2030
1979	2031
1980	2032
1981	2033
1982	2034
1983	2035
1984	2036
1985	2037
1986	2038
1987	2039
1988	2040
1989	2041
1990	2042
1991	2043
1992	2044
1993	2045
1994	2046
1995	2047
1996	2048
1997	2049
1998	2050
1999	2051
2000	2052
2001	2053
2002	2054
2003	2055
2004	2056
2005	2057
2006	2058
2007	2059
2008	2060
2009	2061
2010	2062
2011	2063
2012	2064
2013	2065
2014	2066
2015	2067
2016	2068
2017	2069
2018	2070
2019	2071
2020	2072
2021	2073
2022	2074
2023	2075
2024	2076
2025	2077
2026	2078
2027	2079
2028	2080
2029	2081
2030	2082
2031	2083
2032	2084
2033	2085
2034	2086
2035	2087
2036	2088
2037	2089
2038	2090
2039	2091
2040	2092
2041	2093
2042	2094
2043	2095
2044	2096
2045	2097
2046	2098
2047	2099
2048	2100
2049	2101
2050	2102
2051	2103
2052	2104
2053	2105
2054	2106
2055	2107
2056	2108
2057	2109
2058	2110
2059	2111
2060	2112
2061	2113
2062	2114
2063	2115
2064	2116
2065	2117
2066	2118
2067	2119
2068	2120
2069	2121
2070	2122
2071	2123
2072	2124
2073	2125
2074	2126
2075	2127
2076	2128
2077	2129
2078	2130
2079	2131
2080	2132
2081	2133
2082	2134
2083	2135
2084	2136
2085	2137
2086	2138
2087	2139
2088	2140
2089	2141
2090	2142
2091	2143
2092	2144
2093	2145
2094	2146
2095	2147
2096	2148
2097	2149
2098	2150
2099	2151
2100	2152
2101	2153
2102	2154
2103	2155
2104	2156
2105	2157
2106	2158
2107	2159
2108	2160
2109	2161
2110	2162
2111	2163
2112	2164
2113	2165
2114	2166
2115	2167
2116	2168
2117	2169
2118	2170
2119	2171
2120	2172
2121	2173
2122	2174
2123	2175
2124	2176
2125	2177
2126	2178
2127	2179
2128	2180
2129	2181
2130	2182
2131	2183
2132	2184
2133	2185
2134	2186
2135	2187
2136	2188
2137	2189
2138	2190
2139	2191
2140	2192
2141	2193
2142	2194
2143	2195
2144	2196
2145	2197
2146	2198
2147	2199
2148	2200
2149	2201
2150	2202
2151	2203
2152	2204
2153	2205
2154	2206
2155	2207
2156	2208
2157	2209
2158	2210
2159	2211
2160	2212
2161	2213
2162	2214
2163	2215
2164	2216
2165	2217
2166	2218
2167	2219
2168	2220
2169	2221
2170	2222
2171	2223
2172	2224
2173	2225
2174	2226
2175	2227
2176	2228
2177	2229
2178	2230
2179	2231
2180	2232
2181	2233
2182	2234
2183	2235
2184	2236
2185	2237
2186	2238
2187	2239
2188	2240
2189	2241
2190	2242
2191	2243
2192	2244
2193	2245
2194	2246
2195	2247
2196	2248
2197	2249
2198	2250
2199	2251
2200	2252
2201	2253
2202	2254
2203	2255
2204	2256
2205	2257
2206	2258
2207	2259
2208	2260
2209	2261
2210	2262
2211	2263
2212	2264
2213	2265
2214	2266
2215	2267
2216	2268
2217	2269
2218	2270
2219	2271
2220	2272
2221	2273
2222	2274
2223	2275
2224	2276
2225	2277
2226	2278
2227	2279
2228	2280
2229	2281
2230	2282
2231	2283
2232	2284
2233	2285
2234	2286
2235	2287
2236	2288
2237	2289
2238	2290
2239	2291
2240	2292
2241	2293
2242	2294
2243	2295
2244	2296
2245	2297
2246	2298
2247	2299
2248	2300
2249	2301
2250	2302
2251	2303
2252	2304
2253	2305
2254	2306
2255	2307
2256	2308
2257	2309
2258	2310
2259	2311
2260	2312
2261	2313
2262	2314
2263	2315
2264	2316
2265	2317
2266	2318
2267	2319
2268	2320
2269	2321
2270	2322
2271	2323
2272	2324
2273	2325
2274	2326
2275	2327
2276	2328
2277	2329
2278	2330
2279	2331
2280	2332
2281	2333
2282	2334
2283	2335
2284	2336
2285	2337
2286	2338
2287	2339
2288	2340
2289	2341
2290	2342
2291	2343
2292	2344
2293	2345
2294	2346
2295	2347
2296	2348
2297	2349
2298	2350
2299	2351
2300	2352
2301	2353
2302	2354
2303	2355
2304	2356
2305	2357
2306	2358
2307	2359
2308	2360
2309	2361
2310	2362
2311	2363
2312	2364
2313	2365
2314	2366
2315	2367
2316	2368
2317	2369
2318	2370
2319	2371
2320	2372
2321	2373
2322	2374
2323	2375
2324	2376
2325	2377
2326	2378
2327	2379
2328	2380
2329	2381
2330	2382
2331	2383
2332	2384
2333	2385
2334	2386
2335	2387
2336	2388
2337	2389
2338	2390
2339	2391
2340	2392
2341	2393
2342	2394
2343	2395
2344	2396
2345	2397
2346	2398
2347	2399
2348	2400
2349	2401
2350	2402
2351	2403
2352	2404
2353	2405
2354	2406
2355	2407
2356	2408
2357	2409
2358	2410
2359	2411
2360	2412
2361	2413
2362	2414
2363	2415
2364	2416
2365	2417
2366	2418
2367	2419
2368	2420
2369	2421
2370	2422
2371	2423
2372	2424
2373	2425
2374	2426
2375	2427
2376	2428
2377	2429
2378	2430
2379	2431
2380	2432
2381	2433
2382	2434
2383	2435
2384	2436
2385	2437
2386	2438
2387	2439
2388	2440
2389	2441
2390	2442
2391	2443
2392	2444
2393	2445
2394	2446
2395	2447
2396	2448
2397	2449
2398	2450
2399	2451
2400	2452
2401	2453
2402	2454
2403	2455
2404	2456
2405	2457
2406	2458
2407	2459
2408	2460
2409	2461
2410	2462
2411	2463
2412	2464
2413	2465
2414	2466
2415	2467
2416	2468
2417	2469
2418	2470
2419	2471
2420	2472
2421	2473
2422	2474
2423	2475
2424	2476
2425	2477
2426	2478
2427	2479
2428	2480
2429	2481
2430	2482
2431	2483
2432	2484
2433	2485
2434	2486
2435	2487
2436	2488
2437	2489
2438	2490
2439	2491
2440	2492
2441	2493
2442	2494
2443	2495
2444	2496
2445	2497
2446	2498
2447	2499
2448	2500
2449	2501
2450	2502
2451	2503
2452	2504
2453	2505
2454	2506
2455	2507
2456	2508
2457	2509
2458	2510
2459	2511
2460	2512
2461	2513
2462	2514
2463	2515
2464	2516
2465	2517
2466	2518
2467	2519
2468	2520
2469	2521
2470	2522
2471	2523
2472	2524
2473	2525
2474	2526
2475	2527
2476	2528
2477	2529
2478	2530
2479	2531
2480	2532
2481	2533
2482	2534
2483	2535
2484	2536
2485	2537
2486	2538
2487	2539
2488	2540
2489	2541
2490	2542
2491	2543
2492	2544
2493	2545
2494	2546
2495	2547
2496	2548
2497	2549
2498	2550
2499	2551
2500	2552
2501	2553
2502	2554
2503	2555
2504	2556
2505	2557
2506	2558
2507	2559
2508	2560
2509	2561
2510	2562
2511	2563
2512	2564
2513	2565
2514	2566
2515	2567
2516	2568
2517	2569
2518	2570
2519	2571
2520	2572
2521	2573
2522	2574
2523	2575
2524	2576
2525	2577
2526	2578
2527	2579
2528	2580
2529	2581
2530	2582
2531	2583
2532	2584
2533	2585
2534	2586
2535	2587
2536	2588
2537	2589
2538	2590
2539	2591
2540	2592
2541	2593
2542	2594
2543	2595
2544	2596
2545	2597
2546	2598
2547	2599
2548	2600
2549	2601
2550	2602
2551	2603
2552	2604
2553	2605
2554	2606
2555	2607
2556	2608
2557	2609
2558	2610
2559	2611
2560	2612
2561	2613
2562	2614
2563	2615
2564	2616
2565	2617
2566	2618
2567	2619
2568	2620
2569	2621
2570	2622
2571	2623
2572	2624
2573	2625
2574	2626
2575	2627
2576	2628
2577	2629
2578	2630
2579	2631
2580	2632
2581	2633
2582	2634
2583	2635
2584	2636
2585	2637
2586	2638
2587	2639
2588	2640
2589	2641
2590	2642
2591	2643
2592	2644
2593	2645
2594	2646
2595	2647
2596	2648
2597	2649
2598	2650
2599	2651
2600	2652
2601	2653
2602	2654
2603	2655
2604	2656
2605	2657
2606	2658
2607	2659
2608	2660
2609	2661
2610	2662
2611	2663
2612	2664
2613	2665
2614	2666
2615	2667
2616	2668
2617	2669
2618	2670
2619	2671
2620	2672
2621	2673
2622	2674
2623	2675
2624	2676
2625	2677
2626	2678
2627	2679
2628	2680
2629	2681
2630	2682
2631	2683
2632	2684
2633	2685
2634	2686
2635	2687
2636	2688
2637	2689
2638	2690
2639	2691
2640	2692
2641	2693
2642	2694
2643	2695
2644	2696
2645	2697
2646	2698
2647	2699
2648	2700
2649	2701
2650	2702
2651	2703
2652	2704
2653	2705
2654	2706
2655	2707
2656	2708
2657	2709
2658	2710
2659	2711
2660	2712
2661	2713
2662	2714
2663	2715
2664	2716
2665	2717
2666	2718
2667	2719
2668	2720
2669	2721
2670	2722
2671	2723
2672	2724
2673	2725
2674	2726
2675	2727
2676	2728
2677	2729
2678	2730
2679	2731
2680	2732
2681	2733
2682	2734
2683	2735
2684	2736
2685	2737
2686	2738
2687	2739
2688	2740
2689	2741
2690	2742
2691	2743
2692	2744
2693	2745
2694	2746
2695	2747
2696	2748
2697	2749
2698	2750
2699	2751
2700	2752
2701	2753
2702	2754
2703	2755
2704	2756
2705	2757
2706	2758
2707	2759
2708	2760
2709	2761
2710	2762
2711	2763
2712	2764
2713	2765
2714	2766
2715	2767
2716	2768
2717	2769
2718	2770
2719	2771
2720	2772
2721	2773
2722	2774
2723	2775
2724	2776
2725	2777
2726	2778
2727	2779
2728	2780
2729	2781
2730	2782
2731	2783
2732	2784
2733	2785
2734	2786
2735	2787
2736	2788
2737	2789
2738	2790
2739	2791
2740	2792
2741	2793
2742	2794
2743	2795
2744	2796
2745	2797
2746	2798
2747	2799
2748	2800
2749	2801
2750	2802
2751	2803
2752	2804
2753	2805
2754	2806
2755	2807
2756	2808
2757	2809
2758	2810
2759	2811
2760	2812
2761	2813
2762	2814
2763	2815
2764	2816
2765	2817
2766	2818
2767	2819
2768	2820
2769	2821
2770	2822
2771	2823
2772	2824
2773	2825
2774	2826
2775	2827
2776	2828
2777	2829
2778	2830
2779	2831
2780	2832
2781	2833
2782	2834
2783	2835
2784	2836
2785	2837
2786	2838
2787	2839
2788	2840
2789	2841
2790	2842
2791	2843
2792	2844
2793	2845
2794	2846
2795	2847
2796	2848
2797	2849
2798	2850
2799	2851
2800	2852
2801	2853
2802	2854
2803	2855
2804	2856
2805	2857
2806	2858
2807	2859
2808	2860
2809	2861
2810	2862
2811	2863
2812	2864
2813	2865
2814	2866
2815	2867
2816	2868
2817	2869
2818	2870
2819	2871
2820	2872
2821	2873
2822	2874
2823	2875
2824	2876
2825	2877
2826	2878
2827	2879
2828	2880
2829	2881
2830	2882
2831	2883
2832	2884
2833	2885
2834	2886
2835	2887
2836	2888
2837	2889
2838	2890
2839	2891
2840	2892
2841	2893
2842	2894
2843	2895
2844	2896
2845	2897
2846	2898
2847	2899
2848	2900
2849	2901
2850	2902
2851	2903
2852	2904
2853	2905
2854	2906
2855	2907
2856	2908
2857	2909
2858	2910
2859	2911
2860	2912
2861	2913
2862	2914
2863	2915
2864	2916
2865	2917
2866	2918
2867	2919
2868	2920
2869	2921
2870	2922
2871	2923
2872	2924
2873	2925
2874	2926
2875	2927
2876	2928
2877	2929
2878	2930
2879	2931
2880	2932
2881	2933
2882	2934
2883	2935
2884	2936
2885	2937
2886	2938
2887	2939
2888	2940
2889	2941
2890	2942
2891	2943
2892	2944
2893	2945
2894	2946
2895	2947
2896	2948
2897	2949
2898	2950
2899	2951
2900	2952
2901	2953
2902	2954
2903	2955
2904	2956
2905	2957
2906	2958
2907	2959
2908	2960
2909	2961
2910	2962
2911	2963
2912	2964
2913	2965
2914	2966
2915	2967
2916	2968
2917	2969
2918	2970
2919	2971
2920	2972
2921	2973
2922	2974
2923	2975
2924	2976
2925	2977
2926	2978
2927	2979
2928	2980
2929	2981
2930	2982
2931	2983
2932	2984
2933	2985
2934	2986
2935	2987
2936	2988
2937	2989
2938	2990
2939	2991
2940	2992
2941	2993
2942	2994
2943	2995
2944	2996
2945	2997
2946	2998
2947	2999
2948	3000
2949	3001
2950	3002
2951	3003
2952	3004
2953	3005
2954	3006
2955	3007
2956	3008
2957	3009
2958	3010
2959	3011
2960	3012
2961	3013
2962	3014
2963	3015
2964	3016
2965	3017
2966	3018
2967	3019
2968	3020
2969	3021
2970	3022
2971	3023
2972	3024
2973	3025
2974	3026
2975	3027
2976	3028
2977	3029
2978	3030
2979	3031
2980	3032
2981	3033
2982	3034
2983	3035
2984	3036
2985	3037
2986	3038
2987	3039
2988	3040
2989	3041
2990	3042
2991	3043
2992	3044
2993	3045
2994	3046
2995	3047
2996	3048
2997	3049
2998	3050
2999	3051
3000	3052
3001	3053
3002	3054
3003	3055
3004	3056
3005	3057
3006	3058
3007	3059
3008	3060
3009	3061
3010	3062
3011	3063
3012	3064
3013	3065
3014	3066
3015	3067
3016	3068
3017	3069
3018	3070
3019	3071
3020	3072
3021	3073
3022	3074
3023	3075
3024	3076
3025	3077
3026	3078
3027	3079
3028	3080
3029	3081
3030	3082
3031	3083
3032	3084
3033	3085
3034	3086
3035	3087
3036	3088
3037	3089
3038	3090
3039	3091
3040	3092
3041	3093
3042	3094
3043	3095
3044	3096
3045	3097
3046	3098
3047	3099
3048	3100
3049	3101
3050	3102
3051	3103
3052	3104
3053	3105
3054	3106
3055	3107
3056	3108
3057	3109
3058	3110
3059	3111
3060	3112
3061	3113
3062	3114
3063	3115
3064	3116
3065	3117
3066	3118
3067	3119
3068	3120
3069	3121
3070	3122
3071	3123
3072	3124
3073	3125
3074	3126
3075	3127
3076	3128
3077	3129
3078	3130
3079	3131
3080	3132
3081	3133
3082	3134
3083	3135
3084	3136
3085	3137
3086	3138
3087	3139
3088	3140
3089	3141
3090	3142
3091	3143
3092	3144
3093	3145
3094	3146
3095	3147
3096	3148
3097	3149
3098	3150
3099	3151
3100	3152
3101	3153
3102	3154
3103	3155
3104	3156
3105	3157
3106	3158
3107	3159
3108	3160
3109	3161
3110	3162
3111	3163
3112	3164
3113	3165
3114	3166
3115	3167
3116	3168
3117	3169
3118	3170
3119	3171
3120	3172
3121	3173
3122	3174
3123	3175
3124	3176
3125	3177
3126	3178
3127	3179
3128	3180
3129	3181
3130	3182
3131	3183
3132	3184
3133	3185
3134	3186
3135	3187
3136	3188
3137	3189
3138	3190
3139	3191
3140	3192
3141	3193
3142	3194
3143	3195
3144	3196
3145	3197
3146	3198
3147	3199
3148	3200
3149	3201
3150	3202
3151	3203
3152	3204
3153	3205
3154	3206
3155	3207
3156	3208
3157	3209
3158	3210
3159	3211
3160	3212
3161	3213
3162	3214
3163	3215
3164	3216
3165	3217
3166	3218
3167	3219
3168	3220
3169	3221
3170	3222
3171	3223
3172	3224
3173	3225
3174	3226
3175	3227
3176	3228
3177	3229
3178	3230
3179	3231
3180	3232
3181	3233
3182	3234
3183	3235
3184	3236
3185	3237
3186	3238
3187	3239
3188	3240
3189	3241
3190	3242
3191	3243
3192	3244
3193	3245
3194	3246
3195	3247
3196	3248
3197	3249
3198	3250
3199	3251
3200	3252
3201	3253
3202	3254
3203	3255
3204	3256
3205	3257
3206	3258
3207	3259
3208	3260
3209	3261
3210	3262
3211	3263
3212	3264
3213	3265
3214	3266
3215	3267
3216	3268
3217	3269
3218	3270
3219	3271
3220	3272
3221	3273
3222	3274
3223	3275
3224	3276
3225	3277
3226	3278
3227	3279
3228	3280
3229	3281
3230	3282
3231	3283
3232	3284
3233	3285
3234	3286
3235	3287
3236	3288
3237	3289
3238	3290
3239	3291
3240	3292
3241	3293
3242	3294
3243	3295
3244	3296
3245	3297
3246	3298
3247	3299
3248	3300
3249	3301
3250	3302
3251	3303
3252	3304
3253	3305
3254	3306
3255	3307
3256	3308
3257	3309
3258	3310
3259	3311
3260	3312
3261	3313
3262	3314
3263	3315
3264	3316
3265	3317
3266	3318
3267	3319
3268	3320
3269	3321
3270	3322
3271	3323
3272	3324
3273	3325
3274	3326
3275	3327
3276	3328
3277	3329
3278	3330
3279	3331
3280	3332
3281	3333
3282	3334
3283	3335
3284	3336
3285	3337
3286	3338
3287	3339
3288	3340
3289	3341
3290	3342
3291	3343
3292	3344
3293	3345
3294	3346
3295	3347
3296	3348
3297	3349
3298	3350
3299	3351
3300	3352
3301	3353
3302	3354
3303	3355
3304	3356
3305	3357
3306	3358
3307	3359
3308	3360
3309	3361
3310	3362
3311	3363
3312	3364
3313	3365
3314	3366
3315	3367
3316	3368
3317	3369
3318	3370
3319	3371
3320	3372
3321	3373
3322	3374
3323	3375
3324	3376
3325	3377
3326	3378
3327	3379
3328	3380
3329	3381
3330	3382
3331	3383
3332	3384
3333	3385
3334	3386
3335	3387
3336	3388
3337	3389
3338	3390
3339	3391
3340	3392
3341	3393
3342	3394
3343	3395
3344	3396
3345	3397
3346	3398
3347	3399
3348	3400
3349	3401
3350	3402
3351	3403
3352	3404
3353	3405
3354	3406
3355	3407
3356	3408
3357	3409
3358	3410
3359	3411
3360	3412
3361	3413
3362	3414
3363	3415
3364	3416
3365	3417
3366	3418
3367	3419
3368	3420
3369	3421
3370	3422
3371	3423
3372	3424
3373	3425
3374	3426
3375	3427
3376	3428
3377	3429
3378	3430
3379	3431
3380	3432
3381	3433
3382	3434
3383	3435
3384	3436
3385	3437
3386	3438
3387	3439
3388	3440
3389	3441
3390	3442
3391	3443
3392	3444
3393	3445
3394	3446
3395	3447
3396	3448
3397	3449
3398	3450
3399	3451
3400	3452
3401	3453
3402	3454
3403	3455
3404	3456
3405	3457
3406	3458
3407	3459
3408	3460
3409	3461
3410	3462
3411	3463
3412	3464
3413	3465
3414	3466
3415	3467
3416	3468
3417	3469
3418	3470
3419	3471
3420	3472
3421	3473
3422	3474
3423	3475
3424	3476
3425	3477
3426	3478
3427	3479
3428	3480
3429	3481
3430	3482
3431	3483
3432	3484
3433	3485
3434	3486
3435	3487
3436	3488
3437	3489
3438	3490
3439	3491
3440	3492
3441	3493
3442	3494
3443	3495
3444	3496
3445	3497
3446	3498
3447	3499
3448	3500
3449	3501
3450	3502
3451	3503
3452	3504
3453	3505
3454	3506
3455	3507
3456	3508
3457	3509
3458	3510
3459	3511
3460	3512
3461	3513
3462	3514
3463	3515
3464	3516
3465	3517
3466	3518
3467	3519
3468	3520
3469	3521
3470	3522
3471	3523
3472	3524
3473	3525
3474	3526
3475	3527
3476	3528
3477	3529
3478	3530
3479	3531
3480	3532
3481	3533
3482	3534
3483	3535
3484	3536
3485	3537
3486	3538
3487	3539
3488	3540
3489	3541
3490	3542
3491	3543
3492	3544
3493	3545
3494	3546
3495	3547
3496	3548
3497	3549
3498	3550
3499	3551
3500	3552
3501	3553
3502	3554
3503	3555
3504	3556
3505	3557
3506	3558
3507	3559
3508	3560
3509	3561
3510	3562
3511	3563
3512	3564
3513	3565
3514	3566
3515	3567
3516	3568
3517	3569
3518	3570
3519	3571
3520	3572
3521	3573
3522	3574
3523	3575
3524	3576
3525	3577
3526	3578
3527	3579
3528	3580
3529	3581
3530	3582
3531	3583
3532	3584
3533	3585
3534	3586
3535	3587
3536	3588
3537	3589
3538	3590
3539	3591
3540	3592
3541	3593
3542	3594
3543	3595
3544	3596
3545	3597
3546	3598
3547	3599
3548	3600
3549	3601
3550	3602
3551	3603
3552	3604
3553	3605
3554	3606
3555	3607
3556	3608
3557	3609
3558	3610
3559	3611
3560	3612
3561	3613
3562	3614
3563	3615
3564	3616
3565	3617
3566	3618
3567	3619
3568	3620
3569	3621
3570	3622
3571	3623
3572	3624
3573	3625
3574	3626
3575	3627
3576	3628
3577	3629
3578	3630
3579	3631
3580	3632
3581	3633
3582	3634
3583	3635
3584	3636
3585	3637
3586	3638
3587	3639
3588	3640
3589	3641
3590	3642
3591	3643
3592	3644
3593	3645
3594	3646
3595	3647
3596	3648
3597	3649
3598	3650
3599	3651
3600	3652
3601	3653
3602	3654
3603	3655
3604	3656
3605	3657
3606	3658
3607	3659
3608	3660
3609	3661
3610	3662
3611	3663
3612	3664
3613	3665
3614	3666
3615	3667
3616	3668
3617	3669
3618	3670
3619	3671
3620	3672
3621	3673
3622	3674
3623	3675
3624	3676
3625	3677
3626	3678
3627	3679
3628	3680
3629	3681
3630	3682
3631	3683
3632	3684
3633	3685
3634	3686
3635	3687
3636	3688
3637	3689
3638	3690
3639	3691
3640	3692
3641	3693
3642	3694
3643	3695
3644	3696
3645	3697
3646	3698
3647	3699
3648	3700
3649	3701
3650	3702
3651	3703
3652	3704
3653	3705
3654	3706
3655	3707
3656	3708
3657	3709
3658	3710
3659	3711
3660	3712
3661	3713
3662	3714
3663	3715
3664	3716
3665	3717
3666	3718
3667	3719
3668	3720
3669	3721
3670	3722
3671	3723
3672	3724
3673	3725
3674	3726
3675	3727
3676	3728
3677	3729
3678	3730
3679	3731
3680	3732
3681	3733
3682	3734
3683	3735
3684	3736
3685	3737
3686	3738
3687	3739
3688	3740
3689	3741
3690	3742
3691	3743
3692	3744
3693	3745
3694	3746
3695	3747
3696	3748
3697	3749
3698	3750
3699	3751
3700	3752
3701	3753
3702	3754
3703	3755
3704	3756
3705	3757
3706	3758
3707	3759
3708	3760
3709	3761
3710	3762
3711	3763
3712	3764
3713	3765
3714	3766
3715	3767
3716	3768
3717	3769
3718	3770
3719	3771
3720	3772
3721	3773
3722	3774
3723	3775
3724	3776
3725	3777
3726	3778
3727	3779
3728	3780
3729	3781
3730	3782
3731	3783
3732	3784
3733	3785
3734	3786
3735	3787
3736	3788
3737	3789
3738	3790
3739	3791
3740	3792
3741	3793
3742	3794
3743	3795
3744	3796
3745	3797
3746	3798
3747	3799
3748	3800
3749	3801
3750	3802
3751	3803
3752	3804
3753	3805
3754	3806
3755	3807
3756	3808
3757	3809
3758	3810
3759	3811
3760	3812
3761	3813
3762	3814
3763	3815
3764	3816
3765	3817
3766	3818
3767	3819
3768	3820
3769	3821
3770	3822
3771	3823
3772	3824
3773	3825
3774	3826
3775	3827
3776	3828
3777	3829
3778	3830
3779	3831
3780	3832
3781	3833
3782	3834
3783	3835
3784	3836
3785	3837
3786	3838
3787	3839
3788	3840
3789	3841
3790	3842
3791	3843
3792	3844
3793	3845
3794	3846
3795	3847
3796	3848
3797	3849
3798	3850
3799	3851
3800	3852
3801	3853
3802	3854
3803	3855
3804	3856
3805	3857
3806	3858
3807	3859
3808	3860
3809	3861
3810	3862
3811	3863
3812	3864
3813	3865
3814	3866
3815	3867
3816	3868
3817	3869
3818	3870
3819	3871
3820	3872
3821	3873
3822	3874
3823	3875
3824	3876
3825	3877
3826	3878
3827	3879
3828	3880
3829	3881
3830	3882
3831	3883
3832	3884
3833	3885
3834	3886
3835	3887
3836	3888
3837	3889
3838	3890
3839	3891
3840	3892
3841	3893
3842	3894
3843	3895
3844	3896
3845	3897
3846	3898
3847	3899
3848	3900
3849	3901
3850	3902
3851	3903
3852	3904
3853	3905
3854	3906
3855	3907
3856	3908
3857	3909
3858	3910
3859	3911
3860	3912
3861	3913
3862	3914
3863	3915
3864	3916
3865	3917
3866	3918
3867	3919
3868	3920
3869	3921
3870	3922
3871	3923
3872	3924
3873	3925
3874	3926
3875	3927
3876	3928
3877	3929
3878	3930
3879	3931
3880	3932
3881	3933
3882	3934
3883	3935
3884	3936
3885	3937
3886	3938
3887	3939
3888	3940
3889	3941
3890	3942
3891	3943
3892	3944
3893	3945
3894	3946
3895	3947
3896	3948
3897	3949
3898	3950
3899	3951
3900	3952
3901	3953
3902	3954
3903	3955
3904	3956
3905	3957
3906	3958
3907	3959
3908	3960
3909	3961
3910	3962
3911	3963
3912	3964
3913	3965
3914	3966
3915	3967
3916	3968
3917	3969
3918	3970
3919	3971
3920	3972
3921	3973
3922	3974
3923	3975
3924	3976
3925	3977
3926	3978
3927	3979
3928	3980
3929	3981
3930	3982
3931	3983
3932	3984
3933	3985
3934	3986
3935	3987
3936	3988
3937	3989
3938	3990
3939	3991
3940	3992
3941	3993
3942	3994
3943	3995
3944	3996
3945	3997
3946	3998
3947	3999
3948	4000
3949	4001
3950	4002
3951	4003
3952	4004
3953	4005
3954	4006
3955	4007
3956	4008
3957	4009
3958	4010
3959	4011
3960	4012
3961	4013
3962	4014
3963	4015
3964	4016
3965	4017
3966	4018
3967	4019
3968	4020
3969	4021
3970	4022
3971	4023
3972	4024
3973	4025
3974	4026
3975	4027
3976	4028
3977	4029
3978	4030
3979	4031
3980	4032
3981	4033
3982	4034
3983	4035
3984	4036
3985	4037
3986	4038
3987	4039
3988	4040
3989	4041
3990	4042
3991	4043
3992	4044
3993	4045
3994	4046
3995	4047
3996	4048
3997	4049
3998	4050
3999	4051
4000	4052
4001	4053
4002	4054
4003	4055
4004	4056
4005	4057
4006	4058
4007	4059
4008	4060
4009	4061
4010	4062
4011	4063
4012	4064
4013	4065
4014	4066
4015	4067
4016	4068
4017	4069
4018	4070
4019	4071
4020	4072
4021	4073
4022	4074
4023	4075
4024	4076
4025	4077
4026	4078
4027	4079
4028	4080
4029	4081
4030	4082
4031	4083
4032	4084
4033	4085
4034	4086
4035	4087
4036	4088
4037	4089
4038	4090
4039	4091
4040	4092
4041	4093
4042	4094
4043	4095
4044	4096
4045	4097
4046	4098
4047	4099
4048	4100
4049	4101
4050	4102
4051	4103
4052	4104
4053	4105
4054	4106
4055	4107
4056	4108
4057	4109
4058	4110
4059	4111
4060	4112
4061	4113
4062	4114
4063	4115
4064	4116
4065	4117
4066	4118
4067	4119
4068	4120
4069	4121
4070	4122
4071	4123
4072	4124
4073	4125
4074	4126
4075	4127
4076	4128
4077	4129
4078	4130
4079	4131
4080	4132
4081	4133
4082	4134
4083	4135
4084	4136
4085	4137
4086	4138
4087	4139
4088	4140
4089	4141
4090	4142
4091	4143
4092	4144
4093	4145
4094	4146
4095	4147
4096	4148
4097	4149
4098	4150
4099	4151
4100	4152
4101	4153
4102	4154
4103	4155
4104	4156
4105	4157
4106	4158
4107	4159
4108	4160
4109	4161
4110	4162
4111	4163
4112	4164
4113	4165
4114	4166
4115	4167
4116	4168
4117	4169
4118	4170
4119	4171
4120	4172
4121	4173
4122	4174
4123	4175
4124	4176
4125	4177
4126	4178
4127	4179
4128	4180
4129	4181
4130	4182
4131	4183
4132	4184
4133	4185
4134	4186
4135	4187
4136	4188
4137	4189
4138	4190
4139	4191
4140	4192
4141	4193
4142	4194
4143	4195
4144	4196
4145	4197
4146	4198
4147	4199
4148	4200
4149	4201
4150	4202
4151	4203
4152	4204
4153	4205
4154	4206
4155	4207
4156	4208
4157	4209
4158	4210
4159	4211
4160	4212
4161	4213
4162	4214
4163	4215
4164	4216
4165	4217
4166	4218
4167	4219
4168	4220
4169	4221
4170	4222
4171	4223
4172	4224
4173	4225
4174	4226
4175	4227
4176	4228
4177	4229
4178	4230
4179	4231
4180	4232
4181	4233
4182	4234
4183	4235
4184	4236
4185	4237
4186	4238
4187	4239
4188	4240
4189	4241
4190	4242
4191	4243
4192	4244
4193	4245
4194	4246
4195	4247
4196	4248
4197	4249
4198	4250
4199	4251
4200	4252
4201	4253
4202	4254
4203	4255
4204	4256
4205	4257
4206	4258
4207	4259
4208	4260
4209	4261
4210	4262
4211	4263
4212	4264
4213	4265
4214	4266
4215	4267
4216	4268
4217	4269
4218	4270
4219	4271
4220	4272
4221	4273
4222	4274
4223	4275
4224	4276
4225	4277
4226	4278
4227	4279
4228	4280
4229	4281
4230	4282
4231	4283
4232	4284
4233	4285
4234	4286
4235	4287
4236	4288
4237	4289
4238	4290
4239	4291
4240	4292
4241	4293
4242	4294
4243	4295
4244	4296
4245	4297
4246	4298
4247	4299
4248	4300
4249	4301
4250	4302
4251	4303
4252	4304
4253	4305
4254	4306
4255	4307
4256	4308
4257	4309
4258	4310
4259	4311
4260	4312
4261	4313
4262	4314
4263	4315
4264	4316
4265	4317
4266	4318
4267	4319
4268	4320
4269	4321
4270	4322
4271	4323
4272	4324
4273	4325
4274	4326
4275	4327
4276	4328
4277	4329
4278	4330
4279	4331
4280	4332
4281	4333
4282	4334
4283	4335
4284	4336
4285	4337
4286	4338
4287	4339
4288	4340
4289	4341
4290	4342
4291	4343
4292	4344
4293	4345
4294	4346
4295	4347
4296	4348
4297	4349
4298	4350
4299	4351
4300	4352
4301	4353
4302	4354
4303	4355
4304	4356
4305	4357
4306	4358
4307	4359
4308	4360
4309	4361
4310	4362
4311	4363
4312	4364
4313	4365
4314	4366
4315	4367
4316	4368
4317	4369
4318	4370
4319	4371
4320	4372
4321	4373
4322	4374
4323	4375
4324	4376
4325	4377
4326	4378
4327	4379
4328	4380
4329	4381
4330	4382
4331	4383
4332	4384
4333	4385
4334	4386
4335	4387
4336	4388
4337	4389
4338	4390
4339	4391
4340	4392
4341	4393
4342	4394
4343	4395
4344	4396
4345	4397
4346	4398
4347	4399
4348	4400
4349	4401
4350	4402
4351	4403
4352	4404
4353	4405
4354	4406
4355	4407
4356	4408
4357	4409
4358	4410
4359	4411
4360	4412
4361	4413
4362	4414
4363	4415
4364	4416
4365	4417
4366	4418
4367	4419
4368	4420
4369	4421
4370	4422
4371	4423
4372	4424
4373	4425
4374	4426
4375	4427
4376	4428
4377	4429
4378	4430
4379	4431
4380	4432
4381	4433
4382	4434
4383	4435
4384	4436
4385	4437
4386	4438
4387	4439
4388	4440
4389	4441
4390	4442
4391	4443
4392	4444
4393	4445
4394	4446
4395	4447
4396	4448
4397	4449
4398	4450
4399	4451
4400	4452
4401	4453
4402	4454
4403	4455
4404	4456
4405	4457
4406	4458
4407	4459
4408	4460
4409	4461
4410	4462
4411	4463
4412	4464
4413	4465
4414	4466
4415	4467
4416	4468
4417	4469
4418	4470
4419	4471
4420	4472
4421	4473
4422	4474
4423	4475
4424	4476
4425	4477
4426	4478
4427	4479
4428	4480
4429	4481
4430	4482
4431	4483
4432	4484
4433	4485
4434	4486
4435	4487
4436	4488
4437	4489
4438	4490
4439	4491
4440	4492
4441	4493
4442	4494
4443	4495
4444	4496
4445	4497
4446	4498
4447	4499
4448	4500
4449	4501
4450	4502
4451	4503
4452	4504
4453	4505
4454	4506
4455	4507
4456	4508
4457	4509
4458	4510
4459	4511
4460	4512
4461	4513
4462	4514
4463	4515
4464	4516
4465	4517
4466	4518
4467	4519
4468	4520
4469	4521
4470	4522
4471	4523
4472	4524
4473	4525
4474	4526
4475	4527
4476	4528
4477	4529
4478	4530
4479	4531
4480	4532
4481	4533
4482	4534
4483	4535
4484	4536
4485	4537
4486	4538
4487	4539
4488	4540
4489	4541
4490	4542
4491	4543
4492	4544
4493	4545
4494	4546
4495	4547
4496	4548
4497	4549
4498	4550
4499	4551
4500	4552
4501	4553
4502	4554
4503	4555
4504	4556
4505	4557
4506	4558
4507	4559
4508	4560
4509	4561
4510	4562
4511	4563
4512	4564
4513	4565
4514	4566
4515	4567
4516	4568
4517	4569
4518	4570
4519	4571
4520	4572
4521	4573
4522	4574
4523	4575
4524	4576
4525	4577
4526	4578
4527	4579
4528	4580
4529	4581
4530	4582
4531	4583
4532	4584
4533	4585
4534	4586
4535	4587
4536	4588
4537	4589
4538	4590
4539	4591
4540	4592
4541	4593
4542	4594
4543	4595
4544	4596
4545	4597
4546	4598
4547	4599
4548	4600
4549	4601
4550	4602
4551	4603
4552	4604
4553	4605
4554	4606
4555	4607
4556	4608
4557	4609
4558	4610
4559	4611
4560	4612
4561	4613
4562	4614
4563	4615
4564	4616
4565	4617
4566	4618
4567	4619
4568	4620
4569	4621
4570	4622
4571	4623
4572	4624
4573	4625
4574	4626
4575	4627
4576	4628
4577	4629
4578	4630
4579	4631
4580	4632
4581	4633
4582	4634
4583	4635
4584	4636
4585	4637
4586	4638
4587	4639
4588	4640
4589	4641
4590	4642
4591	4643
4592	4644
4593	4645
4594	4646
4595	4647
4596	4648
4597	4649
4598	4650
4599	4651
4600	4652
4601	4653
4602	4654
4603	4655
4604	4656
4605	4657
4606	4658
4607	4659
4608	4660
4609	4661
4610	4662
4611	4663
4612	4664
4613	4665
4614	4666
4615	4667
4616	4668
4617	4669
4618	4670
4619	4671
4620	4672
4621	4673
4622	4674
4623	4675
4624	4676
4625	4677
4626	4678
4627	4679
4628	4680
4629	4681
4630	4682
4631	4683
4632	4684
4633	4685
4634	4686
4635	4687
4636	4688
4637	4689
4638	4690
4639	4691
4640	4692
4641	4693
4642	4694
4643	4695
4644	4696
4645	4697
4646	4698
4647	4699
4648	4700
4649	4701
4650	4702
4651	4703
4652	4704
4653	4705
4654	4706
4655	4707
4656	4708
4657	4709
4658	4710
4659	4711
4660	4712
4661	4713
4662	4714
4663	4715
4664	4716
4665	4717
4666	4718
4667	4719
4668	4720
4669	4721
4670	4722
4671	4723
4672	4724
4673	4725
4674	4726
4675	4727
4676	4728
4677	4729
4678	4730
4679	4731
4680	4732
4681	4733
4682	4734
4683	4735
4684	4736
4685	4737
4686	4738
4687	4739
4688	4740
4689	4741
4690	4742
4691	4743
4692	4744
4693	4745
4694	4746
4695	4747
4696	4748
4697	4749
4698	4750
4699	4751
4700	4752
4701	4753
4702	4754
4703	4755
4704	4756
4705	4757
4706	4758
4707	4759
4708	4760
4709	4761
4710	4762
4711	4763
4712	4764
4713	4765
4714	4766
4715	4767
4716	4768
4717	4769
4718	4770
4719	4771
4720	4772
4721	4773
4722	4774
4723	4775
4724	4776
4725	4777
4726	4778
4727	4779
4728	4780
4729	4781
4730	4782
4731	4783
4732	4784
4733	4785
4734	4786
4735	4787
4736	4788
4737	4789
4738	4790
4739	4791
4740	4792
4741	4793
4742	4794
4743	4795
4744	4796
4745	4797
4746	4798
4747	4799
4748	4800
4749	4801
4750	4802
4751	4803
4752	4804
4753	4805
4754	4806
4755	4807
4756	4808
4757	4809
4758	4810
4759	4811
4760	4812
4761	4813
4762	4814
4763	4815
4764	4816
4765	4817
4766	4818
4767	4819
4768	4820
4769	4821
4770	4822
4771	4823
4772	4824
4773	4825
4774	4826
4775	4827
4776	4828
4777	4829
4778	4830
4779	4831
4780	4832
4781	4833
4782	4834
4783	4835
4784	4836
4785	4837
4786	4838
4787	4839
4788	4840
4789	4841
4790	4842
4791	4843
4792	4844
4793	4845
4794	4846
4795	4847
4796	4848
4797	4849
4798	4850
4799	4851
4800	4852
4801	4853
4802	4854
4803	4855
4804	4856
4805	4857
4806	4858
4807	4859
4808	4860
4809	4861
4810	4862
4811	4863
4812	4864
4813	4865
4814	4866
4815	4867
4816	4868
4817	4869
4818	4870
4819	4871
4820	4872
4821	4873
4822	4874
4823	4875
4824	4876
4825	4877
4826	4878
4827	4879
4828	4880
4829	4881
4830	4882
4831	4883
4832	4884
4833	4885
4834	4886
4835	4887
4836	4888
4837	4889
4838	4890
4839	4891
4840	4892
4841	4893
4842	4894
4843	4895
4844	4896
4845	4897
4846	4898
4847	4899
4848	4900
4849	4901
4850	4902
4851	4903
4852	4904
4853	4905
4854	4906
4855	4907
4856	4908
4857	4909
4858	4910
4859	4911
4860	4912
4861	4913
4862	4914
4863	4915
4864	4916
4865	4917
4866	4918
4867	4919
4868	4920
4869	4921
4870	4922
4871	4923
4872	4924
4873	4925
4874	4926
4875	4927
4876	4928
4877	4929
4878	4930
4879	4931
4880	4932
4881	4933
4882	4934
4883	4935
4884	4936
4885	4937
4886	4938
4887	4939
4888	4940
4889	4941
4890	4942
4891	4943
4892	4944
4893	4945
4894	4946
4895	4947
4896	4948
4897	4949
4898	4950
4899	4951
4900	4952
4901	4953
4902	4954
4903	4955
4904	4956
4905	4957
4906	4958
4907	4959
4908	4960
4909	4961
4910	4962
4911	4963
4912	4964
4913	4965
4914	4966
4915	4967
4916	4968
4917	4969
4918	4970
4919	4971
4920	4972
4921	4973
4922	4974
4923	4975
4924	4976
4925	4977
4926	4978
4927	4979
4928	4980
4929	4981
4930	4982
4931	4983
4932	4984
4933	4985
4934	4986
4935	4987
4936	4988
4937	4989
4938	4990
4939	4991
4940	4992
4941	4993
4942	4994
4943	4995
4944	4996
4945	4997
4946	4998
4947	4999
4948	5000
4949	5001
4950	5002
4951	5003
4952	5004
4953	5005
4954	5006
4955	5007
4956	5008
4957	5009
4958	5010
4959	5011
4960	5012
4961	5013
4962	5014
4963	5015
4964	5016
4965	5017
4966	5018
4967	5019
4968	5020
4969	5021
4970	5022
4971	5023
4972	5024
4973	5025
4974	5026
4975	5027
4976	5028
4977	5029
4978	5030
4979	5031
4980	5032
4981	5033
4982	5034
4983	5035
4984	5036
4985	5037
4986	5038
4987	5039
4988	5040
4989	5041
4990	5042
4991	5043
4992	5044
4993	5045
4994	5046
4995	5047
4996	5048
4997	5049
4998	5050
4999	5051
5000	5052
5001	5053
5002	5054
5003	5055
5004	5056
5005	5057
5006	5058
5007	5059
5008	5060
5009	5061
5010	5062
5011	5063
5012	5064
5013	5065
5014	5066
5015	5067
5016	5068
5017	5069
5018	5070
5019	5071
5020	5072
5021	5073
5022	5074
5023	5075
5024	5076
5025	5077
5026	5078
5027	5079
5028	5080
5029	5081
5030	5082
5031	5083
5032	5084
5033	5085
5034	5086
5035	5087
5036	5088
5037	5089
5038	5090
5039	5091
5040	5092
5041	5093
5042	5094
5043	5095
5044	5096
5045	5097
5046	5098
5047	5099
5048	5100
5049	5101
5050	5102
5051	5103
5052	5104
5053	5105
5054	5106
5055	5107
5056	5108
5057	5109
5058	5110
5059	5111
5060	5112
5061	5113
5062	5114
5063	5115
5064	5116
5065	5117
5066	5118
5067	5119
5068	5120
5069	5121
5070	5122
5071	5123
5072	5124
5073	5125
5074	5126
5075	5127
5076	5128
5077	5129
5078	5130
5079	5131
5080	5132
5081	5133
5082	5134
5083	5135
5084	5136
5085	5137
5086	5138
5087	5139
5088	5140
5089	5141
5090	5142
5091	5143
5092	5144
5093	5145
5094	5146
5095	5147
5096	5148
5097	5149
5098	5150
5099	5151
5100	5152
5101	5153
5102	5154
5103	5155
5104	5156
5105	5157
5106	5158
5107	5159
5108	5160
5109	5161
5110	5162
5111	5163
5112	5164
5113	5165
5114	5166
5115	5167
5116	5168
5117	5169
5118	5170
5119	5171
5120	5172
5121	5173
5122	5174
5123	5175
5124	5176
5125	5177
5126	5178
5127	5179
5128	5180
5129	5181
5130	5182
5131	5183
5132	5184
5133	5185
5134	5186
5135	5187
5136	5188
5137	5189
5138	5190
5139	5191
5140	5192
5141	5193
5142	5194
5143	5195
5144	5196
5145	5197
5146	5198
5147	5199
5148	5200
5149	5201
5150	5202
5151	5203
5152	5204
5153	5205
5154	5206
5155	5207
5156	5208
5157	5209
5158	5210
5159	5211
5160	5212
5161	5213
5162	5214
5163	5215
5164	5216
5165	5217
5166	5218
5167	5219
5168	5220
5169	5221
5170	5222
5171	5223
5172	5224
5173	5225
5174	5226
5175	5227
5176	5228
5177	5229
5178	5230
5179	5231
5180	5232
5181	5233
5182	5234
5183	5235
5184	5236
5185	5237
5186	5238
5187	5239
5188	5240
5189	5241
5190	5242
5191	5243
5192	5244
5193	5245
5194	5246
5195	5247
5196	5248
5197	5249
5198	5250
5199	5251
5200	5252
5201	5253
5202	5254
5203	5255
5204	5256
5205	5257
5206	5258
5207	5259
5208	5260
5209	5261
5210	5262
5211	5263
5212	5264
5213	5265
5214	5266
5215	5267
5216	5268
5217	5269
5218	5270
5219	5271
5220	5272
5221	5273
5222	5274
5223	5275
5224	5276
5225	5277
5226	5278
5227	5279
5228	5280
5229	5281
5230	5282
5231	5283
5232	5284
5233	5285
5234	5286
5235	5287
5236	5288
5237	5289
5238	5290
5239	5291
5240	5292
5241	5293
5242	5294
5243	5295
5244	5296
5245	5297
5246	5298
5247	5299
5248	5300
5249	5301
5250	5302
5251	5303
5252	5304
5253	5305
5254	5306
5255	5307
5256	5308
5257	5309
5258	5310
5259	5311
5260	5312
5261	5313
5262	5314
5263	5315
5264	5316
5265	5317
5266	5318
5267	5319
5268	5320
5269	5321
5270	5322
5271	5323
5272	5324
5273	5325
5274	5326
5275	5327
5276	5328
5277	5329
5278	5330
5279	5331
5280	5332
5281	5333
5282	5334
5283	5335
5284	5336
5285	5337
5286	5338
5287	5339
5288	5340
5289	5341
5290	5342
5291	5343
5292	5344
5293	5345
5294	5346
5295	5347
5296	5348
5297	5349
5298	5350
5299	5351
5300	5352
5301	5353
5302	5354
5303	5355
5304	5356
5305	5357
5306	5358
5307	5359
5308	5360
5309	5361
5310	5362
5311	5363
5312	5364
5313	5365
5314	5366
5315	5367
5316	5368
5317	5369
5318	5370
5319	5371
5320	5372
5321	5373
5322	5374
5323	5375
5324	5376
5325	5377
5326	5378
5327	5379
5328	5380
5329	5381
5330	5382
5331	5383
5332	5384
5333	5385
5334	5386
5335	5387
5336	5388
5337	5389
5338	5390
5339	5391
5340	5392
5341	5393
5342	5394
5343	5395
5344	5396
5345	5397
5346	5398
5347	5399
5348	5400
5349	5401
5350	5402
5351	5403
5352	5404
5353	5405
5354	5406
5355	5407
5356	5408
5357	5409
5358	5410
5359	5411
5360	5412
5361	5413
5362	5414
5363	5415
5364	5416
5365	5417
5366	5418
5367	5419
5368	5420
5369	5421
5370	5422
5371	5423
5372	5424
5373	5425
5374	5426
5375	5427
5376	5428
5377	5429
5378	5430
5379	5431
5380	5432
5381	5433
5382	5434
5383	5435
5384	5436
5385	5437
5386	5438
5387	5439
5388	5440
5389	5441
5390	5442
5391	5443
5392	5444
5393	5445
5394	5446
5395	5447
5396	5448
5397	5449
5398	5450
5399	5451
5400	5452
5401	5453
5402	5454
5403	5455
5404	5456
5405	5457
5406	5458
5407	5459
5408	5460
5409	5461
5410	5462
5411	5463
5412	5464
5413	5465
5414	5466
5415	5467
5416	5468
5417	5469
5418	5470
5419	5471
5420	5472
5421	5473
5422	5474
5423	5475
5424	5476
5425	5477
5426	5478
5427	5479
5428	5480
5429	5481
5430	5482
5431	5483
5432	5484
5433	5485
5434	5486
5435	5487
5436	5488
5437	5489
5438	5490
5439	5491
5440	5492
5441	5493
5442	5494
5443	5495
5444	5496
5445	5497
5446	5498
5447	5499
5448	5500
5449	5501
5450	5502
5451	5503
5452	5504
5453	5505
5454	5506
5455	5507
5456	5508
5457	5509
5458	5510
5459	5511
5460	5512
5461	5513
5462	5514
5463	5515
5464	5516
5465	5517
5466	5518
5467	5519
5468	5520
5469	5521
5470	5522
5471	5523
5472	5524
5473	5525
5474	5526
5475	5527
5476	5528
5477	5529
5478	5530
5479	5531
5480	5532
5481	5533
5482	5534
5483	5535
5484	5536
5485	5537
5486	5538
5487	5539
5488	5540
5489	5541
5490	5542
5491	5543
5492	5544
5493	5545
5494	5546
5495	5547
5496	5548
5497	5549
5498	5550
5499	5551
5500	5552
5501	5553
5502	5554
5503	5555
5504	5556
5505	5557
5506	5558
5507	5559
5508	5560
5509	5561
5510	5562
5511	5563
5512	5564
5513	5565
5514	5566
5515	5567
5516	5568
5517	5569
5518	5570
5519	5571
5520	5572
5521	5573
5522	5574
5523	5575
5524	5576
5525	5577
5526	5578
5527	5579
5528	5580
5529	5581
5530	5582
5531	5583
5532	5584
5533	5585
5534	5586
5535	5587
5536	5588
5537	5589
5538	5590
5539	5591
5540	5592
5541	5593
5542	5594
5543	5595
5544	5596
5545	5597
5546	5598
5547	5599
5548	5600
5549	5601
5550	5602
5551	5603
5552	5604
5553	5605
5554	5606
5555	5607
5556	5608
5557	5609
5558	5610
5559	5611
5560	5612
5561	5613
5562	5614
5563	5615
5564	5616
5565	5617
5566	5618
5567	5619
5568	5620
5569	5621
5570	5622
5571	5623
5572	5624
5573	5625
5574	5626
5575	5627
5576	5628
5577	5629
5578	5630
5579	5631
5580	5632
5581	5633
5582	5634
5583	5635
5584	5636
5585	5637
5586	5638
5587	5639
5588	5640
5589	5641
5590	5642
5591	5643
5592	5644
5593	5645
5594	5646
5595	5647
5596	5648
5597	5649
5598	5650
5599	5651
5600	5652
5601	5653
5602	5654
5603	5655
5604	5656
5605	5657
5606	5658
5607	5659
5608	5660
5609	5661
5610	5662
5611	5663
5612	5664
5613	5665
5614	5666
5615	5667
5616	5668
5617	5669
5618	5670
5619	5671
5620	5672
5621	5673
5622	5674
5623	5675
5624	5676
5625	5677
5626	5678
5627	5679
5628	5680
5629	5681
5630	5682
5631	5683
5632	5684
5633	5685
5634	5686
5635	5687
5636	5688
5637	5689
5638	5690
5639	5691
5640	5692
5641	5693
5642	5694
5643	5695
5644	5696
5645	5697
5646	5698
5647	5699
5648	5700
5649	5701
5650	5702
5651	5703
5652	5704
5653	5705
5654	5706
5655	5707
5656	5708
5657	5709
5658	5710
5659	5711
5660	5712
5661	5713
5662	5714
5663	5715
5664	5716
5665	5717
5666	5718
5667	5719
5668	5720
5669	5721
5670	5722
5671	5723
5672	5724
5673	5725
5674	5726
5675	5727
5676	5728
5677	5729
5678	5730
5679	5731
5680	5732
5681	5733
5682	5734
5683	5735
5684	5736
5685	5737
5686	5738
5687	5739
5688	5740
5689	5741
5690	5742
5691	5743
5692	5744
5693	5745
5694	5746
5695	5747
5696	5748
5697	5749
5698	5750
5699	5751
5700	5752
5701	5753
5702	5754
5703	5755
5704	5756
5705	5757
5706	5758
5707	5759
5708	5760
5709	5761
5710	5762
5711	5763
5712	5764
5713	5765
5714	5766
5715	5767
5716	5768
5717	5769
5718	5770
5719	5771
5720	5772
5721	5773
5722	5774
5723	5775
5724	5776
5725	5777
5726	5778
5727	5779
5728	5780
5729	5781
5730	5782
5731	5783
5732	5784
5733	5785
5734	5786
5735	5787
5736	5788
5737	5789
5738	5790
5739	5791
5740	5792
5741	5793
5742	5794
5743	5795
5744	5796
5745	5797
5746	5798
5747	5799
5748	5800
5749	5801
5750	5802
5751	5803
5752	5804
5753	5805
5754	5806
5755	5807
5756	5808
5757	5809
5758	5810
5759	5811
5760	5812
5761	5813
5762	5814
5763	5815
5764	5816
5765	5817
5766	5818
5767	5819
5768	5820
5769	5821
5770	5822
5771	5823
5772	5824
5773	5825
5774	5826
5775	5827
5776	5828
5777	5829
5778	5830
5779	5831
5780	5832
5781	5833
5782	5834
5783	5835
5784	5836
5785	5837
5786	5838
5787	5839
5788	5840
5789	5841
5790	5842
5791	5843
5792	5844
5793	5845
5794	5846
5795	5847
5796	5848
5797	5849
5798	5850
5799	5851
5800	5852
5801	5853
5802	5854
5803	5855
5804	5856
5805	5857
5806	5858
5807	5859
5808	5860
5809	5861
5810	5862
5811	5863
5812	5864
5813	5865
5814	5866
5815	5867
5816	5868
5817	5869
5818	5870
5819	5871
5820	5872
5821	5873
5822	5874
5823	5875
5824	5876
5825	5877
5826	5878
5827	5879
5828	5880
5829	5881
5830	5882
5831	5883
5832	5884
5833	5885
5834	5886
5835	5887
5836	5888
5837	5889
5838	5890
5839	5891
5840	5892
5841	5893
5842	5894
5843	5895
5844	5896
5845	5897
5846	5898
5847	5899
5848	5900
5849	5901
5850	5902
5851	5903
5852	5904
5853	5905
5854	5906
5855	5907
5856	5908
5857	5909
5858	5910
5859	5911
5860	5912
5861	5913
5862	5914
5863	5915
5864	5916
5865	5917
5866	5918
5867	5919
5868	5920
5869	5921
5870	5922
5871	5923
5872	5924
5873	5925
5874	5926
5875	5927
5876	5928
5877	5929
5878	5930
5879	5931
5880	5932
5881	5933
5882	5934
5883	5935
5884	5936
5885	5937
5886	5938
5887	5939
5888	5940
5889	5941
5890	5942
5891	5943
5892	5944
5893	5945
5894	5946
5895	5947
5896	5948
5897	5949
5898	5950
5899	5951
5900	5952
5901	5953
5902	5954
5903	5955
5904	5956
5905	5957
5906	5958
5907	5959
5908	5960
5909	5961
5910	5962
5911	5963
5912	5964
5913	5965
5914	5966
5915	5967
5916	5968
5917	5969
5918	5970
5919	5971
5920	5972
5921	5973
5922	5974
5923	5975
5924	5976
5925	5977
5926	5978
5927	5979
5928	5980
5929	5981
5930	5982
5931	5983
5932	5984
5933	5985
5934	5986
5935	5987
5936	5988
5937	5989
5938	5990
5939	5991
5940	5992
5941	5993
5942	5994
5943	5995
5944	5996
5945	5997
5946	5998
5947	5999
5948	6000
5949	6001
5950	6002
5951	6003
5952	6004
5953	6005
5954	6006
5955	6007
5956	6008
5957	6009
5958	6010
5959	6011
5960	6012
5961	6013
5962	6014
5963	6015
5964	6016
5965	6017
5966	6018
5967	6019
5968	6020
5969	6021
5970	6022
5971	6023
5972	6024
5973	6025
5974	6026
5975	6027
5976	6028
5977	6029
5978	6030
5979	6031
5980	6032
5981	6033
5982	6034
5983	6035
5984	6036
5985	6037
5986	6038
5987	6039
5988	6040
5989	6041
5990	6042
5991	6043
5992	6044
5993	6045
5994	6046
5995	6047
5996	6048
5997	6049
5998	6050
5999	6051
6000	6052
6001	6053
6002	6054
6003	6055
6004	6056
6005	6057
6006	6058
6007	6059
6008	6060
6009	6061
6010	6062
6011	6063
6012	6064
6013	6065
6014	6066
6015	6067
6016	6068
6017	6069
6018	6070
6019	6071
6020	6072
6021	6073
6022	6074
6023	6075
6024	6076
6025	6077
6026	6078
6027	6079
6028	6080
6029	6081
6030	6082
6031	6083
6032	6084
6033	6085
6034	6086
6035	6087
6036	6088
6037	6089
6038	6090
6039	6091
6040	6092
6041	6093
6042	6094
6043	6095
6044	6096
6045	6097
6046	6098
6047	6099
6048	6100
6049	6101
6050	6102
6051	6103
6052	6104
6053	6105
6054	6106
6055	6107
6056	6108
6057	6109
6058	6110
6059	6111
6060	6112
6061	6113
6062	6114
6063	6115
6064	6116
6065	6117
6066	6118
6067	6119
6068	6120
6069	6121
6070	6122
6071	6123
6072	6124
6073	6125
6074	6126
6075	6127
6076	6128
6077	6129
6078	6130
6079	6131
6080	6132
6081	6133
6082	6134
6083	6135
6084	6136
6085	6137
6086	6138
6087	6139
6088	6140
6089	6141
6090	6142
6091	6143
6092	6144
6093	6145
6094	6146
6095	6147
6096	6148
6097	6149
6098	6150
6099	6151
6100	6152
6101	6153
6102	6154
6103	6155
6104	6156
6105	6157
6106	6158
6107	6159
6108	6160
6109	6161
6110	6162
6111	6163
6112	6164
6113	6165
6114	6166
6115	6167
6116	6168
6117	6169
6118	6170
6119	6171
6120	6172
6121	6173
6122	6174
6123	6175
6124	6176
6125	6177
6126	6178
6127	6179
6128	6180
6129	6181
6130	6182
6131	6183
6132	6184
6133	6185
6134	6186
6135	6187
6136	6188
6137	6189
6138	6190
6139	6191
6140	6192
6141	6193
6142	6194
6143	6195
6144	6196
6145	6197
6146	6198
6147	6199
6148	6200
6149	6201
6150	6202
6151	6203
6152	6204
6153	6205
6154	6206
6155	6207
6156	6208
6157	6209
6158	6210
6159	6211
6160	6212
6161	6213
6162	6214
6163	6215
6164	6216
6165	6217
6166	6218
6167	6219
6168	6220
6169	6221
6170	6222
6171	6223
6172	6224
6173	6225
6174	6226
6175	6227
6176	6228
6177	6229
6178	6230
6179	6231
6180	6232
6181	6233
6182	6234
6183	6235
6184	6236
6185	6237
6186	6238
6187	6239
6188	6240
6189	6241
6190	6242
6191	6243
6192	6244
6193	6245
6194	6246
6195	6247
6196	6248
6197	6249
6198	6250
6199	6251
6200	6252
6201	6253
6202	6254
6203	6255
6204	6256
6205	6257
6206	6258
6207	6259
6208	6260
6209	6261
6210	6262
6211	6263
6212	6264
6213	6265
6214	6266
6215	6267
6216	6268
6217	6269
6218	6270
6219	6271
6220	6272
6221	6273
6222	6274
6223	6275
6224	6276
6225	6277
6226	6278
6227	6279
6228	6280
6229	6281
6230	6282
6231	6283
6232	6284
6233	6285
6234	6286
6235	6287
6236	6288
6237	6289
6238	6290
6239	6291
6240	6292
6241	6293
6242	6294
6243	6295
6244	6296
6245	6297
6246	6298
6247	6299
6248	6300
6249	6301
6250	6302
6251	6303
6252	6304
6253	6305
6254	6306
6255	6307
6256	6308
6257	6309
6258	6310
6259	6311
6260	6312
6261	6313
6262	6314
6263	6315
6264	6316
6265	6317
6266	6318
6267	6319
6268	6320
6269	6321
6270	6322
6271	6323
6272	6324
6273	6325
6274	6326
6275	6327
6276	6328
6277	6329
6278	6330
6279	6331
6280	6332
6281	6333
6282	6334
6283	6335
6284	6336
6285	6337
6286	6338
6287	6339
6288	6340
6289	6341
6290	6342
6291	6343
6292	6344
6293	6345
6294	6346
6295	6347
6296	6348
6297	6349
6298	6350
6299	6351
6300	6352
6301	6353
6302	6354
6303	6355
6304	6356
6305	6357
6306	6358
6307	6359
6308	6360
6309	6361
6310	6362
6311	6363
6312	6364
6313	6365
6314	6366
6315	6367
6316	6368
6317	6369
6318	6370
6319	6371
6320	6372
6321	6373
6322	6374
6323	6375
6324	6376
6325	6377
6326	6378
6327	6379
6328	6380
6329	6381
6330	6382
6331	6383
6332	6384
6333	6385
6334	6386
6335	6387
6336	6388
6337	6389
6338	6390
6339	6391
6340	6392
6341	6393
6342	6394
6343	6395
6344	6396
6345	6397
6346	6398
6347	6399
6348	6400
6349	6401
6350	6402
6351	6403
6352	6404
6353	6405
6354	6406
6355	6407
6356	6408
6357	6409
6358	6410
6359	6411
6360	6412
6361	6413
6362	6414
6363	6415
6364	6416
6365	6417
6366	6418
6367	6419
6368	6420
6369	6421
6370	6422
6371	6423
6372	6424
6373	6425
6374	6426
6375	6427
6376	6428
6377	6429
6378	6430
6379	6431
6380	6432
6381	6433
6382	6434
6383	6435
6384	6436
6385	6437
6386	6438
6387	6439
6388	6440
6389	6441
6390	6442
6391	6443
6392	6444
6393	6445
6394	6446
6395	6447
6396	6448
6397	6449
6398	6450
6399	6451
6400	6452
6401	6453
6402	6454
6403	6455
6404	6456
6405	6457
6406	6458
6407	6459
6408	6460
6409	6461
6410	6462
6411	6463
6412	6464
6413	6465
6414	6466
6415	6467
6416	6468
6417	6469
6418	6470
6419	6471
6420	6472
6421	6473
6422	6474
6423	6475
6424	6476
6425	6477
6426	6478
6427	6479
6428	6480
6429	6481
6430	6482
6431	6483
6432	6484
6433	6485
6434	6486
6435	6487
6436	6488
6437	6489
6438	6490
6439	6491
6440	6492
6441	6493
6442	6494
6443	6495
6444	6496
6445	6497
6446	6498
6447	6499
6448	6500
6449	6501
6450	6502
6451	6503
6452	6504
6453	6505
6454	6506
6455	6507
6456	6508
6457	6509
6458	6510
6459	6511
6460	6512
6461	6513
6462	6514
6463	6515
6464	6516
6465	6517
6466	6518
6467	6519
6468	6520
6469	6521
6470	6522
6471	6523
6472	6524
6473	6525
6474	6526
6475	6527
6476	6528
6477	6529
6478	6530
6479	6531
6480	6532
6481	6533
6482	6534
6483	6535
6484	6536
6485	6537
6486	6538
6487	6539
6488	6540
6489	6541
6490	6542
6491	6543
6492	6544
6493	6545
6494	6546
6495	6547
6496	6548
6497	6549
6498	6550
6499	6551
6500	6552
6501	6553
6502	6554
6503	6555
6504	6556
6505	6557
6506	6558
6507	6559
6508	6560
6509	6561
6510	6562
6511	6563
6512	6564
6513	6565
6514	6566
6515	6567
6516	6568
6517	6569
6518	6570
6519	6571
6520	6572
6521	6573
6522	6574
6523	6575
6524	6576
6525	6577
6526	6578
6527	6579
6528	6580
6529	6581
6530	6582
6531	6583
6532	6584
6533	6585
6534	6586
6535	6587
6536	6588
6537	6589
6538	6590
6539	6591
6540	6592
6541	6593
6542	6594
6543	6595
6544	6596
6545	6597
6546	6598
6547	6599
6548	6600
6549	6601
6550	6602
6551	6603
6552	6604
6553	6605
6554	6606
6555	6607
6556	6608
6557	6609
6558	6610
6559	6611
6560	6612
6561	6613
6562	6614
6563	6615
6564	6616
6565	6617
6566	6618
6567	6619
6568	6620
6569	6621
6570	6622
6571	6623
6572	6624
6573	6625
6574	6626
6575	6627
6576	6628
6577	6629
6578	6630
6579	6631
6580	6632
6581	6633
6582	6634
6583	6635
6584	6636
6585	6637
6586	6638
6587	6639
6588	6640
6589	6641
6590	6642
6591	6643
6592	6644
6593	6645
6594	6646
6595	6647
6596	6648
6597	6649
6598	6650
6599	6651
6600	6652
6601	6653
6602	6654
6603	6655
6604	6656
6605	6657
6606	6658
6607	6659
6608	6660
6609	6661
6610	6662
6611	6663
6612	6664
6613	6665
6614	6666
6615	6667
6616	6668
6617	6669
6618	6670
6619	6671
6620	6672
6621	6673
6622	6674
6623	6675
6624	6676
6625	6677
6626	6678
6627	6679
6628	6680
6629	6681
6630	6682
6631	6683
6632	6684
6633	6685
6634	6686
6635	6687
6636	6688
6637	6689
6638	6690
6639	6691
6640	6692
6641	6693
6642	6694
6643	6695
6644	6696
6645	6697
6646	6698
6647	6699
6648	6700
6649	6701
6650	6702
6651	6703
6652	6704
6653	6705
6654	6706
6655	6707
6656	6708
6657	6709
6658	6710
6659	6711
6660	6712
6661	6713
6662	6714
6663	6715
6664	6716
6665	6717
6666	6718
6667	6719
6668	6720
6669	6721
6670	6722
6671	6723
6672	6724
6673	6725
6674	6726
6675	6727
6676	6728
6677	6729
6678	6730
6679	6731
6680	6732
6681	6733
6682	6734
6683	6735
6684	6736
6685	6737
6686	6738
6687	6739
6688	6740
6689	6741
6690	6742
6691	6743
6692	6744
6693	6745
6694	6746
6695	6747
6696	6748
6697	6749
6698	6750
6699	6751
6700	6752
6701	6753
6702	6754
6703	6755
6704	6756
6705	6757
6706	6758
6707	6759
6708	6760
6709	6761
6710	6762
6711	6763
6712	6764
6713	6765
6714	6766
6715	6767
6716	6768
6717	6769
6718	6770
6719	6771
6720	6772
6721	6773
6722	6774
6723	6775
6724	6776
6725	6777
6726	6778
6727	6779
6728	6780
6729	6781
6730	6782
6731	6783
6732	6784
6733	6785
6734	6786
6735	6787
6736	6788
6737	6789
6738	6790
6739	6791
6740	6792
6741	6793
6742	6794
6743	6795
6744	6796
6745	6797
6746	6798
6747	6799
6748	6800
6749	6801
6750	6802
6751	6803
6752	6804
6753	6805
6754	6806
6755	6807
6756	6808
6757	6809
6758	6810
6759	6811
6760	6812
6761	6813
6762	6814
6763	6815
6764	6816
6765	6817
6766	6818
6767	6819
6768	6820
6769	6821
6770	6822
6771	6823
6772	6824
6773	6825
6774	6826
6775	6827
6776	6828
6777	6829
6778	6830
6779	6831
6780	6832
6781	6833
6782	6834
6783	6835
6784	6836
6785	6837
6786	6838
6787	6839
6788	6840
6789	6841
6790	6842
6791	6843
6792	6844
6793	6845
6794	6846
6795	6847
6796	6848
6797	6849
6798	6850
6799	6851
6800	6852
6801	6853
6802	6854
6803	6855
6804	6856
6805	6857
6806	6858
6807	6859
6808	6860
6809	6861
6810	6862
6811	6863
6812	6864
6813	6865
6814	6866
6815	6867
6816	6868
6817	6869
6818	6870
6819	6871
6820	6872
6821	6873
6822	6874
6823	6875
6824	6876
6825	6877
6826	6878
6827	6879
6828	6880
6829	6881
6830	6882
6831	6883
6832	6884
6833	6885
6834	6886
6835	6887
6836	6888
6837	6889
6838	6890
6839	6891
6840	6892
6841	6893
6842	6894
6843	6895
6844	6896
6845	6897
6846	6898
6847	6899
6848	6900
6849	6901
6850	6902
6851	6903
6852	6904
6853	6905
6854	6906
6855	6907
6856	6908
6857	6909
6858	6910
6859	6911
6860	6912
6861	6913
6862	6914
6863	6915
6864	6916
6865	6917
6866	6918
6867	6919
6868	6920
6869	6921
6870	6922
6871	6923
6872	6924
6873	6925
6874	6926
6875	6927
6876	6928
6877	6929
6878	6930
6879	6931
6880	6932
6881	6933
6882	6934
6883	6935
6884	6936
6885	6937
6886	6938
6887	6939
6888	6940
6889	6941
6890	6942
6891	6943
6892	6944
6893	6945
6894	6946
6895	6947
6896	6948
6897	6949
6898	6950
6899	6951
6900	6952
6901	6953
6902	6954
6903	6955
6904	6956
6905	6957
6906	6958
6907	6959
6908	6960
6909	6961
6910	6962
6911	6963
6912	6964
6913	6965
6914	6966
6915	6967
6916	6968
6917	6969
6918	6970
6919	6971
6920	6972
6921	6973
6922	6974
6923	6975
6924	6976
6925	6977
6926	6978
6927	6979
6928	6980
6929	6981
6930	6982
6931	6983
6932	6984
6933	6985
6934	6986
6935	6987
6936	6988
6937	6989
6938	6990
6939	6991
6940	6992
6941	6993
6942	6994
6943	6995
6944	6996
6945	6997
6946	6998
6947	6999
6948	7000
6949	7001
6950	7002
6951	7003
6952	7004
6953	7005
6954	7006
6955	7007
6956	7008
6957	7009
6958	7010
6959	7011
6960	7012
6961	7013
6962	7014
6963	7015
6964	7016
6965	7017
6966	7018
6967	7019
6968	7020
6969	7021
6970	7022
6971	7023
6972	7024
6973	7025
6974	7026
6975	7027
6976	7028
6977	7029
6978	7030
6979	7031
6980	7032
6981	7033
6982	7034
6983	7035
6984	7036
6985	7037
6986	7038
6987	7039
6988	7040
6989	7041
6990	7042
6991	7043
6992	7044
6993	7045
6994	7046
6995	7047
6996	7048
6997	7049
6998	7050
6999	7051
7000	7052
7001	7053
7002	7054
7003	7055
7004	7056
7005	7057
7006	7058
7007	7059
7008	7060
7009	7061
7010	7062
7011	7063
7012	7064
7013	7065
7014	7066
7015	7067
7016	7068
7017	7069
7018	7070
7019	7071
7020	7072
7021	7073
7022	7074
7023	7075
7024	7076
7025	7077
7026	7078
7027	7079
7028	7080
7029	7081
7030	7082
7031	7083
7032	7084
7033	7085
7034	7086
7035	7087
7036	7088
7037	7089
7038	7090
7039	7091
7040	7092
7041	7093
7042	7094
7043	7095
7044	7096
