1	233
2	234
3	235
4	236
5	387
6	388
7	389
8	390
9	391
10	392
11	862
12	863
13	864
14	865
15	866
16	867
17	5177
18	5178
19	5179
20	5180
21	5181
22	5182
23	5183
24	5184
25	5185
26	6453
27	6454
28	6455
29	6456
30	6457
31	6458
32	6459
33	6460
34	6461
35	6462
36	6463
37	6464
38	6465
39	6466
40	6467
41	6468
42	6469
43	6470
44	6471
45	6472
46	6473
47	6474
48	6475
49	6476
50	6477
51	6478
52	6479
53	6480
54	6481
55	6482
56	6483
57	6484
58	6485
59	6486
60	6487
61	6488
62	6489
63	6490
64	6491
65	6492
66	6493
67	6494
68	6495
69	6496
70	6497
71	6498
72	6499
73	6500
74	6501
75	6502
76	6503
77	6504
78	6505
79	6506
80	6507
81	6508
82	6509
83	6510
84	6511
85	6512
86	6513
87	6514
88	6515
89	6516
90	6517
91	6518
92	6519
93	6520
94	6521
95	6522
96	6523
97	6524
98	6525
99	6526
100	6527
101	6528
102	6529
103	6530
104	6531
105	6532
106	6533
107	6534
108	6535
109	6536
110	6537
111	6538
112	6539
113	6540
114	6541
115	6542
116	6543
117	6544
118	6545
119	6546
120	6547
121	6548
122	6549
123	6550
124	6551
125	6552
126	6553
127	6554
128	6555
129	6556
130	6557
131	6558
132	6559
133	6560
134	6561
135	6562
136	6563
137	6564
138	6565
139	6566
140	6567
141	6568
142	6569
143	6570
144	6571
145	6572
146	6573
147	6574
148	6575
149	6576
150	6577
151	6578
152	6579
153	6580
154	6581
155	6582
156	6583
157	6584
158	6585
159	6586
160	6587
161	6588
162	6589
163	6590
164	6591
165	6592
166	6593
167	6594
168	6595
169	6596
170	6597
171	6598
172	6599
173	6600
174	6601
175	6602
176	6603
177	6604
178	6605
179	6606
180	6607
181	6608
182	6609
183	6610
184	6611
185	6612
186	6613
187	6614
188	6615
189	6616
190	6617
191	6618
192	6619
193	6620
194	6621
195	6622
196	6623
197	6624
198	6625
199	6626
200	6627
201	6628
202	6629
203	6630
204	6631
205	6632
206	6633
207	6634
208	6635
209	6636
210	6637
211	6638
212	6639
213	6640
214	6641
215	6642
216	6643
217	6644
218	6645
219	6646
220	6647
221	6648
222	6649
223	6650
224	6651
225	6652
226	6653
227	6654
228	6655
229	6656
230	6657
231	6658
232	6659
233	6660
234	6661
235	6662
236	6663
237	6664
238	6665
239	6666
240	6667
241	6668
242	6669
243	6670
244	6671
245	6672
246	6673
247	6674
248	6675
249	6676
250	6677
251	6678
252	6679
253	6680
254	6681
255	6682
256	6683
257	6684
258	6685
259	6686
260	6687
261	6688
262	6689
263	6690
264	6691
265	6692
266	6693
267	6694
268	6695
269	6696
270	6697
271	6698
272	6699
273	6700
274	6701
275	6702
276	6703
277	6704
278	6705
279	6706
280	6707
281	6708
282	6709
283	6710
284	6711
285	6712
286	6713
287	6714
288	6715
289	6716
290	6717
291	6718
292	6719
293	6720
294	6721
295	6722
296	6723
297	6724
298	6725
299	6726
300	6727
301	6728
302	6729
303	6730
304	6731
305	6732
306	6733
307	6734
308	6735
309	6736
310	6737
311	6738
312	6739
313	6740
314	6741
315	6742
316	6743
317	6744
318	6745
319	6746
320	6747
321	6748
322	6749
323	6750
324	6751
325	6752
326	6753
327	6754
328	6755
329	6756
330	6757
331	6758
332	6759
333	6760
334	6761
335	6762
336	6763
337	6764
338	6765
339	6766
340	6767
341	6768
342	6769
343	6770
344	6771
345	6772
346	6773
347	6774
348	6775
349	6776
350	6777
351	6778
352	6779
353	6780
354	6781
355	6782
356	6783
357	6784
358	6785
359	6786
360	6787
361	6788
362	6789
363	6790
364	6791
365	6792
366	6793
367	6794
368	6795
369	6796
370	6797
371	6798
