1	527
2	528
3	529
4	530
5	531
6	532
7	533
8	534
9	535
10	536
11	537
12	538
13	539
14	540
15	541
16	542
17	543
18	544
19	545
20	546
21	547
22	548
23	549
24	550
25	551
26	552
27	553
28	554
29	555
30	556
31	557
32	558
33	559
34	560
35	561
36	562
37	563
38	564
39	565
40	566
41	567
42	568
43	569
44	570
45	571
46	572
47	573
48	574
49	575
50	576
51	577
52	578
53	579
54	580
55	581
56	582
57	583
58	584
59	585
60	586
61	587
62	588
63	589
64	590
65	591
66	592
67	593
68	594
69	595
70	596
71	597
72	598
73	599
74	600
75	601
76	602
77	603
78	604
79	605
80	606
81	607
82	608
83	609
84	610
85	611
86	612
87	613
88	614
89	615
90	616
91	617
92	618
93	619
94	620
95	621
96	622
97	623
98	624
99	625
100	626
101	627
102	628
103	629
104	630
105	631
106	632
107	633
108	634
109	635
110	636
111	637
112	638
113	639
114	640
115	641
116	642
117	643
118	644
119	645
120	646
121	647
122	648
123	649
124	650
125	651
126	652
127	653
128	654
129	655
130	656
131	657
132	658
133	659
134	660
135	661
136	662
137	663
138	664
139	665
140	666
141	667
142	668
143	669
144	670
145	671
146	672
147	673
148	674
149	675
150	676
151	677
152	678
153	679
154	680
155	681
156	682
157	683
158	684
159	685
160	686
161	687
162	688
163	689
164	690
165	691
166	692
167	693
168	694
169	695
170	696
171	697
172	698
173	699
174	700
175	701
176	702
177	703
178	704
179	705
180	706
181	707
182	708
183	709
184	710
185	711
186	712
187	713
188	714
189	715
190	716
191	717
192	718
193	719
194	720
195	721
196	722
197	723
198	724
199	725
200	726
201	727
202	728
203	729
204	730
205	731
206	732
207	733
208	734
209	735
210	736
211	737
212	738
213	739
214	740
215	741
216	742
217	743
218	744
219	745
220	746
221	747
222	748
223	749
224	750
225	751
226	752
227	753
228	754
229	755
230	756
231	757
232	758
233	759
234	760
235	761
236	762
237	763
238	764
239	765
240	766
241	767
242	768
243	769
244	770
245	771
246	772
247	773
248	774
249	775
250	776
251	777
252	778
253	779
254	780
255	781
256	782
257	783
258	784
259	785
260	786
261	787
262	788
263	789
264	790
265	791
266	792
267	793
268	794
269	795
