1	520
2	521
3	522
4	523
5	524
6	525
7	526
8	527
9	528
10	529
11	530
12	531
13	532
14	533
15	534
16	535
17	536
18	537
19	538
20	539
21	540
22	541
23	542
24	543
25	544
26	545
27	546
28	547
29	548
30	549
31	550
32	551
33	552
34	553
35	554
36	555
37	556
38	557
39	558
40	559
41	560
42	561
43	562
44	563
45	564
46	565
47	566
48	567
49	568
50	569
51	570
52	571
53	572
54	573
55	574
56	575
57	576
58	577
59	578
60	579
61	580
62	581
63	582
64	583
65	584
66	585
67	586
68	587
69	588
70	589
71	590
72	591
73	592
74	593
75	594
76	595
77	596
78	597
79	598
80	599
81	600
82	601
83	602
84	603
85	604
86	605
87	606
88	607
89	608
90	609
91	610
92	611
93	612
94	613
95	614
