1	27
2	28
3	29
4	30
5	31
6	32
7	33
8	34
9	35
10	36
11	37
12	38
13	39
14	40
15	41
16	42
17	43
18	44
19	45
20	46
21	47
22	48
23	49
24	50
25	51
26	52
27	53
28	54
29	55
30	56
31	57
32	58
33	59
34	60
35	61
36	62
37	63
38	64
39	65
40	66
41	67
42	68
43	69
44	70
45	71
46	72
47	73
48	74
49	75
50	76
51	77
52	78
53	79
54	80
55	81
56	82
57	83
58	84
59	85
60	86
61	87
62	88
63	89
64	90
65	91
66	92
67	93
68	94
69	95
70	96
71	97
72	98
73	99
74	100
75	101
76	102
77	103
78	104
79	105
80	106
81	107
82	108
83	109
84	110
85	111
86	112
87	113
88	114
89	115
90	116
91	117
92	118
93	119
94	120
95	121
96	122
97	123
98	124
99	125
100	126
101	127
102	128
103	129
104	130
105	131
106	132
107	133
108	134
109	135
110	136
111	137
112	138
113	139
114	140
115	141
116	142
117	143
118	144
119	145
120	146
121	147
122	148
123	149
124	150
125	151
126	152
127	153
128	154
129	155
130	156
131	157
132	158
133	159
134	160
135	161
136	162
137	163
138	164
139	165
140	166
141	167
142	168
143	169
144	170
145	171
146	172
147	173
148	174
149	175
150	176
151	177
152	178
153	179
154	180
155	181
156	182
157	183
158	184
159	185
160	186
161	187
162	188
163	189
164	190
165	191
166	192
167	193
168	194
169	195
170	196
171	197
172	198
173	199
174	200
175	201
176	202
177	203
178	204
179	205
180	206
181	207
182	208
183	209
184	210
185	211
186	212
187	213
188	214
189	215
190	216
191	217
192	218
193	219
194	220
195	221
196	222
197	223
198	224
199	225
200	226
201	227
202	228
203	229
204	230
205	231
206	232
207	233
208	234
209	235
210	236
211	237
212	238
213	239
214	240
215	241
216	242
217	243
218	244
219	245
220	246
221	247
222	248
223	249
224	250
225	251
226	252
227	253
228	254
229	255
230	256
231	257
232	258
233	259
234	260
235	261
236	262
237	263
238	264
239	265
240	266
241	267
242	268
243	269
244	270
245	271
246	272
247	273
248	274
249	275
250	276
251	277
252	278
253	279
254	280
255	281
256	282
257	283
258	284
259	285
260	286
261	287
262	288
263	289
264	290
265	291
266	292
267	293
268	294
269	295
270	296
271	297
272	298
273	299
274	300
275	301
276	302
277	303
278	304
279	305
280	306
281	307
282	308
283	309
284	310
285	311
286	312
287	313
288	314
289	315
290	316
291	317
292	318
293	319
294	320
295	321
296	322
297	323
298	324
299	325
300	326
301	327
302	328
303	329
304	330
305	331
306	332
307	333
308	334
309	335
310	336
311	337
312	338
313	339
314	340
315	341
316	342
317	343
318	344
319	345
320	346
321	347
322	348
323	349
324	350
325	351
326	352
327	353
328	354
329	355
330	356
331	357
332	358
333	359
334	360
335	361
336	362
337	363
338	364
339	365
340	366
341	367
342	368
343	369
344	370
345	371
346	372
347	373
348	374
349	375
350	376
351	377
352	378
353	379
354	380
355	381
356	382
357	383
358	384
359	385
360	386
361	387
362	388
363	389
364	390
365	391
366	392
367	393
368	394
369	395
370	396
371	397
372	398
373	399
374	400
375	401
376	402
377	403
378	404
379	405
380	406
381	407
382	408
383	409
384	410
385	411
386	412
387	413
388	414
389	415
390	416
391	417
392	418
393	419
394	420
395	421
396	422
397	423
398	424
399	425
400	426
401	427
402	428
403	429
404	430
405	431
406	432
407	433
408	434
409	435
410	436
411	437
412	438
413	439
414	440
415	441
416	442
417	443
418	444
419	445
420	446
421	447
422	448
423	449
424	450
425	451
426	452
427	453
428	454
429	455
430	456
431	457
432	458
433	459
434	460
435	461
436	462
437	463
438	464
439	465
440	466
441	467
442	468
443	469
444	470
445	471
446	472
447	473
448	474
449	475
450	476
451	477
452	478
453	479
454	480
455	481
456	482
457	483
458	484
459	485
460	486
461	487
462	488
463	489
464	490
465	491
466	492
467	493
468	494
469	495
470	496
471	497
472	498
473	499
474	500
475	501
476	502
477	503
478	504
479	505
480	506
481	507
482	508
483	509
484	510
485	511
486	512
487	513
488	514
489	515
490	516
491	517
492	518
493	519
494	520
495	521
496	522
497	523
498	524
499	525
500	526
501	527
502	528
503	529
504	530
505	531
506	532
507	533
508	534
509	535
510	536
511	537
512	538
513	539
514	540
515	541
516	542
517	543
518	544
519	545
520	546
521	547
522	548
523	549
524	550
525	551
526	552
527	553
528	554
529	555
530	556
531	557
532	558
533	559
534	560
535	561
536	562
537	563
538	564
539	565
540	566
541	567
542	568
543	569
544	570
545	571
546	572
547	573
548	574
549	575
550	576
551	577
552	578
553	579
554	580
555	581
556	582
557	583
558	584
559	585
560	586
561	587
562	588
563	589
564	590
565	591
566	592
567	593
568	594
569	595
570	596
571	597
572	598
573	599
574	600
575	601
576	602
577	603
578	604
579	605
580	606
581	607
582	608
583	609
584	610
585	611
586	612
587	613
588	614
589	615
590	616
591	617
592	618
593	619
594	620
595	621
596	622
597	623
598	624
599	625
600	626
601	627
602	628
603	629
604	630
605	631
606	632
607	633
608	634
609	635
610	636
611	637
612	638
613	639
614	640
615	641
616	642
617	643
618	644
619	645
620	646
621	647
622	648
623	649
624	650
625	651
626	652
627	653
628	654
629	655
630	656
631	657
632	658
633	659
634	660
635	661
636	662
637	663
638	664
639	665
640	666
641	667
642	668
643	669
644	670
645	671
646	672
647	673
648	674
649	675
650	676
651	677
652	678
653	679
654	680
655	681
656	682
657	683
658	684
659	685
660	686
661	687
662	688
663	689
664	690
665	691
666	692
667	693
668	694
669	695
670	696
671	697
672	698
673	699
674	700
675	701
676	702
677	703
678	704
679	705
680	706
681	707
682	708
683	709
684	710
685	711
686	712
687	713
688	714
689	715
690	716
691	717
692	718
693	719
694	720
695	721
696	722
697	723
698	724
699	725
700	726
701	727
702	728
703	729
704	730
705	731
706	732
707	733
708	734
709	735
710	736
711	737
712	738
713	739
714	740
715	741
716	742
717	743
718	744
719	745
720	746
721	747
722	748
723	749
724	750
725	751
726	752
727	753
728	754
729	755
730	756
731	757
732	758
733	759
734	760
735	761
736	762
737	763
738	764
739	765
740	766
741	767
742	768
743	769
744	770
745	771
746	772
747	773
748	774
749	775
750	776
751	777
752	778
753	779
754	780
755	781
756	782
757	783
758	784
759	785
760	786
761	787
762	788
763	789
764	790
765	791
766	792
767	793
768	794
769	795
770	796
771	797
772	798
773	799
774	800
775	801
776	802
777	803
778	804
779	805
780	806
781	807
782	808
783	809
784	810
785	811
786	812
787	813
788	814
789	815
790	816
791	817
792	818
793	819
794	820
795	821
796	822
797	823
798	824
799	825
800	826
801	827
802	828
803	829
804	830
805	831
806	832
807	833
808	834
809	835
810	836
811	837
812	838
813	839
814	840
815	841
816	842
817	843
818	844
819	845
820	846
821	847
822	848
823	849
824	850
825	851
826	852
827	853
828	854
829	855
830	856
831	857
832	858
833	859
834	860
835	861
836	862
837	863
838	864
839	865
840	866
841	867
842	868
843	869
844	870
845	871
846	872
847	873
848	874
849	875
850	876
851	877
852	878
853	879
854	880
855	881
856	882
857	883
858	884
859	885
860	886
861	887
862	888
863	889
864	890
865	891
866	892
867	893
868	894
869	895
870	896
871	897
872	898
873	899
874	900
875	901
876	902
877	903
878	904
879	905
880	906
881	907
882	908
883	909
884	910
885	911
886	912
887	913
888	914
889	915
890	916
891	917
892	918
893	919
894	920
895	921
896	922
897	923
898	924
899	925
900	926
901	927
902	928
903	929
904	930
905	931
906	932
907	933
908	934
909	935
910	936
911	937
912	938
913	939
914	940
915	941
916	942
917	943
918	944
919	945
920	946
921	947
922	948
923	949
924	950
925	951
926	952
927	953
928	954
929	955
930	956
931	957
932	958
933	959
934	960
935	961
936	962
937	963
938	964
939	965
940	966
941	967
942	968
943	969
944	970
945	971
946	972
947	973
948	974
949	975
950	976
951	977
952	978
953	979
954	980
955	981
956	982
957	983
958	984
959	985
960	986
961	987
962	988
963	989
964	990
965	991
966	992
967	993
968	994
969	995
970	996
971	997
972	998
973	999
974	1000
975	1001
976	1002
977	1003
978	1004
979	1005
980	1006
981	1007
982	1008
983	1009
984	1010
985	1011
986	1012
987	1013
988	1014
989	1015
990	1016
991	1017
992	1018
993	1019
994	1020
995	1021
996	1022
997	1023
998	1024
999	1025
1000	1026
1001	1027
1002	1028
1003	1029
1004	1030
1005	1031
1006	1032
1007	1033
1008	1034
1009	1035
1010	1036
1011	1037
1012	1038
1013	1039
1014	1040
1015	1041
1016	1042
1017	1043
1018	1044
1019	1045
1020	1046
1021	1047
1022	1048
1023	1049
1024	1050
1025	1051
1026	1052
1027	1053
1028	1054
1029	1055
1030	1056
1031	1057
1032	1058
1033	1059
1034	1060
1035	1061
1036	1062
1037	1063
1038	1064
1039	1065
1040	1066
1041	1067
1042	1068
1043	1069
1044	1070
1045	1071
1046	1072
1047	1073
1048	1074
1049	1075
1050	1076
1051	1077
1052	1078
1053	1079
1054	1080
1055	1081
1056	1082
1057	1083
1058	1084
1059	1085
1060	1086
1061	1087
1062	1088
1063	1089
1064	1090
1065	1091
1066	1092
1067	1093
1068	1094
1069	1095
1070	1096
1071	1097
1072	1098
1073	1099
1074	1100
1075	1101
1076	1102
1077	1103
1078	1104
1079	1105
1080	1106
1081	1107
1082	1108
1083	1109
1084	1110
1085	1111
1086	1112
1087	1113
1088	1114
1089	1115
1090	1116
1091	1117
1092	1118
1093	1119
1094	1120
1095	1121
1096	1122
1097	1123
1098	1124
1099	1125
1100	1126
1101	1127
1102	1128
1103	1129
1104	1130
1105	1131
1106	1132
1107	1133
1108	1134
1109	1135
1110	1136
1111	1137
1112	1138
1113	1139
1114	1140
1115	1141
1116	1142
1117	1143
1118	1144
1119	1145
1120	1146
1121	1147
1122	1148
1123	1149
1124	1150
1125	1151
1126	1152
1127	1153
1128	1154
1129	1155
1130	1156
1131	1157
1132	1158
1133	1159
1134	1160
1135	1161
1136	1162
1137	1163
1138	1164
1139	1165
1140	1166
1141	1167
1142	1168
1143	1169
1144	1170
1145	1171
1146	1172
1147	1173
1148	1174
1149	1175
1150	1176
1151	1177
1152	1178
1153	1179
1154	1180
1155	1181
1156	1182
1157	1183
1158	1184
1159	1185
1160	1186
1161	1187
1162	1188
1163	1189
1164	1190
1165	1191
1166	1192
1167	1193
1168	1194
1169	1195
1170	1196
1171	1197
1172	1198
1173	1199
1174	1200
1175	1201
1176	1202
1177	1203
1178	1204
1179	1205
1180	1206
1181	1207
1182	1208
1183	1209
1184	1210
1185	1211
1186	1212
1187	1213
1188	1214
1189	1215
1190	1216
1191	1217
1192	1218
1193	1219
1194	1220
1195	1221
1196	1222
1197	1223
1198	1224
1199	1225
1200	1226
1201	1227
1202	1228
1203	1229
1204	1230
1205	1231
1206	1232
1207	1233
1208	1234
1209	1235
1210	1236
1211	1237
1212	1238
1213	1239
1214	1240
1215	1241
1216	1242
1217	1243
1218	1244
1219	1245
1220	1246
1221	1247
1222	1248
1223	1249
1224	1250
1225	1251
1226	1252
1227	1253
1228	1254
1229	1255
1230	1256
1231	1257
1232	1258
1233	1259
1234	1260
1235	1261
1236	1262
1237	1263
1238	1264
1239	1265
1240	1266
1241	1267
1242	1268
1243	1269
1244	1270
1245	1271
1246	1272
1247	1273
1248	1274
1249	1275
1250	1276
1251	1277
1252	1278
1253	1279
1254	1280
1255	1281
1256	1282
1257	1283
1258	1284
1259	1285
1260	1286
1261	1287
1262	1288
1263	1289
1264	1290
1265	1291
1266	1292
1267	1293
1268	1294
1269	1295
1270	1296
1271	1297
1272	1298
1273	1299
1274	1300
1275	1301
1276	1302
1277	1303
1278	1304
1279	1305
1280	1306
1281	1307
1282	1308
1283	1309
1284	1310
1285	1311
1286	1312
1287	1313
1288	1314
1289	1315
1290	1316
1291	1317
1292	1318
1293	1319
1294	1320
1295	1321
1296	1322
1297	1323
1298	1324
1299	1325
1300	1326
1301	1327
1302	1328
1303	1329
1304	1330
1305	1331
1306	1332
1307	1333
1308	1334
1309	1335
1310	1336
1311	1337
1312	1338
1313	1339
1314	1340
1315	1341
1316	1342
1317	1343
1318	1344
1319	1345
1320	1346
1321	1347
1322	1348
1323	1349
1324	1350
1325	1351
1326	1352
1327	1353
1328	1354
1329	1355
1330	1356
1331	1357
1332	1358
1333	1359
1334	1360
1335	1361
1336	1362
1337	1363
1338	1364
1339	1365
1340	1366
1341	1367
1342	1368
1343	1369
1344	1370
1345	1371
1346	1372
1347	1373
1348	1374
1349	1375
1350	1376
1351	1377
1352	1378
1353	1379
1354	1380
1355	1381
1356	1382
1357	1383
1358	1384
1359	1385
1360	1386
1361	1387
1362	1388
1363	1389
1364	1390
1365	1391
1366	1392
1367	1393
1368	1394
1369	1395
1370	1396
1371	1397
1372	1398
1373	1399
1374	1400
1375	1401
1376	1402
1377	1403
1378	1404
1379	1405
1380	1406
1381	1407
1382	1408
1383	1409
1384	1410
1385	1411
1386	1412
1387	1413
1388	1414
1389	1415
1390	1416
1391	1417
1392	1418
1393	1419
1394	1420
1395	1421
1396	1422
1397	1423
1398	1424
1399	1425
1400	1426
1401	1427
1402	1428
1403	1429
1404	1430
1405	1431
1406	1432
1407	1433
1408	1434
1409	1435
1410	1436
1411	1437
1412	1438
1413	1439
1414	1440
1415	1441
1416	1442
1417	1443
1418	1444
1419	1445
1420	1446
1421	1447
1422	1448
1423	1449
1424	1450
1425	1451
1426	1452
1427	1453
1428	1454
1429	1455
1430	1456
1431	1457
1432	1458
1433	1459
1434	1460
1435	1461
1436	1462
1437	1463
1438	1464
1439	1465
1440	1466
1441	1467
1442	1468
1443	1469
1444	1470
1445	1471
1446	1472
1447	1473
1448	1474
1449	1475
1450	1476
1451	1477
1452	1478
1453	1479
1454	1480
1455	1481
1456	1482
1457	1483
1458	1484
1459	1485
1460	1486
1461	1487
1462	1488
1463	1489
1464	1490
1465	1491
1466	1492
1467	1493
1468	1494
1469	1495
1470	1496
1471	1497
1472	1498
1473	1499
1474	1500
1475	1501
1476	1502
1477	1503
1478	1504
1479	1505
1480	1506
1481	1507
1482	1508
1483	1509
1484	1510
1485	1511
1486	1512
1487	1513
1488	1514
1489	1515
1490	1516
1491	1517
1492	1518
1493	1519
1494	1520
1495	1521
1496	1522
1497	1523
1498	1524
1499	1525
1500	1526
1501	1527
1502	1528
1503	1529
1504	1530
1505	1531
1506	1532
1507	1533
1508	1534
1509	1535
1510	1536
1511	1537
1512	1538
1513	1539
1514	1540
1515	1541
1516	1542
1517	1543
1518	1544
1519	1545
1520	1546
1521	1547
1522	1548
1523	1549
1524	1550
1525	1551
1526	1552
1527	1553
1528	1554
1529	1555
1530	1556
1531	1557
1532	1558
1533	1559
1534	1560
1535	1561
1536	1562
1537	1563
1538	1564
1539	1565
1540	1566
1541	1567
1542	1568
1543	1569
1544	1570
1545	1571
1546	1572
1547	1573
1548	1574
1549	1575
1550	1576
1551	1577
1552	1578
1553	1579
1554	1580
1555	1581
1556	1582
1557	1583
1558	1584
1559	1585
1560	1586
1561	1587
1562	1588
1563	1589
1564	1590
1565	1591
1566	1592
1567	1593
1568	1594
1569	1595
1570	1596
1571	1597
1572	1598
1573	1599
1574	1600
1575	1601
1576	1602
1577	1603
1578	1604
1579	1605
1580	1606
1581	1607
1582	1608
1583	1609
1584	1610
1585	1611
1586	1612
1587	1613
1588	1614
1589	1615
1590	1616
1591	1617
1592	1618
1593	1619
1594	1620
1595	1621
1596	1622
1597	1623
1598	1624
1599	1625
1600	1626
1601	1627
1602	1628
1603	1629
1604	1630
1605	1631
1606	1632
1607	1633
1608	1634
1609	1635
1610	1636
1611	1637
1612	1638
1613	1639
1614	1640
1615	1641
1616	1642
1617	1643
1618	1644
1619	1645
1620	1646
1621	1647
1622	1648
1623	1649
1624	1650
1625	1651
1626	1652
1627	1653
1628	1654
1629	1655
1630	1656
1631	1657
1632	1658
1633	1659
1634	1660
1635	1661
1636	1662
1637	1663
1638	1664
1639	1665
1640	1666
1641	1667
1642	1668
1643	1669
1644	1670
1645	1671
1646	1672
1647	1673
1648	1674
1649	1675
1650	1676
1651	1677
1652	1678
1653	1679
1654	1680
1655	1681
1656	1682
1657	1683
1658	1684
1659	1685
1660	1686
1661	1687
1662	1688
1663	1689
1664	1690
1665	1691
1666	1692
1667	1693
1668	1694
1669	1695
1670	1696
1671	1697
1672	1698
1673	1699
1674	1700
1675	1701
1676	1702
1677	1703
1678	1704
1679	1705
1680	1706
1681	1707
1682	1708
1683	1709
1684	1710
1685	1711
1686	1712
1687	1713
1688	1714
1689	1715
1690	1716
1691	1717
1692	1718
1693	1719
1694	1720
1695	1721
1696	1722
1697	1723
1698	1724
1699	1725
1700	1726
1701	1727
1702	1728
1703	1729
1704	1730
1705	1731
1706	1732
1707	1733
1708	1734
1709	1735
1710	1736
1711	1737
1712	1738
1713	1739
1714	1740
1715	1741
1716	1742
1717	1743
1718	1744
1719	1745
1720	1746
1721	1747
1722	1748
1723	1749
1724	1750
1725	1751
1726	1752
1727	1753
1728	1754
1729	1755
1730	1756
1731	1757
1732	1758
1733	1759
1734	1760
1735	1761
1736	1762
1737	1763
1738	1764
1739	1765
1740	1766
1741	1767
1742	1768
1743	1769
1744	1770
1745	1771
1746	1772
1747	1773
1748	1774
1749	1775
1750	1776
1751	1777
1752	1778
1753	1779
1754	1780
1755	1781
1756	1782
1757	1783
1758	1784
1759	1785
1760	1786
1761	1787
1762	1788
1763	1789
1764	1790
1765	1791
1766	1792
1767	1793
1768	1794
1769	1795
1770	1796
1771	1797
1772	1798
1773	1799
1774	1800
1775	1801
1776	1802
1777	1803
1778	1804
1779	1805
1780	1806
1781	1807
1782	1808
1783	1809
1784	1810
1785	1811
1786	1812
1787	1813
1788	1814
1789	1815
1790	1816
1791	1817
1792	1818
1793	1819
1794	1820
1795	1821
1796	1822
1797	1823
1798	1824
1799	1825
1800	1826
1801	1827
1802	1828
1803	1829
1804	1830
1805	1831
1806	1832
1807	1833
1808	1834
1809	1835
1810	1836
1811	1837
1812	1838
1813	1839
1814	1840
1815	1841
1816	1842
1817	1843
1818	1844
1819	1845
1820	1846
1821	1847
1822	1848
1823	1849
1824	1850
1825	1851
1826	1852
1827	1853
1828	1854
1829	1855
1830	1856
1831	1857
1832	1858
1833	1859
1834	1860
1835	1861
1836	1862
1837	1863
1838	1864
1839	1865
1840	1866
1841	1867
1842	1868
1843	1869
1844	1870
1845	1871
1846	1872
1847	1873
1848	1874
1849	1875
1850	1876
1851	1877
1852	1878
1853	1879
1854	1880
1855	1881
1856	1882
1857	1883
1858	1884
1859	1885
1860	1886
1861	1887
1862	1888
1863	1889
1864	1890
1865	1891
1866	1892
1867	1893
1868	1894
1869	1895
1870	1896
1871	1897
1872	1898
1873	1899
1874	1900
1875	1901
1876	1902
1877	1903
1878	1904
1879	1905
1880	1906
1881	1907
1882	1908
1883	1909
1884	1910
1885	1911
1886	1912
1887	1913
1888	1914
1889	1915
1890	1916
1891	1917
1892	1918
1893	1919
1894	1920
1895	1921
1896	1922
1897	1923
1898	1924
1899	1925
1900	1926
1901	1927
1902	1928
1903	1929
1904	1930
1905	1931
1906	1932
1907	1933
1908	1934
1909	1935
1910	1936
1911	1937
1912	1938
1913	1939
1914	1940
1915	1941
1916	1942
1917	1943
1918	1944
1919	1945
1920	1946
1921	1947
1922	1948
1923	1949
1924	1950
1925	1951
1926	1952
1927	1953
1928	1954
1929	1955
1930	1956
1931	1957
1932	1958
1933	1959
1934	1960
1935	1961
1936	1962
1937	1963
1938	1964
1939	1965
1940	1966
1941	1967
1942	1968
1943	1969
1944	1970
1945	1971
1946	1972
1947	1973
1948	1974
1949	1975
1950	1976
1951	1977
1952	1978
1953	1979
1954	1980
1955	1981
1956	1982
1957	1983
1958	1984
1959	1985
1960	1986
1961	1987
1962	1988
1963	1989
1964	1990
1965	1991
1966	1992
1967	1993
1968	1994
1969	1995
1970	1996
1971	1997
1972	1998
1973	1999
1974	2000
1975	2001
1976	2002
1977	2003
1978	2004
1979	2005
1980	2006
1981	2007
1982	2008
1983	2009
1984	2010
1985	2011
1986	2012
1987	2013
1988	2014
1989	2015
1990	2016
1991	2017
1992	2018
1993	2019
1994	2020
1995	2021
1996	2022
1997	2023
1998	2024
1999	2025
2000	2026
2001	2027
2002	2028
2003	2029
2004	2030
2005	2031
2006	2032
2007	2033
2008	2034
2009	2035
2010	2036
2011	2037
2012	2038
2013	2039
2014	2040
2015	2041
2016	2042
2017	2043
2018	2044
2019	2045
2020	2046
2021	2047
2022	2048
2023	2049
2024	2050
2025	2051
2026	2052
2027	2053
2028	2054
2029	2055
2030	2056
2031	2057
2032	2058
2033	2059
2034	2060
2035	2061
2036	2062
2037	2063
2038	2064
2039	2065
2040	2066
2041	2067
2042	2068
2043	2069
2044	2070
2045	2071
2046	2072
2047	2073
2048	2074
2049	2075
2050	2076
2051	2077
2052	2078
2053	2079
2054	2080
2055	2081
2056	2082
2057	2083
2058	2084
2059	2085
2060	2086
2061	2087
2062	2088
2063	2089
2064	2090
2065	2091
2066	2092
2067	2093
2068	2094
2069	2095
2070	2096
2071	2097
2072	2098
2073	2099
2074	2100
2075	2101
2076	2102
2077	2103
2078	2104
2079	2105
2080	2106
2081	2107
2082	2108
2083	2109
2084	2110
2085	2111
2086	2112
2087	2113
2088	2114
2089	2115
2090	2116
2091	2117
2092	2118
2093	2119
2094	2120
2095	2121
2096	2122
2097	2123
2098	2124
2099	2125
2100	2126
2101	2127
2102	2128
2103	2129
2104	2130
2105	2131
2106	2132
2107	2133
2108	2134
2109	2135
2110	2136
2111	2137
2112	2138
2113	2139
2114	2140
2115	2141
2116	2142
2117	2143
2118	2144
2119	2145
2120	2146
2121	2147
2122	2148
2123	2149
2124	2150
2125	2151
2126	2152
2127	2153
2128	2154
2129	2155
2130	2156
2131	2157
2132	2158
2133	2159
2134	2160
2135	2161
2136	2162
2137	2163
2138	2164
2139	2165
2140	2166
2141	2167
2142	2168
2143	2169
2144	2170
2145	2171
2146	2172
2147	2173
2148	2174
2149	2175
2150	2176
2151	2177
2152	2178
2153	2179
2154	2180
2155	2181
2156	2182
2157	2183
2158	2184
2159	2185
2160	2186
2161	2187
2162	2188
2163	2189
2164	2190
2165	2191
2166	2192
2167	2193
2168	2194
2169	2195
2170	2196
2171	2197
2172	2198
2173	2199
2174	2200
2175	2201
2176	2202
2177	2203
2178	2204
2179	2205
2180	2206
2181	2207
2182	2208
2183	2209
2184	2210
2185	2211
2186	2212
2187	2213
2188	2214
2189	2215
2190	2216
2191	2217
2192	2218
2193	2219
2194	2220
2195	2221
2196	2222
2197	2223
2198	2224
2199	2225
2200	2226
2201	2227
2202	2228
2203	2229
2204	2230
2205	2231
2206	2232
2207	2233
2208	2234
2209	2235
2210	2236
2211	2237
2212	2238
2213	2239
2214	2240
2215	2241
2216	2242
2217	2243
2218	2244
2219	2245
2220	2246
2221	2247
2222	2248
2223	2249
2224	2250
2225	2251
2226	2252
2227	2253
2228	2254
2229	2255
2230	2256
2231	2257
2232	2258
2233	2259
2234	2260
2235	2261
2236	2262
2237	2263
2238	2264
2239	2265
2240	2266
2241	2267
2242	2268
2243	2269
2244	2270
2245	2271
2246	2272
2247	2273
2248	2274
2249	2275
2250	2276
2251	2277
2252	2278
2253	2279
2254	2280
2255	2281
2256	2282
2257	2283
2258	2284
2259	2285
2260	2286
2261	2287
2262	2288
2263	2289
2264	2290
2265	2291
2266	2292
2267	2293
2268	2294
2269	2295
2270	2296
2271	2297
2272	2298
2273	2299
2274	2300
2275	2301
2276	2302
2277	2303
2278	2304
2279	2305
2280	2306
2281	2307
2282	2308
2283	2309
2284	2310
2285	2311
2286	2312
2287	2313
2288	2314
2289	2315
2290	2316
2291	2317
2292	2318
2293	2319
2294	2320
2295	2321
2296	2322
2297	2323
2298	2324
2299	2325
2300	2326
2301	2327
2302	2328
2303	2329
2304	2330
2305	2331
2306	2332
2307	2333
2308	2334
2309	2335
2310	2336
2311	2337
2312	2338
2313	2339
2314	2340
2315	2341
2316	2342
2317	2343
2318	2344
2319	2345
2320	2346
2321	2347
2322	2348
2323	2349
2324	2350
2325	2351
2326	2352
2327	2353
2328	2354
2329	2355
2330	2356
2331	2357
2332	2358
2333	2359
2334	2360
2335	2361
2336	2362
2337	2363
2338	2364
2339	2365
2340	2366
2341	2367
2342	2368
2343	2369
2344	2370
2345	2371
2346	2372
2347	2373
2348	2374
2349	2375
2350	2376
2351	2377
2352	2378
2353	2379
2354	2380
2355	2381
2356	2382
2357	2383
2358	2384
2359	2385
2360	2386
2361	2387
2362	2388
2363	2389
2364	2390
2365	2391
2366	2392
2367	2393
2368	2394
2369	2395
2370	2396
2371	2397
2372	2398
2373	2399
2374	2400
2375	2401
2376	2402
2377	2403
2378	2404
2379	2405
2380	2406
2381	2407
2382	2408
2383	2409
2384	2410
2385	2411
2386	2412
2387	2413
2388	2414
2389	2415
2390	2416
2391	2417
2392	2418
2393	2419
2394	2420
2395	2421
2396	2422
2397	2423
2398	2424
2399	2425
2400	2426
2401	2427
2402	2428
2403	2429
2404	2430
2405	2431
2406	2432
2407	2433
2408	2434
2409	2435
2410	2436
2411	2437
2412	2438
2413	2439
2414	2440
2415	2441
2416	2442
2417	2443
2418	2444
2419	2445
2420	2446
2421	2447
2422	2448
2423	2449
2424	2450
2425	2451
2426	2452
2427	2453
2428	2454
2429	2455
2430	2456
2431	2457
2432	2458
2433	2459
2434	2460
2435	2461
2436	2462
2437	2463
2438	2464
2439	2465
2440	2466
2441	2467
2442	2468
2443	2469
2444	2470
2445	2471
2446	2472
2447	2473
2448	2474
2449	2475
2450	2476
2451	2477
2452	2478
2453	2479
2454	2480
2455	2481
2456	2482
2457	2483
2458	2484
2459	2485
2460	2486
2461	2487
2462	2488
2463	2489
2464	2490
2465	2491
2466	2492
2467	2493
2468	2494
2469	2495
2470	2496
2471	2497
2472	2498
2473	2499
2474	2500
2475	2501
2476	2502
2477	2503
2478	2504
2479	2505
2480	2506
2481	2507
2482	2508
2483	2509
2484	2510
2485	2511
2486	2512
2487	2513
2488	2514
2489	2515
2490	2516
2491	2517
2492	2518
2493	2519
2494	2520
2495	2521
2496	2522
2497	2523
2498	2524
2499	2525
2500	2526
2501	2527
2502	2528
2503	2529
2504	2530
2505	2531
2506	2532
2507	2533
2508	2534
2509	2535
2510	2536
2511	2537
2512	2538
2513	2539
2514	2540
2515	2541
2516	2542
2517	2543
2518	2544
2519	2545
2520	2546
2521	2547
2522	2548
2523	2549
2524	2550
2525	2551
2526	2552
2527	2553
2528	2554
2529	2555
2530	2556
2531	2557
2532	2558
2533	2559
2534	2560
2535	2561
2536	2562
2537	2563
2538	2564
2539	2565
2540	2566
2541	2567
2542	2568
2543	2569
2544	2570
2545	2571
2546	2572
2547	2573
2548	2574
2549	2575
2550	2576
2551	2577
2552	2578
2553	2579
2554	2580
2555	2581
2556	2582
2557	2583
2558	2584
2559	2585
2560	2586
2561	2587
2562	2588
2563	2589
2564	2590
2565	2591
2566	2592
2567	2593
2568	2594
2569	2595
2570	2596
2571	2597
2572	2598
2573	2599
2574	2600
2575	2601
2576	2602
2577	2603
2578	2604
2579	2605
2580	2606
2581	2607
2582	2608
2583	2609
2584	2610
2585	2611
2586	2612
2587	2613
2588	2614
2589	2615
2590	2616
2591	2617
2592	2618
2593	2619
2594	2620
2595	2621
2596	2622
2597	2623
2598	2624
2599	2625
2600	2626
2601	2627
2602	2628
2603	2629
2604	2630
2605	2631
2606	2632
2607	2633
2608	2634
2609	2635
2610	2636
2611	2637
2612	2638
2613	2639
2614	2640
2615	2641
2616	2642
2617	2643
2618	2644
2619	2645
2620	2646
2621	2647
2622	2648
2623	2649
2624	2650
2625	2651
2626	2652
2627	2653
2628	2654
2629	2655
2630	2656
2631	2657
2632	2658
2633	2659
2634	2660
2635	2661
2636	2662
2637	2663
2638	2664
2639	2665
2640	2666
2641	2667
2642	2668
2643	2669
2644	2670
2645	2671
2646	2672
2647	2673
2648	2674
2649	2675
2650	2676
2651	2677
2652	2678
2653	2679
2654	2680
2655	2681
2656	2682
2657	2683
2658	2684
2659	2685
2660	2686
2661	2687
2662	2688
2663	2689
2664	2690
2665	2691
2666	2692
2667	2693
2668	2694
2669	2695
2670	2696
2671	2697
2672	2698
2673	2699
2674	2700
2675	2701
2676	2702
2677	2703
2678	2704
2679	2705
2680	2706
2681	2707
2682	2708
2683	2709
2684	2710
2685	2711
2686	2712
2687	2713
2688	2714
2689	2715
2690	2716
2691	2717
2692	2718
2693	2719
2694	2720
2695	2721
2696	2722
2697	2723
2698	2724
2699	2725
2700	2726
2701	2727
2702	2728
2703	2729
2704	2730
2705	2731
2706	2732
2707	2733
2708	2734
2709	2735
2710	2736
2711	2737
2712	2738
2713	2739
2714	2740
2715	2741
2716	2742
2717	2743
2718	2744
2719	2745
2720	2746
2721	2747
2722	2748
2723	2749
2724	2750
2725	2751
2726	2752
2727	2753
2728	2754
2729	2755
2730	2756
2731	2757
2732	2758
2733	2759
2734	2760
2735	2761
2736	2762
2737	2763
2738	2764
2739	2765
2740	2766
2741	2767
2742	2768
2743	2769
2744	2770
2745	2771
2746	2772
2747	2773
2748	2774
2749	2775
2750	2776
2751	2777
2752	2778
2753	2779
2754	2780
2755	2781
2756	2782
2757	2783
2758	2784
2759	2785
2760	2786
2761	2787
2762	2788
2763	2789
2764	2790
2765	2791
2766	2792
2767	2793
2768	2794
2769	2795
2770	2796
2771	2797
2772	2798
2773	2799
2774	2800
2775	2801
2776	2802
2777	2803
2778	2804
2779	2805
2780	2806
2781	2807
2782	2808
2783	2809
2784	2810
2785	2811
2786	2812
2787	2813
2788	2814
2789	2815
2790	2816
2791	2817
2792	2818
2793	2819
2794	2820
2795	2821
2796	2822
2797	2823
2798	2824
2799	2825
2800	2826
2801	2827
2802	2828
2803	2829
2804	2830
2805	2831
2806	2832
2807	2833
2808	2834
2809	2835
2810	2836
2811	2837
2812	2838
2813	2839
2814	2840
2815	2841
2816	2842
2817	2843
2818	2844
2819	2845
2820	2846
2821	2847
2822	2848
2823	2849
2824	2850
2825	2851
2826	2852
2827	2853
2828	2854
2829	2855
2830	2856
2831	2857
2832	2858
2833	2859
2834	2860
2835	2861
2836	2862
2837	2863
2838	2864
2839	2865
2840	2866
2841	2867
2842	2868
2843	2869
2844	2870
2845	2871
2846	2872
2847	2873
2848	2874
2849	2875
2850	2876
2851	2877
2852	2878
2853	2879
2854	2880
2855	2881
2856	2882
2857	2883
2858	2884
2859	2885
2860	2886
2861	2887
2862	2888
2863	2889
2864	2890
2865	2891
2866	2892
2867	2893
2868	2894
2869	2895
2870	2896
2871	2897
2872	2898
2873	2899
2874	2900
2875	2901
2876	2902
2877	2903
2878	2904
2879	2905
2880	2906
2881	2907
2882	2908
2883	2909
2884	2910
2885	2911
2886	2912
2887	2913
2888	2914
2889	2915
2890	2916
2891	2917
2892	2918
2893	2919
2894	2920
2895	2921
2896	2922
2897	2923
2898	2924
2899	2925
2900	2926
2901	2927
2902	2928
2903	2929
2904	2930
2905	2931
2906	2932
2907	2933
2908	2934
2909	2935
2910	2936
2911	2937
2912	2938
2913	2939
2914	2940
2915	2941
2916	2942
2917	2943
2918	2944
2919	2945
2920	2946
2921	2947
2922	2948
2923	2949
2924	2950
2925	2951
2926	2952
2927	2953
2928	2954
2929	2955
2930	2956
2931	2957
2932	2958
2933	2959
2934	2960
2935	2961
2936	2962
2937	2963
2938	2964
2939	2965
2940	2966
2941	2967
2942	2968
2943	2969
2944	2970
2945	2971
2946	2972
2947	2973
2948	2974
2949	2975
2950	2976
2951	2977
2952	2978
2953	2979
2954	2980
2955	2981
2956	2982
2957	2983
2958	2984
2959	2985
2960	2986
2961	2987
2962	2988
2963	2989
2964	2990
2965	2991
2966	2992
2967	2993
2968	2994
2969	2995
2970	2996
2971	2997
2972	2998
2973	2999
2974	3000
2975	3001
2976	3002
2977	3003
2978	3004
2979	3005
2980	3006
2981	3007
2982	3008
2983	3009
2984	3010
2985	3011
2986	3012
2987	3013
2988	3014
2989	3015
2990	3016
2991	3017
2992	3018
2993	3019
2994	3020
2995	3021
2996	3022
2997	3023
2998	3024
2999	3025
3000	3026
3001	3027
3002	3028
3003	3029
3004	3030
3005	3031
3006	3032
3007	3033
3008	3034
3009	3035
3010	3036
3011	3037
3012	3038
3013	3039
3014	3040
3015	3041
3016	3042
3017	3043
3018	3044
3019	3045
3020	3046
3021	3047
3022	3048
3023	3049
3024	3050
3025	3051
3026	3052
3027	3053
3028	3054
3029	3055
3030	3056
3031	3057
3032	3058
3033	3059
3034	3060
3035	3061
3036	3062
3037	3063
3038	3064
3039	3065
3040	3066
3041	3067
3042	3068
3043	3069
3044	3070
3045	3071
3046	3072
3047	3073
3048	3074
3049	3075
3050	3076
3051	3077
3052	3078
3053	3079
3054	3080
3055	3081
3056	3082
3057	3083
3058	3084
3059	3085
3060	3086
3061	3087
3062	3088
3063	3089
3064	3090
3065	3091
3066	3092
3067	3093
3068	3094
3069	3095
3070	3096
3071	3097
3072	3098
3073	3099
3074	3100
3075	3101
3076	3102
3077	3103
3078	3104
3079	3105
3080	3106
3081	3107
3082	3108
3083	3109
3084	3110
3085	3111
3086	3112
3087	3113
3088	3114
3089	3115
3090	3116
3091	3117
3092	3118
3093	3119
3094	3120
3095	3121
3096	3122
3097	3123
3098	3124
3099	3125
3100	3126
3101	3127
3102	3128
3103	3129
3104	3130
3105	3131
3106	3132
3107	3133
3108	3134
3109	3135
3110	3136
3111	3137
3112	3138
3113	3139
3114	3140
3115	3141
3116	3142
3117	3143
3118	3144
3119	3145
3120	3146
3121	3147
3122	3148
3123	3149
3124	3150
3125	3151
3126	3152
3127	3153
3128	3154
3129	3155
3130	3156
3131	3157
3132	3158
3133	3159
3134	3160
3135	3161
3136	3162
3137	3163
3138	3164
3139	3165
3140	3166
3141	3167
3142	3168
3143	3169
3144	3170
3145	3171
3146	3172
3147	3173
3148	3174
3149	3175
3150	3176
3151	3177
3152	3178
3153	3179
3154	3180
3155	3181
3156	3182
3157	3183
3158	3184
3159	3185
3160	3186
3161	3187
3162	3188
3163	3189
3164	3190
3165	3191
3166	3192
3167	3193
3168	3194
3169	3195
3170	3196
3171	3197
3172	3198
3173	3199
3174	3200
3175	3201
3176	3202
3177	3203
3178	3204
3179	3205
3180	3206
3181	3207
3182	3208
3183	3209
3184	3210
3185	3211
3186	3212
3187	3213
3188	3214
3189	3215
3190	3216
3191	3217
3192	3218
3193	3219
3194	3220
3195	3221
3196	3222
3197	3223
3198	3224
3199	3225
3200	3226
3201	3227
3202	3228
3203	3229
3204	3230
3205	3231
3206	3232
3207	3233
3208	3234
3209	3235
3210	3236
3211	3237
3212	3238
3213	3239
3214	3240
3215	3241
3216	3242
3217	3243
3218	3244
3219	3245
3220	3246
3221	3247
3222	3248
3223	3249
3224	3250
3225	3251
3226	3252
3227	3253
3228	3254
3229	3255
3230	3256
3231	3257
3232	3258
3233	3259
3234	3260
3235	3261
3236	3262
3237	3263
3238	3264
3239	3265
3240	3266
3241	3267
3242	3268
3243	3269
3244	3270
3245	3271
3246	3272
3247	3273
3248	3274
3249	3275
3250	3276
3251	3277
3252	3278
3253	3279
3254	3280
3255	3281
3256	3282
3257	3283
3258	3284
3259	3285
3260	3286
3261	3287
3262	3288
3263	3289
3264	3290
3265	3291
3266	3292
3267	3293
3268	3294
3269	3295
3270	3296
3271	3297
3272	3298
3273	3299
3274	3300
3275	3301
3276	3302
3277	3303
3278	3304
3279	3305
3280	3306
3281	3307
3282	3308
3283	3309
3284	3310
3285	3311
3286	3312
3287	3313
3288	3314
3289	3315
3290	3316
3291	3317
3292	3318
3293	3319
3294	3320
3295	3321
3296	3322
3297	3323
3298	3324
3299	3325
3300	3326
3301	3327
3302	3328
3303	3329
3304	3330
3305	3331
3306	3332
3307	3333
3308	3334
3309	3335
3310	3336
3311	3337
3312	3338
3313	3339
3314	3340
3315	3341
3316	3342
3317	3343
3318	3344
3319	3345
3320	3346
3321	3347
3322	3348
3323	3349
3324	3350
3325	3351
3326	3352
3327	3353
3328	3354
3329	3355
3330	3356
3331	3357
3332	3358
3333	3359
3334	3360
3335	3361
3336	3362
3337	3363
3338	3364
3339	3365
3340	3366
3341	3367
3342	3368
3343	3369
3344	3370
3345	3371
3346	3372
3347	3373
3348	3374
3349	3375
3350	3376
3351	3377
3352	3378
3353	3379
3354	3380
3355	3381
3356	3382
3357	3383
3358	3384
3359	3385
3360	3386
3361	3387
3362	3388
3363	3389
3364	3390
3365	3391
3366	3392
3367	3393
3368	3394
3369	3395
3370	3396
3371	3397
3372	3398
3373	3399
3374	3400
3375	3401
3376	3402
3377	3403
3378	3404
3379	3405
3380	3406
3381	3407
3382	3408
3383	3409
3384	3410
3385	3411
3386	3412
3387	3413
3388	3414
3389	3415
3390	3416
3391	3417
3392	3418
3393	3419
3394	3420
3395	3421
3396	3422
3397	3423
3398	3424
3399	3425
3400	3426
3401	3427
3402	3428
3403	3429
3404	3430
3405	3431
3406	3432
3407	3433
3408	3434
3409	3435
3410	3436
3411	3437
3412	3438
3413	3439
3414	3440
3415	3441
3416	3442
3417	3443
3418	3444
3419	3445
3420	3446
3421	3447
3422	3448
3423	3449
3424	3450
3425	3451
3426	3452
3427	3453
3428	3454
3429	3455
3430	3456
3431	3457
3432	3458
3433	3459
3434	3460
3435	3461
3436	3462
3437	3463
3438	3464
3439	3465
3440	3466
3441	3467
3442	3468
3443	3469
3444	3470
3445	3471
3446	3472
3447	3473
3448	3474
3449	3475
3450	3476
3451	3477
3452	3478
3453	3479
3454	3480
3455	3481
3456	3482
3457	3483
3458	3484
3459	3485
3460	3486
3461	3487
3462	3488
3463	3489
3464	3490
3465	3491
3466	3492
3467	3493
3468	3494
3469	3495
3470	3496
3471	3497
3472	3498
3473	3499
3474	3500
3475	3501
3476	3502
3477	3503
3478	3504
3479	3505
3480	3506
3481	3507
3482	3508
3483	3509
3484	3510
3485	3511
3486	3512
3487	3513
3488	3514
3489	3515
3490	3516
3491	3517
3492	3518
3493	3519
3494	3520
3495	3521
3496	3522
3497	3523
3498	3524
3499	3525
3500	3526
3501	3527
3502	3528
3503	3529
3504	3530
3505	3531
3506	3532
3507	3533
3508	3534
3509	3535
3510	3536
3511	3537
3512	3538
3513	3539
3514	3540
3515	3541
3516	3542
3517	3543
3518	3544
3519	3545
3520	3546
3521	3547
3522	3548
3523	3549
3524	3550
3525	3551
3526	3552
3527	3553
3528	3554
3529	3555
3530	3556
3531	3557
3532	3558
3533	3559
3534	3560
3535	3561
3536	3562
3537	3563
3538	3564
3539	3565
3540	3566
3541	3567
3542	3568
3543	3569
3544	3570
3545	3571
3546	3572
3547	3573
3548	3574
3549	3575
3550	3576
3551	3577
3552	3578
3553	3579
3554	3580
3555	3581
3556	3582
3557	3583
3558	3584
3559	3585
3560	3586
3561	3587
3562	3588
3563	3589
3564	3590
3565	3591
3566	3592
3567	3593
3568	3594
3569	3595
3570	3596
3571	3597
3572	3598
3573	3599
3574	3600
3575	3601
3576	3602
3577	3603
3578	3604
3579	3605
3580	3606
3581	3607
3582	3608
3583	3609
3584	3610
3585	3611
3586	3612
3587	3613
3588	3614
3589	3615
3590	3616
3591	3617
3592	3618
3593	3619
3594	3620
3595	3621
3596	3622
3597	3623
3598	3624
3599	3625
3600	3626
3601	3627
3602	3628
3603	3629
3604	3630
3605	3631
3606	3632
3607	3633
3608	3634
3609	3635
3610	3636
3611	3637
3612	3638
3613	3639
3614	3640
3615	3641
3616	3642
3617	3643
3618	3644
3619	3645
3620	3646
3621	3647
3622	3648
3623	3649
3624	3650
3625	3651
3626	3652
3627	3653
3628	3654
3629	3655
3630	3656
3631	3657
3632	3658
3633	3659
3634	3660
3635	3661
3636	3662
3637	3663
3638	3664
3639	3665
3640	3666
3641	3667
3642	3668
3643	3669
3644	3670
3645	3671
3646	3672
3647	3673
3648	3674
3649	3675
3650	3676
3651	3677
3652	3678
3653	3679
3654	3680
3655	3681
3656	3682
3657	3683
3658	3684
3659	3685
3660	3686
3661	3687
3662	3688
3663	3689
3664	3690
3665	3691
3666	3692
3667	3693
3668	3694
3669	3695
3670	3696
3671	3697
3672	3698
3673	3699
3674	3700
3675	3701
3676	3702
3677	3703
3678	3704
3679	3705
3680	3706
3681	3707
3682	3708
3683	3709
3684	3710
3685	3711
3686	3712
3687	3713
3688	3714
3689	3715
3690	3716
3691	3717
3692	3718
3693	3719
3694	3720
3695	3721
3696	3722
3697	3723
3698	3724
3699	3725
3700	3726
3701	3727
3702	3728
3703	3729
3704	3730
3705	3731
3706	3732
3707	3733
3708	3734
3709	3735
3710	3736
3711	3737
3712	3738
3713	3739
3714	3740
3715	3741
3716	3742
3717	3743
3718	3744
3719	3745
3720	3746
3721	3747
3722	3748
3723	3749
3724	3750
3725	3751
3726	3752
3727	3753
3728	3754
3729	3755
3730	3756
3731	3757
3732	3758
3733	3759
3734	3760
3735	3761
3736	3762
3737	3763
3738	3764
3739	3765
3740	3766
3741	3767
3742	3768
3743	3769
3744	3770
3745	3771
3746	3772
3747	3773
3748	3774
3749	3775
3750	3776
3751	3777
3752	3778
3753	3779
3754	3780
3755	3781
3756	3782
3757	3783
3758	3784
3759	3785
3760	3786
3761	3787
3762	3788
3763	3789
3764	3790
3765	3791
3766	3792
3767	3793
3768	3794
3769	3795
3770	3796
3771	3797
3772	3798
3773	3799
3774	3800
3775	3801
3776	3802
3777	3803
3778	3804
3779	3805
3780	3806
3781	3807
3782	3808
3783	3809
3784	3810
3785	3811
3786	3812
3787	3813
3788	3814
3789	3815
3790	3816
3791	3817
3792	3818
3793	3819
3794	3820
3795	3821
3796	3822
3797	3823
3798	3824
3799	3825
3800	3826
3801	3827
3802	3828
3803	3829
3804	3830
3805	3831
3806	3832
3807	3833
3808	3834
3809	3835
3810	3836
3811	3837
3812	3838
3813	3839
3814	3840
3815	3841
3816	3842
3817	3843
3818	3844
3819	3845
3820	3846
3821	3847
3822	3848
3823	3849
3824	3850
3825	3851
3826	3852
3827	3853
3828	3854
3829	3855
3830	3856
3831	3857
3832	3858
3833	3859
3834	3860
3835	3861
3836	3862
3837	3863
3838	3864
3839	3865
3840	3866
3841	3867
3842	3868
3843	3869
3844	3870
3845	3871
3846	3872
3847	3873
3848	3874
3849	3875
3850	3876
3851	3877
3852	3878
3853	3879
3854	3880
3855	3881
3856	3882
3857	3883
3858	3884
3859	3885
3860	3886
3861	3887
3862	3888
3863	3889
3864	3890
3865	3891
3866	3892
3867	3893
3868	3894
3869	3895
3870	3896
3871	3897
3872	3898
3873	3899
3874	3900
3875	3901
3876	3902
3877	3903
3878	3904
3879	3905
3880	3906
3881	3907
3882	3908
3883	3909
3884	3910
3885	3911
3886	3912
3887	3913
3888	3914
3889	3915
3890	3916
3891	3917
3892	3918
3893	3919
3894	3920
3895	3921
3896	3922
3897	3923
3898	3924
3899	3925
3900	3926
3901	3927
3902	3928
3903	3929
3904	3930
3905	3931
3906	3932
3907	3933
3908	3934
3909	3935
3910	3936
3911	3937
3912	3938
3913	3939
3914	3940
3915	3941
3916	3942
3917	3943
3918	3944
3919	3945
3920	3946
3921	3947
3922	3948
3923	3949
3924	3950
3925	3951
3926	3952
3927	3953
3928	3954
3929	3955
3930	3956
3931	3957
3932	3958
3933	3959
3934	3960
3935	3961
3936	3962
3937	3963
3938	3964
3939	3965
3940	3966
3941	3967
3942	3968
3943	3969
3944	3970
3945	3971
3946	3972
3947	3973
3948	3974
3949	3975
3950	3976
3951	3977
3952	3978
3953	3979
3954	3980
3955	3981
3956	3982
3957	3983
3958	3984
3959	3985
3960	3986
3961	3987
3962	3988
3963	3989
3964	3990
3965	3991
3966	3992
3967	3993
3968	3994
3969	3995
3970	3996
3971	3997
3972	3998
3973	3999
3974	4000
3975	4001
3976	4002
3977	4003
3978	4004
3979	4005
3980	4006
3981	4007
3982	4008
3983	4009
3984	4010
3985	4011
3986	4012
3987	4013
3988	4014
3989	4015
3990	4016
3991	4017
3992	4018
3993	4019
3994	4020
3995	4021
3996	4022
3997	4023
3998	4024
3999	4025
4000	4026
4001	4027
4002	4028
4003	4029
4004	4030
4005	4031
4006	4032
4007	4033
4008	4034
4009	4035
4010	4036
4011	4037
4012	4038
4013	4039
4014	4040
4015	4041
4016	4042
4017	4043
4018	4044
4019	4045
4020	4046
4021	4047
4022	4048
4023	4049
4024	4050
4025	4051
4026	4052
4027	4053
4028	4054
4029	4055
4030	4056
4031	4057
4032	4058
4033	4059
4034	4060
4035	4061
4036	4062
4037	4063
4038	4064
4039	4065
4040	4066
4041	4067
4042	4068
4043	4069
4044	4070
4045	4071
4046	4072
4047	4073
4048	4074
4049	4075
4050	4076
4051	4077
4052	4078
4053	4079
4054	4080
4055	4081
4056	4082
4057	4083
4058	4084
4059	4085
4060	4086
4061	4087
4062	4088
4063	4089
4064	4090
4065	4091
4066	4092
4067	4093
4068	4094
4069	4095
4070	4096
4071	4097
4072	4098
4073	4099
4074	4100
4075	4101
4076	4102
4077	4103
4078	4104
4079	4105
4080	4106
4081	4107
4082	4108
4083	4109
4084	4110
4085	4111
4086	4112
4087	4113
4088	4114
4089	4115
4090	4116
4091	4117
4092	4118
4093	4119
4094	4120
4095	4121
4096	4122
4097	4123
4098	4124
4099	4125
4100	4126
4101	4127
4102	4128
4103	4129
4104	4130
4105	4131
4106	4132
4107	4133
4108	4134
4109	4135
4110	4136
4111	4137
4112	4138
4113	4139
4114	4140
4115	4141
4116	4142
4117	4143
4118	4144
4119	4145
4120	4146
4121	4147
4122	4148
4123	4149
4124	4150
4125	4151
4126	4152
4127	4153
4128	4154
4129	4155
4130	4156
4131	4157
4132	4158
4133	4159
4134	4160
4135	4161
4136	4162
4137	4163
4138	4164
4139	4165
4140	4166
4141	4167
4142	4168
4143	4169
4144	4170
4145	4171
4146	4172
4147	4173
4148	4174
4149	4175
4150	4176
4151	4177
4152	4178
4153	4179
4154	4180
4155	4181
4156	4182
4157	4183
4158	4184
4159	4185
4160	4186
4161	4187
4162	4188
4163	4189
4164	4190
4165	4191
4166	4192
4167	4193
4168	4194
4169	4195
4170	4196
4171	4197
4172	4198
4173	4199
4174	4200
4175	4201
4176	4202
4177	4203
4178	4204
4179	4205
4180	4206
4181	4207
4182	4208
4183	4209
4184	4210
4185	4211
4186	4212
4187	4213
4188	4214
4189	4215
4190	4216
4191	4217
4192	4218
4193	4219
4194	4220
4195	4221
4196	4222
4197	4223
4198	4224
4199	4225
4200	4226
4201	4227
4202	4228
4203	4229
4204	4230
4205	4231
4206	4232
4207	4233
4208	4234
4209	4235
4210	4236
4211	4237
4212	4238
4213	4239
4214	4240
4215	4241
4216	4242
4217	4243
4218	4244
4219	4245
4220	4246
4221	4247
4222	4248
4223	4249
4224	4250
4225	4251
4226	4252
4227	4253
4228	4254
4229	4255
4230	4256
4231	4257
4232	4258
4233	4259
4234	4260
4235	4261
4236	4262
4237	4263
4238	4264
4239	4265
4240	4266
4241	4267
4242	4268
4243	4269
4244	4270
4245	4271
4246	4272
4247	4273
4248	4274
4249	4275
4250	4276
4251	4277
4252	4278
4253	4279
4254	4280
4255	4281
4256	4282
4257	4283
4258	4284
4259	4285
4260	4286
4261	4287
4262	4288
4263	4289
4264	4290
4265	4291
4266	4292
4267	4293
4268	4294
4269	4295
4270	4296
4271	4297
4272	4298
4273	4299
4274	4300
4275	4301
4276	4302
4277	4303
4278	4304
4279	4305
4280	4306
4281	4307
4282	4308
4283	4309
4284	4310
4285	4311
4286	4312
4287	4313
4288	4314
4289	4315
4290	4316
4291	4317
4292	4318
4293	4319
4294	4320
4295	4321
4296	4322
4297	4323
4298	4324
4299	4325
4300	4326
4301	4327
4302	4328
4303	4329
4304	4330
4305	4331
4306	4332
4307	4333
4308	4334
4309	4335
4310	4336
4311	4337
4312	4338
4313	4339
4314	4340
4315	4341
4316	4342
4317	4343
4318	4344
4319	4345
4320	4346
4321	4347
4322	4348
4323	4349
4324	4350
4325	4351
4326	4352
4327	4353
4328	4354
4329	4355
4330	4356
4331	4357
4332	4358
4333	4359
4334	4360
4335	4361
4336	4362
4337	4363
4338	4364
4339	4365
4340	4366
4341	4367
4342	4368
4343	4369
4344	4370
4345	4371
4346	4372
4347	4373
4348	4374
4349	4375
4350	4376
4351	4377
4352	4378
4353	4379
4354	4380
4355	4381
4356	4382
4357	4383
4358	4384
4359	4385
4360	4386
4361	4387
4362	4388
4363	4389
4364	4390
4365	4391
4366	4392
4367	4393
4368	4394
4369	4395
4370	4396
4371	4397
4372	4398
4373	4399
4374	4400
4375	4401
4376	4402
4377	4403
4378	4404
4379	4405
4380	4406
4381	4407
4382	4408
4383	4409
4384	4410
4385	4411
4386	4412
4387	4413
4388	4414
4389	4415
4390	4416
4391	4417
4392	4418
4393	4419
4394	4420
4395	4421
4396	4422
4397	4423
4398	4424
4399	4425
4400	4426
4401	4427
4402	4428
4403	4429
4404	4430
4405	4431
4406	4432
4407	4433
4408	4434
4409	4435
4410	4436
4411	4437
4412	4438
4413	4439
4414	4440
4415	4441
4416	4442
4417	4443
4418	4444
4419	4445
4420	4446
4421	4447
4422	4448
4423	4449
4424	4450
4425	4451
4426	4452
4427	4453
4428	4454
4429	4455
4430	4456
4431	4457
4432	4458
4433	4459
4434	4460
4435	4461
4436	4462
4437	4463
4438	4464
4439	4465
4440	4466
4441	4467
4442	4468
4443	4469
4444	4470
4445	4471
4446	4472
4447	4473
4448	4474
4449	4475
4450	4476
4451	4477
4452	4478
4453	4479
4454	4480
4455	4481
4456	4482
4457	4483
4458	4484
4459	4485
4460	4486
4461	4487
4462	4488
4463	4489
4464	4490
4465	4491
4466	4492
4467	4493
4468	4494
4469	4495
4470	4496
4471	4497
4472	4498
4473	4499
4474	4500
4475	4501
4476	4502
4477	4503
4478	4504
4479	4505
4480	4506
4481	4507
4482	4508
4483	4509
4484	4510
4485	4511
4486	4512
4487	4513
4488	4514
4489	4515
4490	4516
4491	4517
4492	4518
4493	4519
4494	4520
4495	4521
4496	4522
4497	4523
4498	4524
4499	4525
4500	4526
4501	4527
4502	4528
4503	4529
4504	4530
4505	4531
4506	4532
4507	4533
4508	4534
4509	4535
4510	4536
4511	4537
4512	4538
4513	4539
4514	4540
4515	4541
4516	4542
4517	4543
4518	4544
4519	4545
4520	4546
4521	4547
4522	4548
4523	4549
4524	4550
4525	4551
4526	4552
4527	4553
4528	4554
4529	4555
4530	4556
4531	4557
4532	4558
4533	4559
4534	4560
4535	4561
4536	4562
4537	4563
4538	4564
4539	4565
4540	4566
4541	4567
4542	4568
4543	4569
4544	4570
4545	4571
4546	4572
4547	4573
4548	4574
4549	4575
4550	4576
4551	4577
4552	4578
4553	4579
4554	4580
4555	4581
4556	4582
4557	4583
4558	4584
4559	4585
4560	4586
4561	4587
4562	4588
4563	4589
4564	4590
4565	4591
4566	4592
4567	4593
4568	4594
4569	4595
4570	4596
4571	4597
4572	4598
4573	4599
4574	4600
4575	4601
4576	4602
4577	4603
4578	4604
4579	4605
4580	4606
4581	4607
4582	4608
4583	4609
4584	4610
4585	4611
4586	4612
4587	4613
4588	4614
4589	4615
4590	4616
4591	4617
4592	4618
4593	4619
4594	4620
4595	4621
4596	4622
4597	4623
4598	4624
4599	4625
4600	4626
4601	4627
4602	4628
4603	4629
4604	4630
4605	4631
4606	4632
4607	4633
4608	4634
4609	4635
4610	4636
4611	4637
4612	4638
4613	4639
4614	4640
4615	4641
4616	4642
4617	4643
4618	4644
4619	4645
4620	4646
4621	4647
4622	4648
4623	4649
4624	4650
4625	4651
4626	4652
4627	4653
4628	4654
4629	4655
4630	4656
4631	4657
4632	4658
4633	4659
4634	4660
4635	4661
4636	4662
4637	4663
4638	4664
4639	4665
4640	4666
4641	4667
4642	4668
4643	4669
4644	4670
4645	4671
4646	4672
4647	4673
4648	4674
4649	4675
4650	4676
4651	4677
4652	4678
4653	4679
4654	4680
4655	4681
4656	4682
4657	4683
4658	4684
4659	4685
4660	4686
4661	4687
4662	4688
4663	4689
4664	4690
4665	4691
4666	4692
4667	4693
4668	4694
4669	4695
4670	4696
4671	4697
4672	4698
4673	4699
4674	4700
4675	4701
4676	4702
4677	4703
4678	4704
4679	4705
4680	4706
4681	4707
4682	4708
4683	4709
4684	4710
4685	4711
4686	4712
4687	4713
4688	4714
4689	4715
4690	4716
4691	4717
4692	4718
4693	4719
4694	4720
4695	4721
4696	4722
4697	4723
4698	4724
4699	4725
4700	4726
4701	4727
4702	4728
4703	4729
4704	4730
4705	4731
4706	4732
4707	4733
4708	4734
4709	4735
4710	4736
4711	4737
4712	4738
4713	4739
4714	4740
4715	4741
4716	4742
4717	4743
4718	4744
4719	4745
4720	4746
4721	4747
4722	4748
4723	4749
4724	4750
4725	4751
4726	4752
4727	4753
4728	4754
4729	4755
4730	4756
4731	4757
4732	4758
4733	4759
4734	4760
4735	4761
4736	4762
4737	4763
4738	4764
4739	4765
4740	4766
4741	4767
4742	4768
4743	4769
4744	4770
4745	4771
4746	4772
4747	4773
4748	4774
4749	4775
4750	4776
4751	4777
4752	4778
4753	4779
4754	4780
4755	4781
4756	4782
4757	4783
4758	4784
4759	4785
4760	4786
4761	4787
4762	4788
4763	4789
4764	4790
4765	4791
4766	4792
4767	4793
4768	4794
4769	4795
4770	4796
4771	4797
4772	4798
4773	4799
4774	4800
4775	4801
4776	4802
4777	4803
4778	4804
4779	4805
4780	4806
4781	4807
4782	4808
4783	4809
4784	4810
4785	4811
4786	4812
4787	4813
4788	4814
4789	4815
4790	4816
4791	4817
4792	4818
4793	4819
4794	4820
4795	4821
4796	4822
4797	4823
4798	4824
4799	4825
4800	4826
4801	4827
4802	4828
4803	4829
4804	4830
4805	4831
4806	4832
4807	4833
4808	4834
4809	4835
4810	4836
4811	4837
4812	4838
4813	4839
4814	4840
4815	4841
4816	4842
4817	4843
4818	4844
4819	4845
4820	4846
4821	4847
4822	4848
4823	4849
4824	4850
4825	4851
4826	4852
4827	4853
4828	4854
4829	4855
4830	4856
4831	4857
4832	4858
4833	4859
4834	4860
4835	4861
4836	4862
4837	4863
4838	4864
4839	4865
4840	4866
4841	4867
4842	4868
4843	4869
4844	4870
4845	4871
4846	4872
4847	4873
4848	4874
4849	4875
4850	4876
4851	4877
4852	4878
4853	4879
4854	4880
4855	4881
4856	4882
4857	4883
4858	4884
4859	4885
4860	4886
4861	4887
4862	4888
4863	4889
4864	4890
4865	4891
4866	4892
4867	4893
4868	4894
4869	4895
4870	4896
4871	4897
4872	4898
4873	4899
4874	4900
4875	4901
4876	4902
4877	4903
4878	4904
4879	4905
4880	4906
4881	4907
4882	4908
4883	4909
4884	4910
4885	4911
4886	4912
4887	4913
4888	4914
4889	4915
4890	4916
4891	4917
4892	4918
4893	4919
4894	4920
4895	4921
4896	4922
4897	4923
4898	4924
4899	4925
4900	4926
4901	4927
4902	4928
4903	4929
4904	4930
4905	4931
4906	4932
4907	4933
4908	4934
4909	4935
4910	4936
4911	4937
4912	4938
4913	4939
4914	4940
4915	4941
4916	4942
4917	4943
4918	4944
4919	4945
4920	4946
4921	4947
4922	4948
4923	4949
4924	4950
4925	4951
4926	4952
4927	4953
4928	4954
4929	4955
4930	4956
4931	4957
4932	4958
4933	4959
4934	4960
4935	4961
4936	4962
4937	4963
4938	4964
4939	4965
4940	4966
4941	4967
4942	4968
4943	4969
4944	4970
4945	4971
4946	4972
4947	4973
4948	4974
4949	4975
4950	4976
4951	4977
4952	4978
4953	4979
4954	4980
4955	4981
4956	4982
4957	4983
4958	4984
4959	4985
4960	4986
4961	4987
4962	4988
4963	4989
4964	4990
4965	4991
4966	4992
4967	4993
4968	4994
4969	4995
4970	4996
4971	4997
4972	4998
4973	4999
4974	5000
4975	5001
4976	5002
4977	5003
4978	5004
4979	5005
4980	5006
4981	5007
4982	5008
4983	5009
4984	5010
4985	5011
4986	5012
4987	5013
4988	5014
4989	5015
4990	5016
4991	5017
4992	5018
4993	5019
4994	5020
4995	5021
4996	5022
4997	5023
4998	5024
4999	5025
5000	5026
5001	5027
5002	5028
5003	5029
5004	5030
5005	5031
5006	5032
5007	5033
5008	5034
5009	5035
5010	5036
5011	5037
5012	5038
5013	5039
5014	5040
5015	5041
5016	5042
5017	5043
5018	5044
5019	5045
5020	5046
5021	5047
5022	5048
5023	5049
5024	5050
5025	5051
5026	5052
5027	5053
5028	5054
5029	5055
5030	5056
5031	5057
5032	5058
5033	5059
5034	5060
5035	5061
5036	5062
5037	5063
5038	5064
5039	5065
5040	5066
5041	5067
5042	5068
5043	5069
5044	5070
5045	5071
5046	5072
5047	5073
5048	5074
5049	5075
5050	5076
5051	5077
5052	5078
5053	5079
5054	5080
5055	5081
5056	5082
5057	5083
5058	5084
5059	5085
5060	5086
5061	5087
5062	5088
5063	5089
5064	5090
5065	5091
5066	5092
5067	5093
5068	5094
5069	5095
5070	5096
5071	5097
5072	5098
5073	5099
5074	5100
5075	5101
5076	5102
5077	5103
5078	5104
5079	5105
5080	5106
5081	5107
5082	5108
5083	5109
5084	5110
5085	5111
5086	5112
5087	5113
5088	5114
5089	5115
5090	5116
5091	5117
5092	5118
5093	5119
5094	5120
5095	5121
5096	5122
5097	5123
5098	5124
5099	5125
5100	5126
5101	5127
5102	5128
5103	5129
5104	5130
5105	5131
5106	5132
5107	5133
5108	5134
5109	5135
5110	5136
5111	5137
5112	5138
5113	5139
5114	5140
5115	5141
5116	5142
5117	5143
5118	5144
5119	5145
5120	5146
5121	5147
5122	5148
5123	5149
5124	5150
5125	5151
5126	5152
5127	5153
5128	5154
5129	5155
5130	5156
5131	5157
5132	5158
5133	5159
5134	5160
5135	5161
5136	5162
5137	5163
5138	5164
5139	5165
5140	5166
5141	5167
5142	5168
5143	5169
5144	5170
5145	5171
5146	5172
5147	5173
5148	5174
5149	5175
5150	5176
5151	5177
5152	5178
5153	5179
5154	5180
5155	5181
5156	5182
5157	5183
5158	5184
5159	5185
5160	5186
5161	5187
5162	5188
5163	5189
5164	5190
5165	5191
5166	5192
5167	5193
5168	5194
5169	5195
5170	5196
5171	5197
5172	5198
5173	5199
5174	5200
5175	5201
5176	5202
5177	5203
5178	5204
5179	5205
5180	5206
5181	5207
5182	5208
5183	5209
5184	5210
5185	5211
5186	5212
5187	5213
5188	5214
5189	5215
5190	5216
5191	5217
5192	5218
5193	5219
5194	5220
5195	5221
5196	5222
5197	5223
5198	5224
5199	5225
5200	5226
5201	5227
5202	5228
5203	5229
5204	5230
5205	5231
5206	5232
5207	5233
5208	5234
5209	5235
5210	5236
5211	5237
5212	5238
5213	5239
5214	5240
5215	5241
5216	5242
5217	5243
5218	5244
5219	5245
5220	5246
5221	5247
5222	5248
5223	5249
5224	5250
5225	5251
5226	5252
5227	5253
5228	5254
5229	5255
5230	5256
5231	5257
5232	5258
5233	5259
5234	5260
5235	5261
5236	5262
5237	5263
5238	5264
5239	5265
5240	5266
5241	5267
5242	5268
5243	5269
5244	5270
5245	5271
5246	5272
5247	5273
5248	5274
5249	5275
5250	5276
5251	5277
5252	5278
5253	5279
5254	5280
5255	5281
5256	5282
5257	5283
5258	5284
5259	5285
5260	5286
5261	5287
5262	5288
5263	5289
5264	5290
5265	5291
5266	5292
5267	5293
5268	5294
5269	5295
5270	5296
5271	5297
5272	5298
5273	5299
5274	5300
5275	5301
5276	5302
5277	5303
5278	5304
5279	5305
5280	5306
5281	5307
5282	5308
5283	5309
5284	5310
5285	5311
5286	5312
5287	5313
5288	5314
5289	5315
5290	5316
5291	5317
5292	5318
5293	5319
5294	5320
5295	5321
5296	5322
5297	5323
5298	5324
5299	5325
5300	5326
5301	5327
5302	5328
5303	5329
5304	5330
5305	5331
5306	5332
5307	5333
5308	5334
5309	5335
5310	5336
5311	5337
5312	5338
5313	5339
5314	5340
5315	5341
5316	5342
5317	5343
5318	5344
5319	5345
5320	5346
5321	5347
5322	5348
5323	5349
5324	5350
5325	5351
5326	5352
5327	5353
5328	5354
5329	5355
5330	5356
5331	5357
5332	5358
5333	5359
5334	5360
5335	5361
5336	5362
5337	5363
5338	5364
5339	5365
5340	5366
5341	5367
5342	5368
5343	5369
5344	5370
5345	5371
5346	5372
5347	5373
5348	5374
5349	5375
5350	5376
5351	5377
5352	5378
5353	5379
5354	5380
5355	5381
5356	5382
5357	5383
5358	5384
5359	5385
5360	5386
5361	5387
5362	5388
5363	5389
5364	5390
5365	5391
5366	5392
5367	5393
5368	5394
5369	5395
5370	5396
5371	5397
5372	5398
5373	5399
5374	5400
5375	5401
5376	5402
5377	5403
5378	5404
5379	5405
5380	5406
5381	5407
5382	5408
5383	5409
5384	5410
5385	5411
5386	5412
5387	5413
5388	5414
5389	5415
5390	5416
5391	5417
5392	5418
5393	5419
5394	5420
5395	5421
5396	5422
5397	5423
5398	5424
5399	5425
5400	5426
5401	5427
5402	5428
5403	5429
5404	5430
5405	5431
5406	5432
5407	5433
5408	5434
5409	5435
5410	5436
5411	5437
5412	5438
5413	5439
5414	5440
5415	5441
5416	5442
5417	5443
5418	5444
5419	5445
5420	5446
5421	5447
5422	5448
5423	5449
5424	5450
5425	5451
5426	5452
5427	5453
5428	5454
5429	5455
5430	5456
5431	5457
5432	5458
5433	5459
5434	5460
5435	5461
5436	5462
5437	5463
5438	5464
5439	5465
5440	5466
5441	5467
5442	5468
5443	5469
5444	5470
5445	5471
5446	5472
5447	5473
5448	5474
5449	5475
5450	5476
5451	5477
5452	5478
5453	5479
5454	5480
5455	5481
5456	5482
5457	5483
5458	5484
5459	5485
5460	5486
5461	5487
5462	5488
5463	5489
5464	5490
5465	5491
5466	5492
5467	5493
5468	5494
5469	5495
5470	5496
5471	5497
5472	5498
5473	5499
5474	5500
5475	5501
5476	5502
5477	5503
5478	5504
5479	5505
5480	5506
5481	5507
5482	5508
5483	5509
5484	5510
5485	5511
5486	5512
5487	5513
5488	5514
5489	5515
5490	5516
5491	5517
5492	5518
5493	5519
5494	5520
5495	5521
5496	5522
5497	5523
5498	5524
5499	5525
5500	5526
5501	5527
5502	5528
5503	5529
5504	5530
5505	5531
5506	5532
5507	5533
5508	5534
5509	5535
5510	5536
5511	5537
5512	5538
5513	5539
5514	5540
5515	5541
5516	5542
5517	5543
5518	5544
5519	5545
5520	5546
5521	5547
5522	5548
5523	5549
5524	5550
5525	5551
5526	5552
5527	5553
5528	5554
5529	5555
5530	5556
5531	5557
5532	5558
5533	5559
5534	5560
5535	5561
5536	5562
5537	5563
5538	5564
5539	5565
5540	5566
5541	5567
5542	5568
5543	5569
5544	5570
5545	5571
5546	5572
5547	5573
5548	5574
5549	5575
5550	5576
5551	5577
5552	5578
5553	5579
5554	5580
5555	5581
5556	5582
5557	5583
5558	5584
5559	5585
5560	5586
5561	5587
5562	5588
5563	5589
5564	5590
5565	5591
5566	5592
5567	5593
5568	5594
5569	5595
5570	5596
5571	5597
5572	5598
5573	5599
5574	5600
5575	5601
5576	5602
5577	5603
5578	5604
5579	5605
5580	5606
5581	5607
5582	5608
5583	5609
5584	5610
5585	5611
5586	5612
5587	5613
5588	5614
5589	5615
5590	5616
5591	5617
5592	5618
5593	5619
5594	5620
5595	5621
5596	5622
5597	5623
5598	5624
5599	5625
5600	5626
5601	5627
5602	5628
5603	5629
5604	5630
5605	5631
5606	5632
5607	5633
5608	5634
5609	5635
5610	5636
5611	5637
5612	5638
5613	5639
5614	5640
5615	5641
5616	5642
5617	5643
5618	5644
5619	5645
5620	5646
5621	5647
5622	5648
5623	5649
5624	5650
5625	5651
5626	5652
5627	5653
5628	5654
5629	5655
5630	5656
5631	5657
5632	5658
5633	5659
5634	5660
5635	5661
5636	5662
5637	5663
5638	5664
5639	5665
5640	5666
5641	5667
5642	5668
5643	5669
5644	5670
5645	5671
5646	5672
5647	5673
5648	5674
5649	5675
5650	5676
5651	5677
5652	5678
5653	5679
5654	5680
5655	5681
5656	5682
5657	5683
5658	5684
5659	5685
5660	5686
5661	5687
5662	5688
5663	5689
5664	5690
5665	5691
5666	5692
5667	5693
5668	5694
5669	5695
5670	5696
5671	5697
5672	5698
5673	5699
5674	5700
5675	5701
5676	5702
5677	5703
5678	5704
5679	5705
5680	5706
5681	5707
5682	5708
5683	5709
5684	5710
5685	5711
5686	5712
5687	5713
5688	5714
5689	5715
5690	5716
5691	5717
5692	5718
5693	5719
5694	5720
5695	5721
5696	5722
5697	5723
5698	5724
5699	5725
5700	5726
5701	5727
5702	5728
5703	5729
5704	5730
5705	5731
5706	5732
5707	5733
5708	5734
5709	5735
5710	5736
5711	5737
5712	5738
5713	5739
5714	5740
5715	5741
5716	5742
5717	5743
5718	5744
5719	5745
5720	5746
5721	5747
5722	5748
5723	5749
5724	5750
5725	5751
5726	5752
5727	5753
5728	5754
5729	5755
5730	5756
5731	5757
5732	5758
5733	5759
5734	5760
5735	5761
5736	5762
5737	5763
5738	5764
5739	5765
5740	5766
5741	5767
5742	5768
5743	5769
5744	5770
5745	5771
5746	5772
5747	5773
5748	5774
5749	5775
5750	5776
5751	5777
5752	5778
5753	5779
5754	5780
5755	5781
5756	5782
5757	5783
5758	5784
5759	5785
5760	5786
5761	5787
5762	5788
5763	5789
5764	5790
5765	5791
5766	5792
5767	5793
5768	5794
5769	5795
5770	5796
5771	5797
5772	5798
5773	5799
5774	5800
5775	5801
5776	5802
5777	5803
5778	5804
5779	5805
5780	5806
5781	5807
5782	5808
5783	5809
5784	5810
5785	5811
5786	5812
5787	5813
5788	5814
5789	5815
5790	5816
5791	5817
5792	5818
5793	5819
5794	5820
5795	5821
5796	5822
5797	5823
5798	5824
5799	5825
5800	5826
5801	5827
5802	5828
5803	5829
5804	5830
5805	5831
5806	5832
5807	5833
5808	5834
5809	5835
5810	5836
5811	5837
5812	5838
5813	5839
5814	5840
5815	5841
5816	5842
5817	5843
5818	5844
5819	5845
5820	5846
5821	5847
5822	5848
5823	5849
5824	5850
5825	5851
5826	5852
5827	5853
5828	5854
5829	5855
5830	5856
5831	5857
5832	5858
5833	5859
5834	5860
5835	5861
5836	5862
5837	5863
5838	5864
5839	5865
5840	5866
5841	5867
5842	5868
5843	5869
5844	5870
5845	5871
5846	5872
5847	5873
5848	5874
5849	5875
5850	5876
5851	5877
5852	5878
5853	5879
5854	5880
5855	5881
5856	5882
5857	5883
5858	5884
5859	5885
5860	5886
5861	5887
5862	5888
5863	5889
5864	5890
5865	5891
5866	5892
5867	5893
5868	5894
5869	5895
5870	5896
5871	5897
5872	5898
5873	5899
5874	5900
5875	5901
5876	5902
5877	5903
5878	5904
5879	5905
5880	5906
5881	5907
5882	5908
5883	5909
5884	5910
5885	5911
5886	5912
5887	5913
5888	5914
5889	5915
5890	5916
5891	5917
5892	5918
5893	5919
5894	5920
5895	5921
5896	5922
5897	5923
5898	5924
5899	5925
5900	5926
5901	5927
5902	5928
5903	5929
5904	5930
5905	5931
5906	5932
5907	5933
5908	5934
5909	5935
5910	5936
5911	5937
5912	5938
5913	5939
5914	5940
5915	5941
5916	5942
5917	5943
5918	5944
5919	5945
5920	5946
5921	5947
5922	5948
5923	5949
5924	5950
5925	5951
5926	5952
5927	5953
5928	5954
5929	5955
5930	5956
5931	5957
5932	5958
5933	5959
5934	5960
5935	5961
5936	5962
5937	5963
5938	5964
5939	5965
5940	5966
5941	5967
5942	5968
5943	5969
5944	5970
5945	5971
5946	5972
5947	5973
5948	5974
5949	5975
5950	5976
5951	5977
5952	5978
5953	5979
5954	5980
5955	5981
5956	5982
5957	5983
5958	5984
5959	5985
5960	5986
5961	5987
5962	5988
5963	5989
5964	5990
5965	5991
5966	5992
5967	5993
5968	5994
5969	5995
5970	5996
5971	5997
5972	5998
5973	5999
5974	6000
5975	6001
5976	6002
5977	6003
5978	6004
5979	6005
5980	6006
5981	6007
5982	6008
5983	6009
5984	6010
5985	6011
5986	6012
5987	6013
5988	6014
5989	6015
5990	6016
5991	6017
5992	6018
5993	6019
5994	6020
5995	6021
5996	6022
5997	6023
5998	6024
5999	6025
6000	6026
6001	6027
6002	6028
6003	6029
6004	6030
6005	6031
6006	6032
6007	6033
6008	6034
6009	6035
6010	6036
6011	6037
6012	6038
6013	6039
6014	6040
6015	6041
6016	6042
6017	6043
6018	6044
6019	6045
6020	6046
6021	6047
6022	6048
6023	6049
6024	6050
6025	6051
6026	6052
6027	6053
6028	6054
6029	6055
6030	6056
6031	6057
6032	6058
6033	6059
6034	6060
6035	6061
6036	6062
6037	6063
6038	6064
6039	6065
6040	6066
6041	6067
6042	6068
6043	6069
6044	6070
6045	6071
6046	6072
6047	6073
6048	6074
6049	6075
6050	6076
6051	6077
6052	6078
6053	6079
6054	6080
6055	6081
6056	6082
6057	6083
6058	6084
6059	6085
6060	6086
6061	6087
6062	6088
6063	6089
6064	6090
6065	6091
6066	6092
6067	6093
6068	6094
6069	6095
6070	6096
6071	6097
6072	6098
6073	6099
6074	6100
6075	6101
6076	6102
6077	6103
6078	6104
6079	6105
6080	6106
6081	6107
6082	6108
6083	6109
6084	6110
6085	6111
6086	6112
6087	6113
6088	6114
6089	6115
6090	6116
6091	6117
6092	6118
6093	6119
6094	6120
6095	6121
6096	6122
6097	6123
6098	6124
6099	6125
6100	6126
6101	6127
6102	6128
6103	6129
6104	6130
6105	6131
6106	6132
6107	6133
6108	6134
6109	6135
6110	6136
6111	6137
6112	6138
6113	6139
6114	6140
6115	6141
6116	6142
6117	6143
6118	6144
6119	6145
6120	6146
6121	6147
6122	6148
6123	6149
6124	6150
6125	6151
6126	6152
6127	6153
6128	6154
6129	6155
6130	6156
6131	6157
6132	6158
6133	6159
6134	6160
6135	6161
6136	6162
6137	6163
6138	6164
6139	6165
6140	6166
6141	6167
6142	6168
6143	6169
6144	6170
6145	6171
6146	6172
6147	6173
6148	6174
6149	6175
6150	6176
6151	6177
6152	6178
6153	6179
6154	6180
6155	6181
6156	6182
6157	6183
6158	6184
6159	6185
6160	6186
6161	6187
6162	6188
6163	6189
6164	6190
6165	6191
6166	6192
6167	6193
6168	6194
6169	6195
6170	6196
6171	6197
6172	6198
6173	6199
6174	6200
6175	6201
6176	6202
6177	6203
6178	6204
6179	6205
6180	6206
6181	6207
6182	6208
6183	6209
6184	6210
6185	6211
6186	6212
6187	6213
6188	6214
6189	6215
6190	6216
6191	6217
6192	6218
6193	6219
6194	6220
6195	6221
6196	6222
6197	6223
6198	6224
6199	6225
6200	6226
6201	6227
6202	6228
6203	6229
6204	6230
6205	6231
6206	6232
6207	6233
6208	6234
6209	6235
6210	6236
6211	6237
6212	6238
6213	6239
6214	6240
6215	6241
6216	6242
6217	6243
6218	6244
6219	6245
6220	6246
6221	6247
6222	6248
6223	6249
6224	6250
6225	6251
6226	6252
6227	6253
6228	6254
6229	6255
6230	6256
6231	6257
6232	6258
6233	6259
6234	6260
6235	6261
6236	6262
6237	6263
6238	6264
6239	6265
6240	6266
6241	6267
6242	6268
6243	6269
6244	6270
6245	6271
6246	6272
6247	6273
6248	6274
6249	6275
6250	6276
6251	6277
6252	6278
6253	6279
6254	6280
6255	6281
6256	6282
6257	6283
6258	6284
6259	6285
6260	6286
6261	6287
6262	6288
6263	6289
6264	6290
6265	6291
6266	6292
6267	6293
6268	6294
6269	6295
6270	6296
6271	6297
6272	6298
6273	6299
6274	6300
6275	6301
6276	6302
6277	6303
6278	6304
6279	6305
6280	6306
6281	6307
6282	6308
6283	6309
6284	6310
6285	6311
6286	6312
6287	6313
6288	6314
6289	6315
6290	6316
6291	6317
6292	6318
6293	6319
6294	6320
6295	6321
6296	6322
6297	6323
6298	6324
6299	6325
6300	6326
6301	6327
6302	6328
6303	6329
6304	6330
6305	6331
6306	6332
6307	6333
6308	6334
6309	6335
6310	6336
6311	6337
6312	6338
6313	6339
6314	6340
6315	6341
6316	6342
6317	6343
6318	6344
6319	6345
6320	6346
6321	6347
6322	6348
6323	6349
6324	6350
6325	6351
6326	6352
6327	6353
6328	6354
6329	6355
6330	6356
6331	6357
6332	6358
6333	6359
6334	6360
6335	6361
6336	6362
6337	6363
6338	6364
6339	6365
6340	6366
6341	6367
6342	6368
6343	6369
6344	6370
6345	6371
6346	6372
6347	6373
6348	6374
6349	6375
6350	6376
6351	6377
6352	6378
6353	6379
6354	6380
6355	6381
6356	6382
6357	6383
6358	6384
6359	6385
6360	6386
6361	6387
6362	6388
6363	6389
6364	6390
6365	6391
6366	6392
6367	6393
6368	6394
6369	6395
6370	6396
6371	6397
6372	6398
6373	6399
6374	6400
6375	6401
6376	6402
6377	6403
6378	6404
6379	6405
6380	6406
6381	6407
6382	6408
6383	6409
6384	6410
6385	6411
6386	6412
6387	6413
6388	6414
6389	6415
6390	6416
6391	6417
6392	6418
6393	6419
6394	6420
6395	6421
6396	6422
6397	6423
6398	6424
6399	6425
6400	6426
6401	6427
6402	6428
6403	6429
6404	6430
6405	6431
6406	6432
6407	6433
6408	6434
6409	6435
6410	6436
6411	6437
6412	6438
6413	6439
6414	6440
6415	6441
6416	6442
6417	6443
6418	6444
6419	6445
6420	6446
6421	6447
6422	6448
6423	6449
6424	6450
6425	6451
6426	6452
6427	6453
6428	6454
6429	6455
6430	6456
6431	6457
6432	6458
6433	6459
6434	6460
6435	6461
6436	6462
6437	6463
6438	6464
6439	6465
6440	6466
6441	6467
6442	6468
6443	6469
6444	6470
6445	6471
6446	6472
6447	6473
6448	6474
6449	6475
6450	6476
6451	6477
6452	6478
6453	6479
6454	6480
6455	6481
6456	6482
6457	6483
6458	6484
6459	6485
6460	6486
6461	6487
6462	6488
6463	6489
6464	6490
6465	6491
6466	6492
6467	6493
6468	6494
6469	6495
6470	6496
6471	6497
6472	6498
6473	6499
6474	6500
6475	6501
6476	6502
6477	6503
6478	6504
6479	6505
6480	6506
6481	6507
6482	6508
6483	6509
6484	6510
6485	6511
6486	6512
6487	6513
6488	6514
6489	6515
6490	6516
6491	6517
6492	6518
6493	6519
6494	6520
6495	6521
6496	6522
6497	6523
6498	6524
6499	6525
6500	6526
6501	6527
6502	6528
6503	6529
6504	6530
6505	6531
6506	6532
6507	6533
6508	6534
6509	6535
6510	6536
6511	6537
6512	6538
6513	6539
6514	6540
6515	6541
6516	6542
6517	6543
6518	6544
6519	6545
6520	6546
6521	6547
6522	6548
6523	6549
6524	6550
6525	6551
6526	6552
6527	6553
6528	6554
6529	6555
6530	6556
6531	6557
6532	6558
6533	6559
6534	6560
6535	6561
6536	6562
6537	6563
6538	6564
6539	6565
6540	6566
6541	6567
6542	6568
6543	6569
6544	6570
6545	6571
6546	6572
6547	6573
6548	6574
6549	6575
6550	6576
6551	6577
6552	6578
6553	6579
6554	6580
6555	6581
6556	6582
6557	6583
6558	6584
6559	6585
6560	6586
6561	6587
6562	6588
6563	6589
6564	6590
6565	6591
6566	6592
6567	6593
6568	6594
6569	6595
6570	6596
6571	6597
6572	6598
6573	6599
6574	6600
6575	6601
6576	6602
6577	6603
6578	6604
6579	6605
6580	6606
6581	6607
6582	6608
6583	6609
6584	6610
6585	6611
6586	6612
6587	6613
6588	6614
6589	6615
6590	6616
6591	6617
6592	6618
6593	6619
6594	6620
6595	6621
6596	6622
6597	6623
6598	6624
6599	6625
6600	6626
6601	6627
6602	6628
6603	6629
6604	6630
6605	6631
6606	6632
6607	6633
6608	6634
6609	6635
6610	6636
6611	6637
6612	6638
6613	6639
6614	6640
6615	6641
6616	6642
6617	6643
6618	6644
6619	6645
6620	6646
6621	6647
6622	6648
6623	6649
6624	6650
6625	6651
6626	6652
6627	6653
6628	6654
6629	6655
6630	6656
6631	6657
6632	6658
6633	6659
6634	6660
6635	6661
6636	6662
6637	6663
6638	6664
6639	6665
6640	6666
6641	6667
6642	6668
6643	6669
6644	6670
6645	6671
6646	6672
6647	6673
6648	6674
6649	6675
6650	6676
6651	6677
6652	6678
6653	6679
6654	6680
6655	6681
6656	6682
6657	6683
6658	6684
6659	6685
6660	6686
6661	6687
6662	6688
6663	6689
6664	6690
6665	6691
6666	6692
6667	6693
6668	6694
6669	6695
6670	6696
6671	6697
6672	6698
6673	6699
6674	6700
6675	6701
6676	6702
6677	6703
6678	6704
6679	6705
6680	6706
6681	6707
6682	6708
6683	6709
6684	6710
6685	6711
6686	6712
6687	6713
6688	6714
6689	6715
6690	6716
6691	6717
6692	6718
6693	6719
6694	6720
6695	6721
6696	6722
6697	6723
6698	6724
6699	6725
6700	6726
6701	6727
6702	6728
6703	6729
6704	6730
6705	6731
6706	6732
6707	6733
6708	6734
6709	6735
6710	6736
6711	6737
6712	6738
6713	6739
6714	6740
6715	6741
6716	6742
6717	6743
6718	6744
6719	6745
6720	6746
6721	6747
6722	6748
6723	6749
6724	6750
6725	6751
6726	6752
6727	6753
6728	6754
6729	6755
6730	6756
6731	6757
6732	6758
6733	6759
6734	6760
6735	6761
6736	6762
6737	6763
6738	6764
6739	6765
6740	6766
6741	6767
6742	6768
6743	6769
6744	6770
6745	6771
6746	6772
6747	6773
6748	6774
6749	6775
6750	6776
6751	6777
6752	6778
6753	6779
6754	6780
6755	6781
6756	6782
6757	6783
6758	6784
6759	6785
6760	6786
6761	6787
6762	6788
6763	6789
6764	6790
6765	6791
6766	6792
6767	6793
6768	6794
6769	6795
6770	6796
6771	6797
6772	6798
6773	6799
6774	6800
6775	6801
6776	6802
6777	6803
6778	6804
6779	6805
6780	6806
6781	6807
6782	6808
6783	6809
6784	6810
6785	6811
6786	6812
6787	6813
6788	6814
6789	6815
6790	6816
6791	6817
6792	6818
6793	6819
6794	6820
6795	6821
6796	6822
6797	6823
6798	6824
6799	6825
6800	6826
6801	6827
6802	6828
6803	6829
6804	6830
6805	6831
6806	6832
6807	6833
6808	6834
6809	6835
6810	6836
6811	6837
6812	6838
6813	6839
6814	6840
6815	6841
6816	6842
6817	6843
6818	6844
6819	6845
6820	6846
6821	6847
6822	6848
6823	6849
6824	6850
6825	6851
6826	6852
6827	6853
6828	6854
6829	6855
6830	6856
6831	6857
6832	6858
6833	6859
6834	6860
6835	6861
6836	6862
6837	6863
6838	6864
6839	6865
6840	6866
6841	6867
6842	6868
6843	6869
6844	6870
6845	6871
6846	6872
6847	6873
6848	6874
6849	6875
6850	6876
6851	6877
6852	6878
6853	6879
6854	6880
6855	6881
6856	6882
6857	6883
6858	6884
6859	6885
6860	6886
6861	6887
6862	6888
6863	6889
6864	6890
6865	6891
6866	6892
6867	6893
6868	6894
6869	6895
6870	6896
6871	6897
6872	6898
6873	6899
6874	6900
6875	6901
6876	6902
6877	6903
6878	6904
6879	6905
6880	6906
6881	6907
6882	6908
6883	6909
6884	6910
6885	6911
6886	6912
6887	6913
6888	6914
6889	6915
6890	6916
6891	6917
6892	6918
6893	6919
6894	6920
6895	6921
6896	6922
6897	6923
6898	6924
6899	6925
6900	6926
6901	6927
6902	6928
6903	6929
6904	6930
6905	6931
6906	6932
6907	6933
6908	6934
6909	6935
6910	6936
6911	6937
6912	6938
6913	6939
6914	6940
6915	6941
6916	6942
6917	6943
6918	6944
6919	6945
6920	6946
6921	6947
6922	6948
6923	6949
6924	6950
6925	6951
6926	6952
6927	6953
6928	6954
6929	6955
6930	6956
6931	6957
6932	6958
6933	6959
6934	6960
6935	6961
6936	6962
6937	6963
6938	6964
6939	6965
6940	6966
6941	6967
6942	6968
6943	6969
6944	6970
6945	6971
6946	6972
6947	6973
6948	6974
6949	6975
6950	6976
6951	6977
6952	6978
6953	6979
6954	6980
6955	6981
6956	6982
6957	6983
6958	6984
6959	6985
6960	6986
6961	6987
6962	6988
6963	6989
6964	6990
6965	6991
6966	6992
6967	6993
6968	6994
6969	6995
6970	6996
6971	6997
6972	6998
6973	6999
6974	7000
6975	7001
6976	7002
6977	7003
6978	7004
6979	7005
6980	7006
6981	7007
6982	7008
6983	7009
6984	7010
6985	7011
6986	7012
6987	7013
6988	7014
6989	7015
6990	7016
6991	7017
6992	7018
6993	7019
6994	7020
6995	7021
6996	7022
6997	7023
6998	7024
6999	7025
7000	7026
7001	7027
7002	7028
7003	7029
7004	7030
7005	7031
7006	7032
7007	7033
7008	7034
7009	7035
7010	7036
7011	7037
7012	7038
7013	7039
7014	7040
7015	7041
7016	7042
7017	7043
7018	7044
7019	7045
7020	7046
7021	7047
7022	7048
7023	7049
7024	7050
7025	7051
7026	7052
7027	7053
7028	7054
7029	7055
7030	7056
7031	7057
7032	7058
7033	7059
7034	7060
7035	7061
7036	7062
7037	7063
7038	7064
7039	7065
7040	7066
7041	7067
7042	7068
7043	7069
7044	7070
7045	7071
7046	7072
7047	7073
7048	7074
7049	7075
7050	7076
7051	7077
7052	7078
7053	7079
7054	7080
7055	7081
7056	7082
7057	7083
7058	7084
7059	7085
7060	7086
7061	7087
7062	7088
7063	7089
7064	7090
7065	7091
7066	7092
7067	7093
7068	7094
7069	7095
7070	7096
