1	46
2	47
3	48
4	49
5	50
6	51
7	52
8	53
9	54
10	55
11	56
12	57
13	58
14	59
15	60
16	61
17	62
18	63
19	64
20	65
21	66
22	67
23	68
24	69
25	70
26	71
27	72
28	73
29	74
30	75
31	76
32	77
33	78
34	79
35	80
36	81
37	82
38	83
39	84
40	85
41	86
42	87
43	88
44	89
45	90
46	91
47	92
48	93
49	94
50	95
51	96
52	97
53	98
54	99
55	100
56	101
57	102
58	103
59	104
60	105
61	106
62	107
63	108
64	109
65	110
66	111
67	112
68	113
69	114
70	115
71	116
72	117
73	118
74	119
75	120
76	121
77	122
78	123
79	124
80	125
81	126
82	127
83	128
84	129
85	130
86	131
87	132
88	133
89	134
90	135
91	136
92	137
93	138
94	139
95	140
96	141
97	142
98	143
99	144
100	145
101	146
102	147
103	148
104	149
105	150
106	151
107	152
108	153
109	154
110	155
111	156
112	157
113	158
114	159
115	160
116	161
117	162
118	163
119	164
120	165
121	166
122	167
123	168
124	169
125	170
126	171
127	172
128	173
129	174
130	175
131	176
132	177
133	178
134	179
135	180
136	181
137	182
138	183
139	184
140	185
141	186
142	187
143	188
144	189
145	190
146	191
147	192
148	193
149	194
150	195
151	196
152	197
153	198
154	199
155	200
156	201
157	202
158	203
159	204
160	205
161	206
162	207
163	208
164	209
165	210
166	211
167	212
168	213
169	214
170	215
171	216
172	217
173	218
174	219
175	220
176	221
177	222
178	223
179	224
180	225
181	226
182	227
183	228
184	229
185	230
186	231
187	232
188	233
189	234
190	235
191	236
192	237
193	238
194	239
195	240
196	241
197	242
198	243
199	244
200	245
201	246
202	247
203	248
204	249
205	250
206	251
207	252
208	253
209	254
210	255
211	256
212	257
213	258
214	259
215	260
216	261
217	262
218	263
219	264
220	265
221	266
222	267
223	268
224	269
225	270
226	271
227	272
228	273
229	274
230	275
231	276
232	277
233	278
234	279
235	280
236	281
237	282
238	283
239	284
240	285
241	286
242	287
243	288
244	289
245	290
246	291
247	292
248	293
249	294
250	295
251	296
252	297
253	298
254	299
255	300
256	301
257	302
258	303
259	304
260	305
261	306
262	307
263	308
264	309
265	310
266	311
267	312
268	313
269	314
270	315
271	316
272	317
273	318
274	319
275	320
276	321
277	322
278	323
279	324
280	325
281	326
282	327
283	328
284	329
285	330
286	331
287	332
288	333
289	334
290	335
291	336
292	337
293	338
294	339
295	340
296	341
297	342
298	343
299	344
300	345
301	346
302	347
303	348
304	349
305	350
306	351
307	352
308	353
309	354
310	355
311	356
312	357
313	358
314	359
315	360
316	361
317	362
318	363
319	364
320	365
321	366
322	367
323	368
324	369
325	370
326	371
327	372
328	373
329	374
330	375
331	376
332	377
333	378
334	379
335	380
336	381
337	382
338	383
339	384
340	385
341	386
342	387
343	388
344	389
345	390
346	391
347	392
348	393
349	394
350	395
351	396
352	397
353	398
354	399
355	400
356	401
357	402
358	403
359	404
360	405
361	406
362	407
363	408
364	409
365	410
366	411
367	412
368	413
369	414
370	415
371	416
372	417
373	418
374	419
375	420
376	421
377	422
378	423
379	424
380	425
381	426
382	427
383	428
384	429
385	430
386	431
387	432
388	433
389	434
390	435
391	436
392	437
393	438
394	439
395	440
396	441
397	442
398	443
399	444
400	445
401	446
402	447
403	448
404	449
405	450
406	451
407	452
408	453
409	454
410	455
411	456
412	457
413	458
414	459
415	460
416	461
417	462
418	463
419	464
420	465
421	466
422	467
423	468
424	469
425	470
426	471
427	472
428	473
429	474
430	475
431	476
432	477
433	478
434	479
435	480
436	481
437	482
438	483
439	484
440	485
441	486
442	487
443	488
444	489
445	490
446	491
447	492
448	493
449	494
450	495
451	496
452	497
453	498
454	499
455	500
456	501
457	502
458	503
459	504
460	505
461	506
462	507
463	508
464	509
465	510
466	511
467	512
468	513
469	514
470	515
471	516
472	517
473	518
474	519
475	520
476	521
477	522
478	523
479	524
480	525
481	526
482	527
483	528
484	529
485	530
486	531
487	532
488	533
489	534
490	535
491	536
492	537
493	538
494	539
495	540
496	541
497	542
498	543
499	544
500	545
501	546
502	547
503	548
504	549
505	550
506	551
507	552
508	553
509	554
510	555
511	556
512	557
513	558
514	559
515	560
516	561
517	562
518	563
519	564
520	565
521	566
522	567
523	568
524	569
525	570
526	571
527	572
528	573
529	574
530	575
531	576
532	577
533	578
534	579
535	580
536	581
537	582
538	583
539	584
540	585
541	586
542	587
543	588
544	589
545	590
546	591
547	592
548	593
549	594
550	595
551	596
552	597
553	598
554	599
555	600
556	601
557	602
558	603
559	604
560	605
561	606
562	607
563	608
564	609
565	610
566	611
567	612
568	613
569	614
570	615
571	616
572	617
573	618
574	619
575	620
576	621
577	622
578	623
579	624
580	625
581	626
582	627
583	628
584	629
585	630
586	631
587	632
588	633
589	634
590	635
591	636
592	637
593	638
594	639
595	640
596	641
597	642
598	643
599	644
600	645
601	646
602	647
603	648
604	649
605	650
606	651
607	652
608	653
609	654
610	655
611	656
612	657
613	658
614	659
615	660
616	661
617	662
618	663
619	664
620	665
621	666
622	667
623	668
624	669
625	670
626	671
627	672
628	673
629	674
630	675
631	676
632	677
633	678
634	679
635	680
636	681
637	682
638	683
639	684
640	685
641	686
642	687
643	688
644	689
645	690
646	691
647	692
648	693
649	694
650	695
651	696
652	697
653	698
654	699
655	700
656	701
657	702
658	703
659	704
660	705
661	706
662	707
663	708
664	709
665	710
666	711
667	712
668	713
669	714
670	715
671	716
672	717
673	718
674	719
675	720
676	721
677	722
678	723
679	724
680	725
681	726
682	727
683	728
684	729
685	730
686	731
687	732
688	733
689	734
690	735
691	736
692	737
693	738
694	739
695	740
696	741
697	742
698	743
699	744
700	745
701	746
702	747
703	748
704	749
705	750
706	751
707	752
708	753
709	754
710	755
711	756
712	757
713	758
714	759
715	760
716	761
717	762
718	763
719	764
720	765
721	766
722	767
723	768
724	769
725	770
726	771
727	772
728	773
729	774
730	775
731	776
732	777
733	778
734	779
735	780
736	781
737	782
738	783
739	784
740	785
741	786
742	787
743	788
744	789
745	790
746	791
747	792
748	793
749	794
750	795
751	796
752	797
753	798
754	799
755	800
756	801
757	802
758	803
759	804
760	805
761	806
762	807
763	808
764	809
765	810
766	811
767	812
768	813
769	814
770	815
771	816
772	817
773	818
774	819
775	820
776	821
777	822
778	823
779	824
780	825
781	826
782	827
783	828
784	829
785	830
786	831
787	832
788	833
789	834
790	835
791	836
792	837
793	838
794	839
795	840
796	841
797	842
798	843
799	844
800	845
801	846
802	847
803	848
804	849
805	850
806	851
807	852
808	853
809	854
810	855
811	856
812	857
813	858
814	859
815	860
816	861
817	862
818	863
819	864
820	865
821	866
822	867
823	868
824	869
825	870
826	871
827	872
828	873
829	874
830	875
831	876
832	877
833	878
834	879
835	880
836	881
837	882
838	883
839	884
840	885
841	886
842	887
843	888
844	889
845	890
846	891
847	892
848	893
849	894
850	895
851	896
852	897
853	898
854	899
855	900
856	901
857	902
858	903
859	904
860	905
861	906
862	907
863	908
864	909
865	910
866	911
867	912
868	913
869	914
870	915
871	916
872	917
873	918
874	919
875	920
876	921
877	922
878	923
879	924
880	925
881	926
882	927
883	928
884	929
885	930
886	931
887	932
888	933
889	934
890	935
891	936
892	937
893	938
894	939
895	940
896	941
897	942
898	943
899	944
900	945
901	946
902	947
903	948
904	949
905	950
906	951
907	952
908	953
909	954
910	955
911	956
912	957
913	958
914	959
915	960
916	961
917	962
918	963
919	964
920	965
921	966
922	967
923	968
924	969
925	970
926	971
927	972
928	973
929	974
930	975
931	976
932	977
933	978
934	979
935	980
936	981
937	982
938	983
939	984
940	985
941	986
942	987
943	988
944	989
945	990
946	991
947	992
948	993
949	994
950	995
951	996
952	997
953	998
954	999
955	1000
956	1001
957	1002
958	1003
959	1004
960	1005
961	1006
962	1007
963	1008
964	1009
965	1010
966	1011
967	1012
968	1013
969	1014
970	1015
971	1016
972	1017
973	1018
974	1019
975	1020
976	1021
977	1022
978	1023
979	1024
980	1025
981	1026
982	1027
983	1028
984	1029
985	1030
986	1031
987	1032
988	1033
989	1034
990	1035
991	1036
992	1037
993	1038
994	1039
995	1040
996	1041
997	1042
998	1043
999	1044
1000	1045
1001	1046
1002	1047
1003	1048
1004	1049
1005	1050
1006	1051
1007	1052
1008	1053
1009	1054
1010	1055
1011	1056
1012	1057
1013	1058
1014	1059
1015	1060
1016	1061
1017	1062
1018	1063
1019	1064
1020	1065
1021	1066
1022	1067
1023	1068
1024	1069
1025	1070
1026	1071
1027	1072
1028	1073
1029	1074
1030	1075
1031	1076
1032	1077
1033	1078
1034	1079
1035	1080
1036	1081
1037	1082
1038	1083
1039	1084
1040	1085
1041	1086
1042	1087
1043	1088
1044	1089
1045	1090
1046	1091
1047	1092
1048	1093
1049	1094
1050	1095
1051	1096
1052	1097
1053	1098
1054	1099
1055	1100
1056	1101
1057	1102
1058	1103
1059	1104
1060	1105
1061	1106
1062	1107
1063	1108
1064	1109
1065	1110
1066	1111
1067	1112
1068	1113
1069	1114
1070	1115
1071	1116
1072	1117
1073	1118
1074	1119
1075	1120
1076	1121
1077	1122
1078	1123
1079	1124
1080	1125
1081	1126
1082	1127
1083	1128
1084	1129
1085	1130
1086	1131
1087	1132
1088	1133
1089	1134
1090	1135
1091	1136
1092	1137
1093	1138
1094	1139
1095	1140
1096	1141
1097	1142
1098	1143
1099	1144
1100	1145
1101	1146
1102	1147
1103	1148
1104	1149
1105	1150
1106	1151
1107	1152
1108	1153
1109	1154
1110	1155
1111	1156
1112	1157
1113	1158
1114	1159
1115	1160
1116	1161
1117	1162
1118	1163
1119	1164
1120	1165
1121	1166
1122	1167
1123	1168
1124	1169
1125	1170
1126	1171
1127	1172
1128	1173
1129	1174
1130	1175
1131	1176
1132	1177
1133	1178
1134	1179
1135	1180
1136	1181
1137	1182
1138	1183
1139	1184
1140	1185
1141	1186
1142	1187
1143	1188
1144	1189
1145	1190
1146	1191
1147	1192
1148	1193
1149	1194
1150	1195
1151	1196
1152	1197
1153	1198
1154	1199
1155	1200
1156	1201
1157	1202
1158	1203
1159	1204
1160	1205
1161	1206
1162	1207
1163	1208
1164	1209
1165	1210
1166	1211
1167	1212
1168	1213
1169	1214
1170	1215
1171	1216
1172	1217
1173	1218
1174	1219
1175	1220
1176	1221
1177	1222
1178	1223
1179	1224
1180	1225
1181	1226
1182	1227
1183	1228
1184	1229
1185	1230
1186	1231
1187	1232
1188	1233
1189	1234
1190	1235
1191	1236
1192	1237
1193	1238
1194	1239
1195	1240
1196	1241
1197	1242
1198	1243
1199	1244
1200	1245
1201	1246
1202	1247
1203	1248
1204	1249
1205	1250
1206	1251
1207	1252
1208	1253
1209	1254
1210	1255
1211	1256
1212	1257
1213	1258
1214	1259
1215	1260
1216	1261
1217	1262
1218	1263
1219	1264
1220	1265
1221	1266
1222	1267
1223	1268
1224	1269
1225	1270
1226	1271
1227	1272
1228	1273
1229	1274
1230	1275
1231	1276
1232	1277
1233	1278
1234	1279
1235	1280
1236	1281
1237	1282
1238	1283
1239	1284
1240	1285
1241	1286
1242	1287
1243	1288
1244	1289
1245	1290
1246	1291
1247	1292
1248	1293
1249	1294
1250	1295
1251	1296
1252	1297
1253	1298
1254	1299
1255	1300
1256	1301
1257	1302
1258	1303
1259	1304
1260	1305
1261	1306
1262	1307
1263	1308
1264	1309
1265	1310
1266	1311
1267	1312
1268	1313
1269	1314
1270	1315
1271	1316
1272	1317
1273	1318
1274	1319
1275	1320
1276	1321
1277	1322
1278	1323
1279	1324
1280	1325
1281	1326
1282	1327
1283	1328
1284	1329
1285	1330
1286	1331
1287	1332
1288	1333
1289	1334
1290	1335
1291	1336
1292	1337
1293	1338
1294	1339
1295	1340
1296	1341
1297	1342
1298	1343
1299	1344
1300	1345
1301	1346
1302	1347
1303	1348
1304	1349
1305	1350
1306	1351
1307	1352
1308	1353
1309	1354
1310	1355
1311	1356
1312	1357
1313	1358
1314	1359
1315	1360
1316	1361
1317	1362
1318	1363
1319	1364
1320	1365
1321	1366
1322	1367
1323	1368
1324	1369
1325	1370
1326	1371
1327	1372
1328	1373
1329	1374
1330	1375
1331	1376
1332	1377
1333	1378
1334	1379
1335	1380
1336	1381
1337	1382
1338	1383
1339	1384
1340	1385
1341	1386
1342	1387
1343	1388
1344	1389
1345	1390
1346	1391
1347	1392
1348	1393
1349	1394
1350	1395
1351	1396
1352	1397
1353	1398
1354	1399
1355	1400
1356	1401
1357	1402
1358	1403
1359	1404
1360	1405
1361	1406
1362	1407
1363	1408
1364	1409
1365	1410
1366	1411
1367	1412
1368	1413
1369	1414
1370	1415
1371	1416
1372	1417
1373	1418
1374	1419
1375	1420
1376	1421
1377	1422
1378	1423
1379	1424
1380	1425
1381	1426
1382	1427
1383	1428
1384	1429
1385	1430
1386	1431
1387	1432
1388	1433
1389	1434
1390	1435
1391	1436
1392	1437
1393	1438
1394	1439
1395	1440
1396	1441
1397	1442
1398	1443
1399	1444
1400	1445
1401	1446
1402	1447
1403	1448
1404	1449
1405	1450
1406	1451
1407	1452
1408	1453
1409	1454
1410	1455
1411	1456
1412	1457
1413	1458
1414	1459
1415	1460
1416	1461
1417	1462
1418	1463
1419	1464
1420	1465
1421	1466
1422	1467
1423	1468
1424	1469
1425	1470
1426	1471
1427	1472
1428	1473
1429	1474
1430	1475
1431	1476
1432	1477
1433	1478
1434	1479
1435	1480
1436	1481
1437	1482
1438	1483
1439	1484
1440	1485
1441	1486
1442	1487
1443	1488
1444	1489
1445	1490
1446	1491
1447	1492
1448	1493
1449	1494
1450	1495
1451	1496
1452	1497
1453	1498
1454	1499
1455	1500
1456	1501
1457	1502
1458	1503
1459	1504
1460	1505
1461	1506
1462	1507
1463	1508
1464	1509
1465	1510
1466	1511
1467	1512
1468	1513
1469	1514
1470	1515
1471	1516
1472	1517
1473	1518
1474	1519
1475	1520
1476	1521
1477	1522
1478	1523
1479	1524
1480	1525
1481	1526
1482	1527
1483	1528
1484	1529
1485	1530
1486	1531
1487	1532
1488	1533
1489	1534
1490	1535
1491	1536
1492	1537
1493	1538
1494	1539
1495	1540
1496	1541
1497	1542
1498	1543
1499	1544
1500	1545
1501	1546
1502	1547
1503	1548
1504	1549
1505	1550
1506	1551
1507	1552
1508	1553
1509	1554
1510	1555
1511	1556
1512	1557
1513	1558
1514	1559
1515	1560
1516	1561
1517	1562
1518	1563
1519	1564
1520	1565
1521	1566
1522	1567
1523	1568
1524	1569
1525	1570
1526	1571
1527	1572
1528	1573
1529	1574
1530	1575
1531	1576
1532	1577
1533	1578
1534	1579
1535	1580
1536	1581
1537	1582
1538	1583
1539	1584
1540	1585
1541	1586
1542	1587
1543	1588
1544	1589
1545	1590
1546	1591
1547	1592
1548	1593
1549	1594
1550	1595
1551	1596
1552	1597
1553	1598
1554	1599
1555	1600
1556	1601
1557	1602
1558	1603
1559	1604
1560	1605
1561	1606
1562	1607
1563	1608
1564	1609
1565	1610
1566	1611
1567	1612
1568	1613
1569	1614
1570	1615
1571	1616
1572	1617
1573	1618
1574	1619
1575	1620
1576	1621
1577	1622
1578	1623
1579	1624
1580	1625
1581	1626
1582	1627
1583	1628
1584	1629
1585	1630
1586	1631
1587	1632
1588	1633
1589	1634
1590	1635
1591	1636
1592	1637
1593	1638
1594	1639
1595	1640
1596	1641
1597	1642
1598	1643
1599	1644
1600	1645
1601	1646
1602	1647
1603	1648
1604	1649
1605	1650
1606	1651
1607	1652
1608	1653
1609	1654
1610	1655
1611	1656
1612	1657
1613	1658
1614	1659
1615	1660
1616	1661
1617	1662
1618	1663
1619	1664
1620	1665
1621	1666
1622	1667
1623	1668
1624	1669
1625	1670
1626	1671
1627	1672
1628	1673
1629	1674
1630	1675
1631	1676
1632	1677
1633	1678
1634	1679
1635	1680
1636	1681
1637	1682
1638	1683
1639	1684
1640	1685
1641	1686
1642	1687
1643	1688
1644	1689
1645	1690
1646	1691
1647	1692
1648	1693
1649	1694
1650	1695
1651	1696
1652	1697
1653	1698
1654	1699
1655	1700
1656	1701
1657	1702
1658	1703
1659	1704
1660	1705
1661	1706
1662	1707
1663	1708
1664	1709
1665	1710
1666	1711
1667	1712
1668	1713
1669	1714
1670	1715
1671	1716
1672	1717
1673	1718
1674	1719
1675	1720
1676	1721
1677	1722
1678	1723
1679	1724
1680	1725
1681	1726
1682	1727
1683	1728
1684	1729
1685	1730
1686	1731
1687	1732
1688	1733
1689	1734
1690	1735
1691	1736
1692	1737
1693	1738
1694	1739
1695	1740
1696	1741
1697	1742
1698	1743
1699	1744
1700	1745
1701	1746
1702	1747
1703	1748
1704	1749
1705	1750
1706	1751
1707	1752
1708	1753
1709	1754
1710	1755
1711	1756
1712	1757
1713	1758
1714	1759
1715	1760
1716	1761
1717	1762
1718	1763
1719	1764
1720	1765
1721	1766
1722	1767
1723	1768
1724	1769
1725	1770
1726	1771
1727	1772
1728	1773
1729	1774
1730	1775
1731	1776
1732	1777
1733	1778
1734	1779
1735	1780
1736	1781
1737	1782
1738	1783
1739	1784
1740	1785
1741	1786
1742	1787
1743	1788
1744	1789
1745	1790
1746	1791
1747	1792
1748	1793
1749	1794
1750	1795
1751	1796
1752	1797
1753	1798
1754	1799
1755	1800
1756	1801
1757	1802
1758	1803
1759	1804
1760	1805
1761	1806
1762	1807
1763	1808
1764	1809
1765	1810
1766	1811
1767	1812
1768	1813
1769	1814
1770	1815
1771	1816
1772	1817
1773	1818
1774	1819
1775	1820
1776	1821
1777	1822
1778	1823
1779	1824
1780	1825
1781	1826
1782	1827
1783	1828
1784	1829
1785	1830
1786	1831
1787	1832
1788	1833
1789	1834
1790	1835
1791	1836
1792	1837
1793	1838
1794	1839
1795	1840
1796	1841
1797	1842
1798	1843
1799	1844
1800	1845
1801	1846
1802	1847
1803	1848
1804	1849
1805	1850
1806	1851
1807	1852
1808	1853
1809	1854
1810	1855
1811	1856
1812	1857
1813	1858
1814	1859
1815	1860
1816	1861
1817	1862
1818	1863
1819	1864
1820	1865
1821	1866
1822	1867
1823	1868
1824	1869
1825	1870
1826	1871
1827	1872
1828	1873
1829	1874
1830	1875
1831	1876
1832	1877
1833	1878
1834	1879
1835	1880
1836	1881
1837	1882
1838	1883
1839	1884
1840	1885
1841	1886
1842	1887
1843	1888
1844	1889
1845	1890
1846	1891
1847	1892
1848	1893
1849	1894
1850	1895
1851	1896
1852	1897
1853	1898
1854	1899
1855	1900
1856	1901
1857	1902
1858	1903
1859	1904
1860	1905
1861	1906
1862	1907
1863	1908
1864	1909
1865	1910
1866	1911
1867	1912
1868	1913
1869	1914
1870	1915
1871	1916
1872	1917
1873	1918
1874	1919
1875	1920
1876	1921
1877	1922
1878	1923
1879	1924
1880	1925
1881	1926
1882	1927
1883	1928
1884	1929
1885	1930
1886	1931
1887	1932
1888	1933
1889	1934
1890	1935
1891	1936
1892	1937
1893	1938
1894	1939
1895	1940
1896	1941
1897	1942
1898	1943
1899	1944
1900	1945
1901	1946
1902	1947
1903	1948
1904	1949
1905	1950
1906	1951
1907	1952
1908	1953
1909	1954
1910	1955
1911	1956
1912	1957
1913	1958
1914	1959
1915	1960
1916	1961
1917	1962
1918	1963
1919	1964
1920	1965
1921	1966
1922	1967
1923	1968
1924	1969
1925	1970
1926	1971
1927	1972
1928	1973
1929	1974
1930	1975
1931	1976
1932	1977
1933	1978
1934	1979
1935	1980
1936	1981
1937	1982
1938	1983
1939	1984
1940	1985
1941	1986
1942	1987
1943	1988
1944	1989
1945	1990
1946	1991
1947	1992
1948	1993
1949	1994
1950	1995
1951	1996
1952	1997
1953	1998
1954	1999
1955	2000
1956	2001
1957	2002
1958	2003
1959	2004
1960	2005
1961	2006
1962	2007
1963	2008
1964	2009
1965	2010
1966	2011
1967	2012
1968	2013
1969	2014
1970	2015
1971	2016
1972	2017
1973	2018
1974	2019
1975	2020
1976	2021
1977	2022
1978	2023
1979	2024
1980	2025
1981	2026
1982	2027
1983	2028
1984	2029
1985	2030
1986	2031
1987	2032
1988	2033
1989	2034
1990	2035
1991	2036
1992	2037
1993	2038
1994	2039
1995	2040
1996	2041
1997	2042
1998	2043
1999	2044
2000	2045
2001	2046
2002	2047
2003	2048
2004	2049
2005	2050
2006	2051
2007	2052
2008	2053
2009	2054
2010	2055
2011	2056
2012	2057
2013	2058
2014	2059
2015	2060
2016	2061
2017	2062
2018	2063
2019	2064
2020	2065
2021	2066
2022	2067
2023	2068
2024	2069
2025	2070
2026	2071
2027	2072
2028	2073
2029	2074
2030	2075
2031	2076
2032	2077
2033	2078
2034	2079
2035	2080
2036	2081
2037	2082
2038	2083
2039	2084
2040	2085
2041	2086
2042	2087
2043	2088
2044	2089
2045	2090
2046	2091
2047	2092
2048	2093
2049	2094
2050	2095
2051	2096
2052	2097
2053	2098
2054	2099
2055	2100
2056	2101
2057	2102
2058	2103
2059	2104
2060	2105
2061	2106
2062	2107
2063	2108
2064	2109
2065	2110
2066	2111
2067	2112
2068	2113
2069	2114
2070	2115
2071	2116
2072	2117
2073	2118
2074	2119
2075	2120
2076	2121
2077	2122
2078	2123
2079	2124
2080	2125
2081	2126
2082	2127
2083	2128
2084	2129
2085	2130
2086	2131
2087	2132
2088	2133
2089	2134
2090	2135
2091	2136
2092	2137
2093	2138
2094	2139
2095	2140
2096	2141
2097	2142
2098	2143
2099	2144
2100	2145
2101	2146
2102	2147
2103	2148
2104	2149
2105	2150
2106	2151
2107	2152
2108	2153
2109	2154
2110	2155
2111	2156
2112	2157
2113	2158
2114	2159
2115	2160
2116	2161
2117	2162
2118	2163
2119	2164
2120	2165
2121	2166
2122	2167
2123	2168
2124	2169
2125	2170
2126	2171
2127	2172
2128	2173
2129	2174
2130	2175
2131	2176
2132	2177
2133	2178
2134	2179
2135	2180
2136	2181
2137	2182
2138	2183
2139	2184
2140	2185
2141	2186
2142	2187
2143	2188
2144	2189
2145	2190
2146	2191
2147	2192
2148	2193
2149	2194
2150	2195
2151	2196
2152	2197
2153	2198
2154	2199
2155	2200
2156	2201
2157	2202
2158	2203
2159	2204
2160	2205
2161	2206
2162	2207
2163	2208
2164	2209
2165	2210
2166	2211
2167	2212
2168	2213
2169	2214
2170	2215
2171	2216
2172	2217
2173	2218
2174	2219
2175	2220
2176	2221
2177	2222
2178	2223
2179	2224
2180	2225
2181	2226
2182	2227
2183	2228
2184	2229
2185	2230
2186	2231
2187	2232
2188	2233
2189	2234
2190	2235
2191	2236
2192	2237
2193	2238
2194	2239
2195	2240
2196	2241
2197	2242
2198	2243
2199	2244
2200	2245
2201	2246
2202	2247
2203	2248
2204	2249
2205	2250
2206	2251
2207	2252
2208	2253
2209	2254
2210	2255
2211	2256
2212	2257
2213	2258
2214	2259
2215	2260
2216	2261
2217	2262
2218	2263
2219	2264
2220	2265
2221	2266
2222	2267
2223	2268
2224	2269
2225	2270
2226	2271
2227	2272
2228	2273
2229	2274
2230	2275
2231	2276
2232	2277
2233	2278
2234	2279
2235	2280
2236	2281
2237	2282
2238	2283
2239	2284
2240	2285
2241	2286
2242	2287
2243	2288
2244	2289
2245	2290
2246	2291
2247	2292
2248	2293
2249	2294
2250	2295
2251	2296
2252	2297
2253	2298
2254	2299
2255	2300
2256	2301
2257	2302
2258	2303
2259	2304
2260	2305
2261	2306
2262	2307
2263	2308
2264	2309
2265	2310
2266	2311
2267	2312
2268	2313
2269	2314
2270	2315
2271	2316
2272	2317
2273	2318
2274	2319
2275	2320
2276	2321
2277	2322
2278	2323
2279	2324
2280	2325
2281	2326
2282	2327
2283	2328
2284	2329
2285	2330
2286	2331
2287	2332
2288	2333
2289	2334
2290	2335
2291	2336
2292	2337
2293	2338
2294	2339
2295	2340
2296	2341
2297	2342
2298	2343
2299	2344
2300	2345
2301	2346
2302	2347
2303	2348
2304	2349
2305	2350
2306	2351
2307	2352
2308	2353
2309	2354
2310	2355
2311	2356
2312	2357
2313	2358
2314	2359
2315	2360
2316	2361
2317	2362
2318	2363
2319	2364
2320	2365
2321	2366
2322	2367
2323	2368
2324	2369
2325	2370
2326	2371
2327	2372
2328	2373
2329	2374
2330	2375
2331	2376
2332	2377
2333	2378
2334	2379
2335	2380
2336	2381
2337	2382
2338	2383
2339	2384
2340	2385
2341	2386
2342	2387
2343	2388
2344	2389
2345	2390
2346	2391
2347	2392
2348	2393
2349	2394
2350	2395
2351	2396
2352	2397
2353	2398
2354	2399
2355	2400
2356	2401
2357	2402
2358	2403
2359	2404
2360	2405
2361	2406
2362	2407
2363	2408
2364	2409
2365	2410
2366	2411
2367	2412
2368	2413
2369	2414
2370	2415
2371	2416
2372	2417
2373	2418
2374	2419
2375	2420
2376	2421
2377	2422
2378	2423
2379	2424
2380	2425
2381	2426
2382	2427
2383	2428
2384	2429
2385	2430
2386	2431
2387	2432
2388	2433
2389	2434
2390	2435
2391	2436
2392	2437
2393	2438
2394	2439
2395	2440
2396	2441
2397	2442
2398	2443
2399	2444
2400	2445
2401	2446
2402	2447
2403	2448
2404	2449
2405	2450
2406	2451
2407	2452
2408	2453
2409	2454
2410	2455
2411	2456
2412	2457
2413	2458
2414	2459
2415	2460
2416	2461
2417	2462
2418	2463
2419	2464
2420	2465
2421	2466
2422	2467
2423	2468
2424	2469
2425	2470
2426	2471
2427	2472
2428	2473
2429	2474
2430	2475
2431	2476
2432	2477
2433	2478
2434	2479
2435	2480
2436	2481
2437	2482
2438	2483
2439	2484
2440	2485
2441	2486
2442	2487
2443	2488
2444	2489
2445	2490
2446	2491
2447	2492
2448	2493
2449	2494
2450	2495
2451	2496
2452	2497
2453	2498
2454	2499
2455	2500
2456	2501
2457	2502
2458	2503
2459	2504
2460	2505
2461	2506
2462	2507
2463	2508
2464	2509
2465	2510
2466	2511
2467	2512
2468	2513
2469	2514
2470	2515
2471	2516
2472	2517
2473	2518
2474	2519
2475	2520
2476	2521
2477	2522
2478	2523
2479	2524
2480	2525
2481	2526
2482	2527
2483	2528
2484	2529
2485	2530
2486	2531
2487	2532
2488	2533
2489	2534
2490	2535
2491	2536
2492	2537
2493	2538
2494	2539
2495	2540
2496	2541
2497	2542
2498	2543
2499	2544
2500	2545
2501	2546
2502	2547
2503	2548
2504	2549
2505	2550
2506	2551
2507	2552
2508	2553
2509	2554
2510	2555
2511	2556
2512	2557
2513	2558
2514	2559
2515	2560
2516	2561
2517	2562
2518	2563
2519	2564
2520	2565
2521	2566
2522	2567
2523	2568
2524	2569
2525	2570
2526	2571
2527	2572
2528	2573
2529	2574
2530	2575
2531	2576
2532	2577
2533	2578
2534	2579
2535	2580
2536	2581
2537	2582
2538	2583
2539	2584
2540	2585
2541	2586
2542	2587
2543	2588
2544	2589
2545	2590
2546	2591
2547	2592
2548	2593
2549	2594
2550	2595
2551	2596
2552	2597
2553	2598
2554	2599
2555	2600
2556	2601
2557	2602
2558	2603
2559	2604
2560	2605
2561	2606
2562	2607
2563	2608
2564	2609
2565	2610
2566	2611
2567	2612
2568	2613
2569	2614
2570	2615
2571	2616
2572	2617
2573	2618
2574	2619
2575	2620
2576	2621
2577	2622
2578	2623
2579	2624
2580	2625
2581	2626
2582	2627
2583	2628
2584	2629
2585	2630
2586	2631
2587	2632
2588	2633
2589	2634
2590	2635
2591	2636
2592	2637
2593	2638
2594	2639
2595	2640
2596	2641
2597	2642
2598	2643
2599	2644
2600	2645
2601	2646
2602	2647
2603	2648
2604	2649
2605	2650
2606	2651
2607	2652
2608	2653
2609	2654
2610	2655
2611	2656
2612	2657
2613	2658
2614	2659
2615	2660
2616	2661
2617	2662
2618	2663
2619	2664
2620	2665
2621	2666
2622	2667
2623	2668
2624	2669
2625	2670
2626	2671
2627	2672
2628	2673
2629	2674
2630	2675
2631	2676
2632	2677
2633	2678
2634	2679
2635	2680
2636	2681
2637	2682
2638	2683
2639	2684
2640	2685
2641	2686
2642	2687
2643	2688
2644	2689
2645	2690
2646	2691
2647	2692
2648	2693
2649	2694
2650	2695
2651	2696
2652	2697
2653	2698
2654	2699
2655	2700
2656	2701
2657	2702
2658	2703
2659	2704
2660	2705
2661	2706
2662	2707
2663	2708
2664	2709
2665	2710
2666	2711
2667	2712
2668	2713
2669	2714
2670	2715
2671	2716
2672	2717
2673	2718
2674	2719
2675	2720
2676	2721
2677	2722
2678	2723
2679	2724
2680	2725
2681	2726
2682	2727
2683	2728
2684	2729
2685	2730
2686	2731
2687	2732
2688	2733
2689	2734
2690	2735
2691	2736
2692	2737
2693	2738
2694	2739
2695	2740
2696	2741
2697	2742
2698	2743
2699	2744
2700	2745
2701	2746
2702	2747
2703	2748
2704	2749
2705	2750
2706	2751
2707	2752
2708	2753
2709	2754
2710	2755
2711	2756
2712	2757
2713	2758
2714	2759
2715	2760
2716	2761
2717	2762
2718	2763
2719	2764
2720	2765
2721	2766
2722	2767
2723	2768
2724	2769
2725	2770
2726	2771
2727	2772
2728	2773
2729	2774
2730	2775
2731	2776
2732	2777
2733	2778
2734	2779
2735	2780
2736	2781
2737	2782
2738	2783
2739	2784
2740	2785
2741	2786
2742	2787
2743	2788
2744	2789
2745	2790
2746	2791
2747	2792
2748	2793
2749	2794
2750	2795
2751	2796
2752	2797
2753	2798
2754	2799
2755	2800
2756	2801
2757	2802
2758	2803
2759	2804
2760	2805
2761	2806
2762	2807
2763	2808
2764	2809
2765	2810
2766	2811
2767	2812
2768	2813
2769	2814
2770	2815
2771	2816
2772	2817
2773	2818
2774	2819
2775	2820
2776	2821
2777	2822
2778	2823
2779	2824
2780	2825
2781	2826
2782	2827
2783	2828
2784	2829
2785	2830
2786	2831
2787	2832
2788	2833
2789	2834
2790	2835
2791	2836
2792	2837
2793	2838
2794	2839
2795	2840
2796	2841
2797	2842
2798	2843
2799	2844
2800	2845
2801	2846
2802	2847
2803	2848
2804	2849
2805	2850
2806	2851
2807	2852
2808	2853
2809	2854
2810	2855
2811	2856
2812	2857
2813	2858
2814	2859
2815	2860
2816	2861
2817	2862
2818	2863
2819	2864
2820	2865
2821	2866
2822	2867
2823	2868
2824	2869
2825	2870
2826	2871
2827	2872
2828	2873
2829	2874
2830	2875
2831	2876
2832	2877
2833	2878
2834	2879
2835	2880
2836	2881
2837	2882
2838	2883
2839	2884
2840	2885
2841	2886
2842	2887
2843	2888
2844	2889
2845	2890
2846	2891
2847	2892
2848	2893
2849	2894
2850	2895
2851	2896
2852	2897
2853	2898
2854	2899
2855	2900
2856	2901
2857	2902
2858	2903
2859	2904
2860	2905
2861	2906
2862	2907
2863	2908
2864	2909
2865	2910
2866	2911
2867	2912
2868	2913
2869	2914
2870	2915
2871	2916
2872	2917
2873	2918
2874	2919
2875	2920
2876	2921
2877	2922
2878	2923
2879	2924
2880	2925
2881	2926
2882	2927
2883	2928
2884	2929
2885	2930
2886	2931
2887	2932
2888	2933
2889	2934
2890	2935
2891	2936
2892	2937
2893	2938
2894	2939
2895	2940
2896	2941
2897	2942
2898	2943
2899	2944
2900	2945
2901	2946
2902	2947
2903	2948
2904	2949
2905	2950
2906	2951
2907	2952
2908	2953
2909	2954
2910	2955
2911	2956
2912	2957
2913	2958
2914	2959
2915	2960
2916	2961
2917	2962
2918	2963
2919	2964
2920	2965
2921	2966
2922	2967
2923	2968
2924	2969
2925	2970
2926	2971
2927	2972
2928	2973
2929	2974
2930	2975
2931	2976
2932	2977
2933	2978
2934	2979
2935	2980
2936	2981
2937	2982
2938	2983
2939	2984
2940	2985
2941	2986
2942	2987
2943	2988
2944	2989
2945	2990
2946	2991
2947	2992
2948	2993
2949	2994
2950	2995
2951	2996
2952	2997
2953	2998
2954	2999
2955	3000
2956	3001
2957	3002
2958	3003
2959	3004
2960	3005
2961	3006
2962	3007
2963	3008
2964	3009
2965	3010
2966	3011
2967	3012
2968	3013
2969	3014
2970	3015
2971	3016
2972	3017
2973	3018
2974	3019
2975	3020
2976	3021
2977	3022
2978	3023
2979	3024
2980	3025
2981	3026
2982	3027
2983	3028
2984	3029
2985	3030
2986	3031
2987	3032
2988	3033
2989	3034
2990	3035
2991	3036
2992	3037
2993	3038
2994	3039
2995	3040
2996	3041
2997	3042
2998	3043
2999	3044
3000	3045
3001	3046
3002	3047
3003	3048
3004	3049
3005	3050
3006	3051
3007	3052
3008	3053
3009	3054
3010	3055
3011	3056
3012	3057
3013	3058
3014	3059
3015	3060
3016	3061
3017	3062
3018	3063
3019	3064
3020	3065
3021	3066
3022	3067
3023	3068
3024	3069
3025	3070
3026	3071
3027	3072
3028	3073
3029	3074
3030	3075
3031	3076
3032	3077
3033	3078
3034	3079
3035	3080
3036	3081
3037	3082
3038	3083
3039	3084
3040	3085
3041	3086
3042	3087
3043	3088
3044	3089
3045	3090
3046	3091
3047	3092
3048	3093
3049	3094
3050	3095
3051	3096
3052	3097
3053	3098
3054	3099
3055	3100
3056	3101
3057	3102
3058	3103
3059	3104
3060	3105
3061	3106
3062	3107
3063	3108
3064	3109
3065	3110
3066	3111
3067	3112
3068	3113
3069	3114
3070	3115
3071	3116
3072	3117
3073	3118
3074	3119
3075	3120
3076	3121
3077	3122
3078	3123
3079	3124
3080	3125
3081	3126
3082	3127
3083	3128
3084	3129
3085	3130
3086	3131
3087	3132
3088	3133
3089	3134
3090	3135
3091	3136
3092	3137
3093	3138
3094	3139
3095	3140
3096	3141
3097	3142
3098	3143
3099	3144
3100	3145
3101	3146
3102	3147
3103	3148
3104	3149
3105	3150
3106	3151
3107	3152
3108	3153
3109	3154
3110	3155
3111	3156
3112	3157
3113	3158
3114	3159
3115	3160
3116	3161
3117	3162
3118	3163
3119	3164
3120	3165
3121	3166
3122	3167
3123	3168
3124	3169
3125	3170
3126	3171
3127	3172
3128	3173
3129	3174
3130	3175
3131	3176
3132	3177
3133	3178
3134	3179
3135	3180
3136	3181
3137	3182
3138	3183
3139	3184
3140	3185
3141	3186
3142	3187
3143	3188
3144	3189
3145	3190
3146	3191
3147	3192
3148	3193
3149	3194
3150	3195
3151	3196
3152	3197
3153	3198
3154	3199
3155	3200
3156	3201
3157	3202
3158	3203
3159	3204
3160	3205
3161	3206
3162	3207
3163	3208
3164	3209
3165	3210
3166	3211
3167	3212
3168	3213
3169	3214
3170	3215
3171	3216
3172	3217
3173	3218
3174	3219
3175	3220
3176	3221
3177	3222
3178	3223
3179	3224
3180	3225
3181	3226
3182	3227
3183	3228
3184	3229
3185	3230
3186	3231
3187	3232
3188	3233
3189	3234
3190	3235
3191	3236
3192	3237
3193	3238
3194	3239
3195	3240
3196	3241
3197	3242
3198	3243
3199	3244
3200	3245
3201	3246
3202	3247
3203	3248
3204	3249
3205	3250
3206	3251
3207	3252
3208	3253
3209	3254
3210	3255
3211	3256
3212	3257
3213	3258
3214	3259
3215	3260
3216	3261
3217	3262
3218	3263
3219	3264
3220	3265
3221	3266
3222	3267
3223	3268
3224	3269
3225	3270
3226	3271
3227	3272
3228	3273
3229	3274
3230	3275
3231	3276
3232	3277
3233	3278
3234	3279
3235	3280
3236	3281
3237	3282
3238	3283
3239	3284
3240	3285
3241	3286
3242	3287
3243	3288
3244	3289
3245	3290
3246	3291
3247	3292
3248	3293
3249	3294
3250	3295
3251	3296
3252	3297
3253	3298
3254	3299
3255	3300
3256	3301
3257	3302
3258	3303
3259	3304
3260	3305
3261	3306
3262	3307
3263	3308
3264	3309
3265	3310
3266	3311
3267	3312
3268	3313
3269	3314
3270	3315
3271	3316
3272	3317
3273	3318
3274	3319
3275	3320
3276	3321
3277	3322
3278	3323
3279	3324
3280	3325
3281	3326
3282	3327
3283	3328
3284	3329
3285	3330
3286	3331
3287	3332
3288	3333
3289	3334
3290	3335
3291	3336
3292	3337
3293	3338
3294	3339
3295	3340
3296	3341
3297	3342
3298	3343
3299	3344
3300	3345
3301	3346
3302	3347
3303	3348
3304	3349
3305	3350
3306	3351
3307	3352
3308	3353
3309	3354
3310	3355
3311	3356
3312	3357
3313	3358
3314	3359
3315	3360
3316	3361
3317	3362
3318	3363
3319	3364
3320	3365
3321	3366
3322	3367
3323	3368
3324	3369
3325	3370
3326	3371
3327	3372
3328	3373
3329	3374
3330	3375
3331	3376
3332	3377
3333	3378
3334	3379
3335	3380
3336	3381
3337	3382
3338	3383
3339	3384
3340	3385
3341	3386
3342	3387
3343	3388
3344	3389
3345	3390
3346	3391
3347	3392
3348	3393
3349	3394
3350	3395
3351	3396
3352	3397
3353	3398
3354	3399
3355	3400
3356	3401
3357	3402
3358	3403
3359	3404
3360	3405
3361	3406
3362	3407
3363	3408
3364	3409
3365	3410
3366	3411
3367	3412
3368	3413
3369	3414
3370	3415
3371	3416
3372	3417
3373	3418
3374	3419
3375	3420
3376	3421
3377	3422
3378	3423
3379	3424
3380	3425
3381	3426
3382	3427
3383	3428
3384	3429
3385	3430
3386	3431
3387	3432
3388	3433
3389	3434
3390	3435
3391	3436
3392	3437
3393	3438
3394	3439
3395	3440
3396	3441
3397	3442
3398	3443
3399	3444
3400	3445
3401	3446
3402	3447
3403	3448
3404	3449
3405	3450
3406	3451
3407	3452
3408	3453
3409	3454
3410	3455
3411	3456
3412	3457
3413	3458
3414	3459
3415	3460
3416	3461
3417	3462
3418	3463
3419	3464
3420	3465
3421	3466
3422	3467
3423	3468
3424	3469
3425	3470
3426	3471
3427	3472
3428	3473
3429	3474
3430	3475
3431	3476
3432	3477
3433	3478
3434	3479
3435	3480
3436	3481
3437	3482
3438	3483
3439	3484
3440	3485
3441	3486
3442	3487
3443	3488
3444	3489
3445	3490
3446	3491
3447	3492
3448	3493
3449	3494
3450	3495
3451	3496
3452	3497
3453	3498
3454	3499
3455	3500
3456	3501
3457	3502
3458	3503
3459	3504
3460	3505
3461	3506
3462	3507
3463	3508
3464	3509
3465	3510
3466	3511
3467	3512
3468	3513
3469	3514
3470	3515
3471	3516
3472	3517
3473	3518
3474	3519
3475	3520
3476	3521
3477	3522
3478	3523
3479	3524
3480	3525
3481	3526
3482	3527
3483	3528
3484	3529
3485	3530
3486	3531
3487	3532
3488	3533
3489	3534
3490	3535
3491	3536
3492	3537
3493	3538
3494	3539
3495	3540
3496	3541
3497	3542
3498	3543
3499	3544
3500	3545
3501	3546
3502	3547
3503	3548
3504	3549
3505	3550
3506	3551
3507	3552
3508	3553
3509	3554
3510	3555
3511	3556
3512	3557
3513	3558
3514	3559
3515	3560
3516	3561
3517	3562
3518	3563
3519	3564
3520	3565
3521	3566
3522	3567
3523	3568
3524	3569
3525	3570
3526	3571
3527	3572
3528	3573
3529	3574
3530	3575
3531	3576
3532	3577
3533	3578
3534	3579
3535	3580
3536	3581
3537	3582
3538	3583
3539	3584
3540	3585
3541	3586
3542	3587
3543	3588
3544	3589
3545	3590
3546	3591
3547	3592
3548	3593
3549	3594
3550	3595
3551	3596
3552	3597
3553	3598
3554	3599
3555	3600
3556	3601
3557	3602
3558	3603
3559	3604
3560	3605
3561	3606
3562	3607
3563	3608
3564	3609
3565	3610
3566	3611
3567	3612
3568	3613
3569	3614
3570	3615
3571	3616
3572	3617
3573	3618
3574	3619
3575	3620
3576	3621
3577	3622
3578	3623
3579	3624
3580	3625
3581	3626
3582	3627
3583	3628
3584	3629
3585	3630
3586	3631
3587	3632
3588	3633
3589	3634
3590	3635
3591	3636
3592	3637
3593	3638
3594	3639
3595	3640
3596	3641
3597	3642
3598	3643
3599	3644
3600	3645
3601	3646
3602	3647
3603	3648
3604	3649
3605	3650
3606	3651
3607	3652
3608	3653
3609	3654
3610	3655
3611	3656
3612	3657
3613	3658
3614	3659
3615	3660
3616	3661
3617	3662
3618	3663
3619	3664
3620	3665
3621	3666
3622	3667
3623	3668
3624	3669
3625	3670
3626	3671
3627	3672
3628	3673
3629	3674
3630	3675
3631	3676
3632	3677
3633	3678
3634	3679
3635	3680
3636	3681
3637	3682
3638	3683
3639	3684
3640	3685
3641	3686
3642	3687
3643	3688
3644	3689
3645	3690
3646	3691
3647	3692
3648	3693
3649	3694
3650	3695
3651	3696
3652	3697
3653	3698
3654	3699
3655	3700
3656	3701
3657	3702
3658	3703
3659	3704
3660	3705
3661	3706
3662	3707
3663	3708
3664	3709
3665	3710
3666	3711
3667	3712
3668	3713
3669	3714
3670	3715
3671	3716
3672	3717
3673	3718
3674	3719
3675	3720
3676	3721
3677	3722
3678	3723
3679	3724
3680	3725
3681	3726
3682	3727
3683	3728
3684	3729
3685	3730
3686	3731
3687	3732
3688	3733
3689	3734
3690	3735
3691	3736
3692	3737
3693	3738
3694	3739
3695	3740
3696	3741
3697	3742
3698	3743
3699	3744
3700	3745
3701	3746
3702	3747
3703	3748
3704	3749
3705	3750
3706	3751
3707	3752
3708	3753
3709	3754
3710	3755
3711	3756
3712	3757
3713	3758
3714	3759
3715	3760
3716	3761
3717	3762
3718	3763
3719	3764
3720	3765
3721	3766
3722	3767
3723	3768
3724	3769
3725	3770
3726	3771
3727	3772
3728	3773
3729	3774
3730	3775
3731	3776
3732	3777
3733	3778
3734	3779
3735	3780
3736	3781
3737	3782
3738	3783
3739	3784
3740	3785
3741	3786
3742	3787
3743	3788
3744	3789
3745	3790
3746	3791
3747	3792
3748	3793
3749	3794
3750	3795
3751	3796
3752	3797
3753	3798
3754	3799
3755	3800
3756	3801
3757	3802
3758	3803
3759	3804
3760	3805
3761	3806
3762	3807
3763	3808
3764	3809
3765	3810
3766	3811
3767	3812
3768	3813
3769	3814
3770	3815
3771	3816
3772	3817
3773	3818
3774	3819
3775	3820
3776	3821
3777	3822
3778	3823
3779	3824
3780	3825
3781	3826
3782	3827
3783	3828
3784	3829
3785	3830
3786	3831
3787	3832
3788	3833
3789	3834
3790	3835
3791	3836
3792	3837
3793	3838
3794	3839
3795	3840
3796	3841
3797	3842
3798	3843
3799	3844
3800	3845
3801	3846
3802	3847
3803	3848
3804	3849
3805	3850
3806	3851
3807	3852
3808	3853
3809	3854
3810	3855
3811	3856
3812	3857
3813	3858
3814	3859
3815	3860
3816	3861
3817	3862
3818	3863
3819	3864
3820	3865
3821	3866
3822	3867
3823	3868
3824	3869
3825	3870
3826	3871
3827	3872
3828	3873
3829	3874
3830	3875
3831	3876
3832	3877
3833	3878
3834	3879
3835	3880
3836	3881
3837	3882
3838	3883
3839	3884
3840	3885
3841	3886
3842	3887
3843	3888
3844	3889
3845	3890
3846	3891
3847	3892
3848	3893
3849	3894
3850	3895
3851	3896
3852	3897
3853	3898
3854	3899
3855	3900
3856	3901
3857	3902
3858	3903
3859	3904
3860	3905
3861	3906
3862	3907
3863	3908
3864	3909
3865	3910
3866	3911
3867	3912
3868	3913
3869	3914
3870	3915
3871	3916
3872	3917
3873	3918
3874	3919
3875	3920
3876	3921
3877	3922
3878	3923
3879	3924
3880	3925
3881	3926
3882	3927
3883	3928
3884	3929
3885	3930
3886	3931
3887	3932
3888	3933
3889	3934
3890	3935
3891	3936
3892	3937
3893	3938
3894	3939
3895	3940
3896	3941
3897	3942
3898	3943
3899	3944
3900	3945
3901	3946
3902	3947
3903	3948
3904	3949
3905	3950
3906	3951
3907	3952
3908	3953
3909	3954
3910	3955
3911	3956
3912	3957
3913	3958
3914	3959
3915	3960
3916	3961
3917	3962
3918	3963
3919	3964
3920	3965
3921	3966
3922	3967
3923	3968
3924	3969
3925	3970
3926	3971
3927	3972
3928	3973
3929	3974
3930	3975
3931	3976
3932	3977
3933	3978
3934	3979
3935	3980
3936	3981
3937	3982
3938	3983
3939	3984
3940	3985
3941	3986
3942	3987
3943	3988
3944	3989
3945	3990
3946	3991
3947	3992
3948	3993
3949	3994
3950	3995
3951	3996
3952	3997
3953	3998
3954	3999
3955	4000
3956	4001
3957	4002
3958	4003
3959	4004
3960	4005
3961	4006
3962	4007
3963	4008
3964	4009
3965	4010
3966	4011
3967	4012
3968	4013
3969	4014
3970	4015
3971	4016
3972	4017
3973	4018
3974	4019
3975	4020
3976	4021
3977	4022
3978	4023
3979	4024
3980	4025
3981	4026
3982	4027
3983	4028
3984	4029
3985	4030
3986	4031
3987	4032
3988	4033
3989	4034
3990	4035
3991	4036
3992	4037
3993	4038
3994	4039
3995	4040
3996	4041
3997	4042
3998	4043
3999	4044
4000	4045
4001	4046
4002	4047
4003	4048
4004	4049
4005	4050
4006	4051
4007	4052
4008	4053
4009	4054
4010	4055
4011	4056
4012	4057
4013	4058
4014	4059
4015	4060
4016	4061
4017	4062
4018	4063
4019	4064
4020	4065
4021	4066
4022	4067
4023	4068
4024	4069
4025	4070
4026	4071
4027	4072
4028	4073
4029	4074
4030	4075
4031	4076
4032	4077
4033	4078
4034	4079
4035	4080
4036	4081
4037	4082
4038	4083
4039	4084
4040	4085
4041	4086
4042	4087
4043	4088
4044	4089
4045	4090
4046	4091
4047	4092
4048	4093
4049	4094
4050	4095
4051	4096
4052	4097
4053	4098
4054	4099
4055	4100
4056	4101
4057	4102
4058	4103
4059	4104
4060	4105
4061	4106
4062	4107
4063	4108
4064	4109
4065	4110
4066	4111
4067	4112
4068	4113
4069	4114
4070	4115
4071	4116
4072	4117
4073	4118
4074	4119
4075	4120
4076	4121
4077	4122
4078	4123
4079	4124
4080	4125
4081	4126
4082	4127
4083	4128
4084	4129
4085	4130
4086	4131
4087	4132
4088	4133
4089	4134
4090	4135
4091	4136
4092	4137
4093	4138
4094	4139
4095	4140
4096	4141
4097	4142
4098	4143
4099	4144
4100	4145
4101	4146
4102	4147
4103	4148
4104	4149
4105	4150
4106	4151
4107	4152
4108	4153
4109	4154
4110	4155
4111	4156
4112	4157
4113	4158
4114	4159
4115	4160
4116	4161
4117	4162
4118	4163
4119	4164
4120	4165
4121	4166
4122	4167
4123	4168
4124	4169
4125	4170
4126	4171
4127	4172
4128	4173
4129	4174
4130	4175
4131	4176
4132	4177
4133	4178
4134	4179
4135	4180
4136	4181
4137	4182
4138	4183
4139	4184
4140	4185
4141	4186
4142	4187
4143	4188
4144	4189
4145	4190
4146	4191
4147	4192
4148	4193
4149	4194
4150	4195
4151	4196
4152	4197
4153	4198
4154	4199
4155	4200
4156	4201
4157	4202
4158	4203
4159	4204
4160	4205
4161	4206
4162	4207
4163	4208
4164	4209
4165	4210
4166	4211
4167	4212
4168	4213
4169	4214
4170	4215
4171	4216
4172	4217
4173	4218
4174	4219
4175	4220
4176	4221
4177	4222
4178	4223
4179	4224
4180	4225
4181	4226
4182	4227
4183	4228
4184	4229
4185	4230
4186	4231
4187	4232
4188	4233
4189	4234
4190	4235
4191	4236
4192	4237
4193	4238
4194	4239
4195	4240
4196	4241
4197	4242
4198	4243
4199	4244
4200	4245
4201	4246
4202	4247
4203	4248
4204	4249
4205	4250
4206	4251
4207	4252
4208	4253
4209	4254
4210	4255
4211	4256
4212	4257
4213	4258
4214	4259
4215	4260
4216	4261
4217	4262
4218	4263
4219	4264
4220	4265
4221	4266
4222	4267
4223	4268
4224	4269
4225	4270
4226	4271
4227	4272
4228	4273
4229	4274
4230	4275
4231	4276
4232	4277
4233	4278
4234	4279
4235	4280
4236	4281
4237	4282
4238	4283
4239	4284
4240	4285
4241	4286
4242	4287
4243	4288
4244	4289
4245	4290
4246	4291
4247	4292
4248	4293
4249	4294
4250	4295
4251	4296
4252	4297
4253	4298
4254	4299
4255	4300
4256	4301
4257	4302
4258	4303
4259	4304
4260	4305
4261	4306
4262	4307
4263	4308
4264	4309
4265	4310
4266	4311
4267	4312
4268	4313
4269	4314
4270	4315
4271	4316
4272	4317
4273	4318
4274	4319
4275	4320
4276	4321
4277	4322
4278	4323
4279	4324
4280	4325
4281	4326
4282	4327
4283	4328
4284	4329
4285	4330
4286	4331
4287	4332
4288	4333
4289	4334
4290	4335
4291	4336
4292	4337
4293	4338
4294	4339
4295	4340
4296	4341
4297	4342
4298	4343
4299	4344
4300	4345
4301	4346
4302	4347
4303	4348
4304	4349
4305	4350
4306	4351
4307	4352
4308	4353
4309	4354
4310	4355
4311	4356
4312	4357
4313	4358
4314	4359
4315	4360
4316	4361
4317	4362
4318	4363
4319	4364
4320	4365
4321	4366
4322	4367
4323	4368
4324	4369
4325	4370
4326	4371
4327	4372
4328	4373
4329	4374
4330	4375
4331	4376
4332	4377
4333	4378
4334	4379
4335	4380
4336	4381
4337	4382
4338	4383
4339	4384
4340	4385
4341	4386
4342	4387
4343	4388
4344	4389
4345	4390
4346	4391
4347	4392
4348	4393
4349	4394
4350	4395
4351	4396
4352	4397
4353	4398
4354	4399
4355	4400
4356	4401
4357	4402
4358	4403
4359	4404
4360	4405
4361	4406
4362	4407
4363	4408
4364	4409
4365	4410
4366	4411
4367	4412
4368	4413
4369	4414
4370	4415
4371	4416
4372	4417
4373	4418
4374	4419
4375	4420
4376	4421
4377	4422
4378	4423
4379	4424
4380	4425
4381	4426
4382	4427
4383	4428
4384	4429
4385	4430
4386	4431
4387	4432
4388	4433
4389	4434
4390	4435
4391	4436
4392	4437
4393	4438
4394	4439
4395	4440
4396	4441
4397	4442
4398	4443
4399	4444
4400	4445
4401	4446
4402	4447
4403	4448
4404	4449
4405	4450
4406	4451
4407	4452
4408	4453
4409	4454
4410	4455
4411	4456
4412	4457
4413	4458
4414	4459
4415	4460
4416	4461
4417	4462
4418	4463
4419	4464
4420	4465
4421	4466
4422	4467
4423	4468
4424	4469
4425	4470
4426	4471
4427	4472
4428	4473
4429	4474
4430	4475
4431	4476
4432	4477
4433	4478
4434	4479
4435	4480
4436	4481
4437	4482
4438	4483
4439	4484
4440	4485
4441	4486
4442	4487
4443	4488
4444	4489
4445	4490
4446	4491
4447	4492
4448	4493
4449	4494
4450	4495
4451	4496
4452	4497
4453	4498
4454	4499
4455	4500
4456	4501
4457	4502
4458	4503
4459	4504
4460	4505
4461	4506
4462	4507
4463	4508
4464	4509
4465	4510
4466	4511
4467	4512
4468	4513
4469	4514
4470	4515
4471	4516
4472	4517
4473	4518
4474	4519
4475	4520
4476	4521
4477	4522
4478	4523
4479	4524
4480	4525
4481	4526
4482	4527
4483	4528
4484	4529
4485	4530
4486	4531
4487	4532
4488	4533
4489	4534
4490	4535
4491	4536
4492	4537
4493	4538
4494	4539
4495	4540
4496	4541
4497	4542
4498	4543
4499	4544
4500	4545
4501	4546
4502	4547
4503	4548
4504	4549
4505	4550
4506	4551
4507	4552
4508	4553
4509	4554
4510	4555
4511	4556
4512	4557
4513	4558
4514	4559
4515	4560
4516	4561
4517	4562
4518	4563
4519	4564
4520	4565
4521	4566
4522	4567
4523	4568
4524	4569
4525	4570
4526	4571
4527	4572
4528	4573
4529	4574
4530	4575
4531	4576
4532	4577
4533	4578
4534	4579
4535	4580
4536	4581
4537	4582
4538	4583
4539	4584
4540	4585
4541	4586
4542	4587
4543	4588
4544	4589
4545	4590
4546	4591
4547	4592
4548	4593
4549	4594
4550	4595
4551	4596
4552	4597
4553	4598
4554	4599
4555	4600
4556	4601
4557	4602
4558	4603
4559	4604
4560	4605
4561	4606
4562	4607
4563	4608
4564	4609
4565	4610
4566	4611
4567	4612
4568	4613
4569	4614
4570	4615
4571	4616
4572	4617
4573	4618
4574	4619
4575	4620
4576	4621
4577	4622
4578	4623
4579	4624
4580	4625
4581	4626
4582	4627
4583	4628
4584	4629
4585	4630
4586	4631
4587	4632
4588	4633
4589	4634
4590	4635
4591	4636
4592	4637
4593	4638
4594	4639
4595	4640
4596	4641
4597	4642
4598	4643
4599	4644
4600	4645
4601	4646
4602	4647
4603	4648
4604	4649
4605	4650
4606	4651
4607	4652
4608	4653
4609	4654
4610	4655
4611	4656
4612	4657
4613	4658
4614	4659
4615	4660
4616	4661
4617	4662
4618	4663
4619	4664
4620	4665
4621	4666
4622	4667
4623	4668
4624	4669
4625	4670
4626	4671
4627	4672
4628	4673
4629	4674
4630	4675
4631	4676
4632	4677
4633	4678
4634	4679
4635	4680
4636	4681
4637	4682
4638	4683
4639	4684
4640	4685
4641	4686
4642	4687
4643	4688
4644	4689
4645	4690
4646	4691
4647	4692
4648	4693
4649	4694
4650	4695
4651	4696
4652	4697
4653	4698
4654	4699
4655	4700
4656	4701
4657	4702
4658	4703
4659	4704
4660	4705
4661	4706
4662	4707
4663	4708
4664	4709
4665	4710
4666	4711
4667	4712
4668	4713
4669	4714
4670	4715
4671	4716
4672	4717
4673	4718
4674	4719
4675	4720
4676	4721
4677	4722
4678	4723
4679	4724
4680	4725
4681	4726
4682	4727
4683	4728
4684	4729
4685	4730
4686	4731
4687	4732
4688	4733
4689	4734
4690	4735
4691	4736
4692	4737
4693	4738
4694	4739
4695	4740
4696	4741
4697	4742
4698	4743
4699	4744
4700	4745
4701	4746
4702	4747
4703	4748
4704	4749
4705	4750
4706	4751
4707	4752
4708	4753
4709	4754
4710	4755
4711	4756
4712	4757
4713	4758
4714	4759
4715	4760
4716	4761
4717	4762
4718	4763
4719	4764
4720	4765
4721	4766
4722	4767
4723	4768
4724	4769
4725	4770
4726	4771
4727	4772
4728	4773
4729	4774
4730	4775
4731	4776
4732	4777
4733	4778
4734	4779
4735	4780
4736	4781
4737	4782
4738	4783
4739	4784
4740	4785
4741	4786
4742	4787
4743	4788
4744	4789
4745	4790
4746	4791
4747	4792
4748	4793
4749	4794
4750	4795
4751	4796
4752	4797
4753	4798
4754	4799
4755	4800
4756	4801
4757	4802
4758	4803
4759	4804
4760	4805
4761	4806
4762	4807
4763	4808
4764	4809
4765	4810
4766	4811
4767	4812
4768	4813
4769	4814
4770	4815
4771	4816
4772	4817
4773	4818
4774	4819
4775	4820
4776	4821
4777	4822
4778	4823
4779	4824
4780	4825
4781	4826
4782	4827
4783	4828
4784	4829
4785	4830
4786	4831
4787	4832
4788	4833
4789	4834
4790	4835
4791	4836
4792	4837
4793	4838
4794	4839
4795	4840
4796	4841
4797	4842
4798	4843
4799	4844
4800	4845
4801	4846
4802	4847
4803	4848
4804	4849
4805	4850
4806	4851
4807	4852
4808	4853
4809	4854
4810	4855
4811	4856
4812	4857
4813	4858
4814	4859
4815	4860
4816	4861
4817	4862
4818	4863
4819	4864
4820	4865
4821	4866
4822	4867
4823	4868
4824	4869
4825	4870
4826	4871
4827	4872
4828	4873
4829	4874
4830	4875
4831	4876
4832	4877
4833	4878
4834	4879
4835	4880
4836	4881
4837	4882
4838	4883
4839	4884
4840	4885
4841	4886
4842	4887
4843	4888
4844	4889
4845	4890
4846	4891
4847	4892
4848	4893
4849	4894
4850	4895
4851	4896
4852	4897
4853	4898
4854	4899
4855	4900
4856	4901
4857	4902
4858	4903
4859	4904
4860	4905
4861	4906
4862	4907
4863	4908
4864	4909
4865	4910
4866	4911
4867	4912
4868	4913
4869	4914
4870	4915
4871	4916
4872	4917
4873	4918
4874	4919
4875	4920
4876	4921
4877	4922
4878	4923
4879	4924
4880	4925
4881	4926
4882	4927
4883	4928
4884	4929
4885	4930
4886	4931
4887	4932
4888	4933
4889	4934
4890	4935
4891	4936
4892	4937
4893	4938
4894	4939
4895	4940
4896	4941
4897	4942
4898	4943
4899	4944
4900	4945
4901	4946
4902	4947
4903	4948
4904	4949
4905	4950
4906	4951
4907	4952
4908	4953
4909	4954
4910	4955
4911	4956
4912	4957
4913	4958
4914	4959
4915	4960
4916	4961
4917	4962
4918	4963
4919	4964
4920	4965
4921	4966
4922	4967
4923	4968
4924	4969
4925	4970
4926	4971
4927	4972
4928	4973
4929	4974
4930	4975
4931	4976
4932	4977
4933	4978
4934	4979
4935	4980
4936	4981
4937	4982
4938	4983
4939	4984
4940	4985
4941	4986
4942	4987
4943	4988
4944	4989
4945	4990
4946	4991
4947	4992
4948	4993
4949	4994
4950	4995
4951	4996
4952	4997
4953	4998
4954	4999
4955	5000
4956	5001
4957	5002
4958	5003
4959	5004
4960	5005
4961	5006
4962	5007
4963	5008
4964	5009
4965	5010
4966	5011
4967	5012
4968	5013
4969	5014
4970	5015
4971	5016
4972	5017
4973	5018
4974	5019
4975	5020
4976	5021
4977	5022
4978	5023
4979	5024
4980	5025
4981	5026
4982	5027
4983	5028
4984	5029
4985	5030
4986	5031
4987	5032
4988	5033
4989	5034
4990	5035
4991	5036
4992	5037
4993	5038
4994	5039
4995	5040
4996	5041
4997	5042
4998	5043
4999	5044
5000	5045
5001	5046
5002	5047
5003	5048
5004	5049
5005	5050
5006	5051
5007	5052
5008	5053
5009	5054
5010	5055
5011	5056
5012	5057
5013	5058
5014	5059
5015	5060
5016	5061
5017	5062
5018	5063
5019	5064
5020	5065
5021	5066
5022	5067
5023	5068
5024	5069
5025	5070
5026	5071
5027	5072
5028	5073
5029	5074
5030	5075
5031	5076
5032	5077
5033	5078
5034	5079
5035	5080
5036	5081
5037	5082
5038	5083
5039	5084
5040	5085
5041	5086
5042	5087
5043	5088
5044	5089
5045	5090
5046	5091
5047	5092
5048	5093
5049	5094
5050	5095
5051	5096
5052	5097
5053	5098
5054	5099
5055	5100
5056	5101
5057	5102
5058	5103
5059	5104
5060	5105
5061	5106
5062	5107
5063	5108
5064	5109
5065	5110
5066	5111
5067	5112
5068	5113
5069	5114
5070	5115
5071	5116
5072	5117
5073	5118
5074	5119
5075	5120
5076	5121
5077	5122
5078	5123
5079	5124
5080	5125
5081	5126
5082	5127
5083	5128
5084	5129
5085	5130
5086	5131
5087	5132
5088	5133
5089	5134
5090	5135
5091	5136
5092	5137
5093	5138
5094	5139
5095	5140
5096	5141
5097	5142
5098	5143
5099	5144
5100	5145
5101	5146
5102	5147
5103	5148
5104	5149
5105	5150
5106	5151
5107	5152
5108	5153
5109	5154
5110	5155
5111	5156
5112	5157
5113	5158
5114	5159
5115	5160
5116	5161
5117	5162
5118	5163
5119	5164
5120	5165
5121	5166
5122	5167
5123	5168
5124	5169
5125	5170
5126	5171
5127	5172
5128	5173
5129	5174
5130	5175
5131	5176
5132	5177
5133	5178
5134	5179
5135	5180
5136	5181
5137	5182
5138	5183
5139	5184
5140	5185
5141	5186
5142	5187
5143	5188
5144	5189
5145	5190
5146	5191
5147	5192
5148	5193
5149	5194
5150	5195
5151	5196
5152	5197
5153	5198
5154	5199
5155	5200
5156	5201
5157	5202
5158	5203
5159	5204
5160	5205
5161	5206
5162	5207
5163	5208
5164	5209
5165	5210
5166	5211
5167	5212
5168	5213
5169	5214
5170	5215
5171	5216
5172	5217
5173	5218
5174	5219
5175	5220
5176	5221
5177	5222
5178	5223
5179	5224
5180	5225
5181	5226
5182	5227
5183	5228
5184	5229
5185	5230
5186	5231
5187	5232
5188	5233
5189	5234
5190	5235
5191	5236
5192	5237
5193	5238
5194	5239
5195	5240
5196	5241
5197	5242
5198	5243
5199	5244
5200	5245
5201	5246
5202	5247
5203	5248
5204	5249
5205	5250
5206	5251
5207	5252
5208	5253
5209	5254
5210	5255
5211	5256
5212	5257
5213	5258
5214	5259
5215	5260
5216	5261
5217	5262
5218	5263
5219	5264
5220	5265
5221	5266
5222	5267
5223	5268
5224	5269
5225	5270
5226	5271
5227	5272
5228	5273
5229	5274
5230	5275
5231	5276
5232	5277
5233	5278
5234	5279
5235	5280
5236	5281
5237	5282
5238	5283
5239	5284
5240	5285
5241	5286
5242	5287
5243	5288
5244	5289
5245	5290
5246	5291
5247	5292
5248	5293
5249	5294
5250	5295
5251	5296
5252	5297
5253	5298
5254	5299
5255	5300
5256	5301
5257	5302
5258	5303
5259	5304
5260	5305
5261	5306
5262	5307
5263	5308
5264	5309
5265	5310
5266	5311
5267	5312
5268	5313
5269	5314
5270	5315
5271	5316
5272	5317
5273	5318
5274	5319
5275	5320
5276	5321
5277	5322
5278	5323
5279	5324
5280	5325
5281	5326
5282	5327
5283	5328
5284	5329
5285	5330
5286	5331
5287	5332
5288	5333
5289	5334
5290	5335
5291	5336
5292	5337
5293	5338
5294	5339
5295	5340
5296	5341
5297	5342
5298	5343
5299	5344
5300	5345
5301	5346
5302	5347
5303	5348
5304	5349
5305	5350
5306	5351
5307	5352
5308	5353
5309	5354
5310	5355
5311	5356
5312	5357
5313	5358
5314	5359
5315	5360
5316	5361
5317	5362
5318	5363
5319	5364
5320	5365
5321	5366
5322	5367
5323	5368
5324	5369
5325	5370
5326	5371
5327	5372
5328	5373
5329	5374
5330	5375
5331	5376
5332	5377
5333	5378
5334	5379
5335	5380
5336	5381
5337	5382
5338	5383
5339	5384
5340	5385
5341	5386
5342	5387
5343	5388
5344	5389
5345	5390
5346	5391
5347	5392
5348	5393
5349	5394
5350	5395
5351	5396
5352	5397
5353	5398
5354	5399
5355	5400
5356	5401
5357	5402
5358	5403
5359	5404
5360	5405
5361	5406
5362	5407
5363	5408
5364	5409
5365	5410
5366	5411
5367	5412
5368	5413
5369	5414
5370	5415
5371	5416
5372	5417
5373	5418
5374	5419
5375	5420
5376	5421
5377	5422
5378	5423
5379	5424
5380	5425
5381	5426
5382	5427
5383	5428
5384	5429
5385	5430
5386	5431
5387	5432
5388	5433
5389	5434
5390	5435
5391	5436
5392	5437
5393	5438
5394	5439
5395	5440
5396	5441
5397	5442
5398	5443
5399	5444
5400	5445
5401	5446
5402	5447
5403	5448
5404	5449
5405	5450
5406	5451
5407	5452
5408	5453
5409	5454
5410	5455
5411	5456
5412	5457
5413	5458
5414	5459
5415	5460
5416	5461
5417	5462
5418	5463
5419	5464
5420	5465
5421	5466
5422	5467
5423	5468
5424	5469
5425	5470
5426	5471
5427	5472
5428	5473
5429	5474
5430	5475
5431	5476
5432	5477
5433	5478
5434	5479
5435	5480
5436	5481
5437	5482
5438	5483
5439	5484
5440	5485
5441	5486
5442	5487
5443	5488
5444	5489
5445	5490
5446	5491
5447	5492
5448	5493
5449	5494
5450	5495
5451	5496
5452	5497
5453	5498
5454	5499
5455	5500
5456	5501
5457	5502
5458	5503
5459	5504
5460	5505
5461	5506
5462	5507
5463	5508
5464	5509
5465	5510
5466	5511
5467	5512
5468	5513
5469	5514
5470	5515
5471	5516
5472	5517
5473	5518
5474	5519
5475	5520
5476	5521
5477	5522
5478	5523
5479	5524
5480	5525
5481	5526
5482	5527
5483	5528
5484	5529
5485	5530
5486	5531
5487	5532
5488	5533
5489	5534
5490	5535
5491	5536
5492	5537
5493	5538
5494	5539
5495	5540
5496	5541
5497	5542
5498	5543
5499	5544
5500	5545
5501	5546
5502	5547
5503	5548
5504	5549
5505	5550
5506	5551
5507	5552
5508	5553
5509	5554
5510	5555
5511	5556
5512	5557
5513	5558
5514	5559
5515	5560
5516	5561
5517	5562
5518	5563
5519	5564
5520	5565
5521	5566
5522	5567
5523	5568
5524	5569
5525	5570
5526	5571
5527	5572
5528	5573
5529	5574
5530	5575
5531	5576
5532	5577
5533	5578
5534	5579
5535	5580
5536	5581
5537	5582
5538	5583
5539	5584
5540	5585
5541	5586
5542	5587
5543	5588
5544	5589
5545	5590
5546	5591
5547	5592
5548	5593
5549	5594
5550	5595
5551	5596
5552	5597
5553	5598
5554	5599
5555	5600
5556	5601
5557	5602
5558	5603
5559	5604
5560	5605
5561	5606
5562	5607
5563	5608
5564	5609
5565	5610
5566	5611
5567	5612
5568	5613
5569	5614
5570	5615
5571	5616
5572	5617
5573	5618
5574	5619
5575	5620
5576	5621
5577	5622
5578	5623
5579	5624
5580	5625
5581	5626
5582	5627
5583	5628
5584	5629
5585	5630
5586	5631
5587	5632
5588	5633
5589	5634
5590	5635
5591	5636
5592	5637
5593	5638
5594	5639
5595	5640
5596	5641
5597	5642
5598	5643
5599	5644
5600	5645
5601	5646
5602	5647
5603	5648
5604	5649
5605	5650
5606	5651
5607	5652
5608	5653
5609	5654
5610	5655
5611	5656
5612	5657
5613	5658
5614	5659
5615	5660
5616	5661
5617	5662
5618	5663
5619	5664
5620	5665
5621	5666
5622	5667
5623	5668
5624	5669
5625	5670
5626	5671
5627	5672
5628	5673
5629	5674
5630	5675
5631	5676
5632	5677
5633	5678
5634	5679
5635	5680
5636	5681
5637	5682
5638	5683
5639	5684
5640	5685
5641	5686
5642	5687
5643	5688
5644	5689
5645	5690
5646	5691
5647	5692
5648	5693
5649	5694
5650	5695
5651	5696
5652	5697
5653	5698
5654	5699
5655	5700
5656	5701
5657	5702
5658	5703
5659	5704
5660	5705
5661	5706
5662	5707
5663	5708
5664	5709
5665	5710
5666	5711
5667	5712
5668	5713
5669	5714
5670	5715
5671	5716
5672	5717
5673	5718
5674	5719
5675	5720
5676	5721
5677	5722
5678	5723
5679	5724
5680	5725
5681	5726
5682	5727
5683	5728
5684	5729
5685	5730
5686	5731
5687	5732
5688	5733
5689	5734
5690	5735
5691	5736
5692	5737
5693	5738
5694	5739
5695	5740
5696	5741
5697	5742
5698	5743
5699	5744
5700	5745
5701	5746
5702	5747
5703	5748
5704	5749
5705	5750
5706	5751
5707	5752
5708	5753
5709	5754
5710	5755
5711	5756
5712	5757
5713	5758
5714	5759
5715	5760
5716	5761
5717	5762
5718	5763
5719	5764
5720	5765
5721	5766
5722	5767
5723	5768
5724	5769
5725	5770
5726	5771
5727	5772
5728	5773
5729	5774
5730	5775
5731	5776
5732	5777
5733	5778
5734	5779
5735	5780
5736	5781
5737	5782
5738	5783
5739	5784
5740	5785
5741	5786
5742	5787
5743	5788
5744	5789
5745	5790
5746	5791
5747	5792
5748	5793
5749	5794
5750	5795
5751	5796
5752	5797
5753	5798
5754	5799
5755	5800
5756	5801
5757	5802
5758	5803
5759	5804
5760	5805
5761	5806
5762	5807
5763	5808
5764	5809
5765	5810
5766	5811
5767	5812
5768	5813
5769	5814
5770	5815
5771	5816
5772	5817
5773	5818
5774	5819
5775	5820
5776	5821
5777	5822
5778	5823
5779	5824
5780	5825
5781	5826
5782	5827
5783	5828
5784	5829
5785	5830
5786	5831
5787	5832
5788	5833
5789	5834
5790	5835
5791	5836
5792	5837
5793	5838
5794	5839
5795	5840
5796	5841
5797	5842
5798	5843
5799	5844
5800	5845
5801	5846
5802	5847
5803	5848
5804	5849
5805	5850
5806	5851
5807	5852
5808	5853
5809	5854
5810	5855
5811	5856
5812	5857
5813	5858
5814	5859
5815	5860
5816	5861
5817	5862
5818	5863
5819	5864
5820	5865
5821	5866
5822	5867
5823	5868
5824	5869
5825	5870
5826	5871
5827	5872
5828	5873
5829	5874
5830	5875
5831	5876
5832	5877
5833	5878
5834	5879
5835	5880
5836	5881
5837	5882
5838	5883
5839	5884
5840	5885
5841	5886
5842	5887
5843	5888
5844	5889
5845	5890
5846	5891
5847	5892
5848	5893
5849	5894
5850	5895
5851	5896
5852	5897
5853	5898
5854	5899
5855	5900
5856	5901
5857	5902
5858	5903
5859	5904
5860	5905
5861	5906
5862	5907
5863	5908
5864	5909
5865	5910
5866	5911
5867	5912
5868	5913
5869	5914
5870	5915
5871	5916
5872	5917
5873	5918
5874	5919
5875	5920
5876	5921
5877	5922
5878	5923
5879	5924
5880	5925
5881	5926
5882	5927
5883	5928
5884	5929
5885	5930
5886	5931
5887	5932
5888	5933
5889	5934
5890	5935
5891	5936
5892	5937
5893	5938
5894	5939
5895	5940
5896	5941
5897	5942
5898	5943
5899	5944
5900	5945
5901	5946
5902	5947
5903	5948
5904	5949
5905	5950
5906	5951
5907	5952
5908	5953
5909	5954
5910	5955
5911	5956
5912	5957
5913	5958
5914	5959
5915	5960
5916	5961
5917	5962
5918	5963
5919	5964
5920	5965
5921	5966
5922	5967
5923	5968
5924	5969
5925	5970
5926	5971
5927	5972
5928	5973
5929	5974
5930	5975
5931	5976
5932	5977
5933	5978
5934	5979
5935	5980
5936	5981
5937	5982
5938	5983
5939	5984
5940	5985
5941	5986
5942	5987
5943	5988
5944	5989
5945	5990
5946	5991
5947	5992
5948	5993
5949	5994
5950	5995
5951	5996
5952	5997
5953	5998
5954	5999
5955	6000
5956	6001
5957	6002
5958	6003
5959	6004
5960	6005
5961	6006
5962	6007
5963	6008
5964	6009
5965	6010
5966	6011
5967	6012
5968	6013
5969	6014
5970	6015
5971	6016
5972	6017
5973	6018
5974	6019
5975	6020
5976	6021
5977	6022
5978	6023
5979	6024
5980	6025
5981	6026
5982	6027
5983	6028
5984	6029
5985	6030
5986	6031
5987	6032
5988	6033
5989	6034
5990	6035
5991	6036
5992	6037
5993	6038
5994	6039
5995	6040
5996	6041
5997	6042
5998	6043
5999	6044
6000	6045
6001	6046
6002	6047
6003	6048
6004	6049
6005	6050
6006	6051
6007	6052
6008	6053
6009	6054
6010	6055
6011	6056
6012	6057
6013	6058
6014	6059
6015	6060
6016	6061
6017	6062
6018	6063
6019	6064
6020	6065
6021	6066
6022	6067
6023	6068
6024	6069
6025	6070
6026	6071
6027	6072
6028	6073
6029	6074
6030	6075
6031	6076
6032	6077
6033	6078
6034	6079
6035	6080
6036	6081
6037	6082
6038	6083
6039	6084
6040	6085
6041	6086
6042	6087
6043	6088
6044	6089
6045	6090
6046	6091
6047	6092
6048	6093
6049	6094
6050	6095
6051	6096
6052	6097
6053	6098
6054	6099
6055	6100
6056	6101
6057	6102
6058	6103
6059	6104
6060	6105
6061	6106
6062	6107
6063	6108
6064	6109
6065	6110
6066	6111
6067	6112
6068	6113
6069	6114
6070	6115
6071	6116
6072	6117
6073	6118
6074	6119
6075	6120
6076	6121
6077	6122
6078	6123
6079	6124
6080	6125
6081	6126
6082	6127
6083	6128
6084	6129
6085	6130
6086	6131
6087	6132
6088	6133
6089	6134
6090	6135
6091	6136
6092	6137
6093	6138
6094	6139
6095	6140
6096	6141
6097	6142
6098	6143
6099	6144
6100	6145
6101	6146
6102	6147
6103	6148
6104	6149
6105	6150
6106	6151
6107	6152
6108	6153
6109	6154
6110	6155
6111	6156
6112	6157
6113	6158
6114	6159
6115	6160
6116	6161
6117	6162
6118	6163
6119	6164
6120	6165
6121	6166
6122	6167
6123	6168
6124	6169
6125	6170
6126	6171
6127	6172
6128	6173
6129	6174
6130	6175
6131	6176
6132	6177
6133	6178
6134	6179
6135	6180
6136	6181
6137	6182
6138	6183
6139	6184
6140	6185
6141	6186
6142	6187
6143	6188
6144	6189
6145	6190
6146	6191
6147	6192
6148	6193
6149	6194
6150	6195
6151	6196
6152	6197
6153	6198
6154	6199
6155	6200
6156	6201
6157	6202
6158	6203
6159	6204
6160	6205
6161	6206
6162	6207
6163	6208
6164	6209
6165	6210
6166	6211
6167	6212
6168	6213
6169	6214
6170	6215
6171	6216
6172	6217
6173	6218
6174	6219
6175	6220
6176	6221
6177	6222
6178	6223
6179	6224
6180	6225
6181	6226
6182	6227
6183	6228
6184	6229
6185	6230
6186	6231
6187	6232
6188	6233
6189	6234
6190	6235
6191	6236
6192	6237
6193	6238
6194	6239
6195	6240
6196	6241
6197	6242
6198	6243
6199	6244
6200	6245
6201	6246
6202	6247
6203	6248
6204	6249
6205	6250
6206	6251
6207	6252
6208	6253
6209	6254
6210	6255
6211	6256
6212	6257
6213	6258
6214	6259
6215	6260
6216	6261
6217	6262
6218	6263
6219	6264
6220	6265
6221	6266
6222	6267
6223	6268
6224	6269
6225	6270
6226	6271
6227	6272
6228	6273
6229	6274
6230	6275
6231	6276
6232	6277
6233	6278
6234	6279
6235	6280
6236	6281
6237	6282
6238	6283
6239	6284
6240	6285
6241	6286
6242	6287
6243	6288
6244	6289
6245	6290
6246	6291
6247	6292
6248	6293
6249	6294
6250	6295
6251	6296
6252	6297
6253	6298
6254	6299
6255	6300
6256	6301
6257	6302
6258	6303
6259	6304
6260	6305
6261	6306
6262	6307
6263	6308
6264	6309
6265	6310
6266	6311
6267	6312
6268	6313
6269	6314
6270	6315
6271	6316
6272	6317
6273	6318
6274	6319
6275	6320
6276	6321
6277	6322
6278	6323
6279	6324
6280	6325
6281	6326
6282	6327
6283	6328
6284	6329
6285	6330
6286	6331
6287	6332
6288	6333
6289	6334
6290	6335
6291	6336
6292	6337
6293	6338
6294	6339
6295	6340
6296	6341
6297	6342
6298	6343
6299	6344
6300	6345
6301	6346
6302	6347
6303	6348
6304	6349
6305	6350
6306	6351
6307	6352
6308	6353
6309	6354
6310	6355
6311	6356
6312	6357
6313	6358
6314	6359
6315	6360
6316	6361
6317	6362
6318	6363
6319	6364
6320	6365
6321	6366
6322	6367
6323	6368
6324	6369
6325	6370
6326	6371
6327	6372
6328	6373
6329	6374
6330	6375
6331	6376
6332	6377
6333	6378
6334	6379
6335	6380
6336	6381
6337	6382
6338	6383
6339	6384
6340	6385
6341	6386
6342	6387
6343	6388
6344	6389
6345	6390
6346	6391
6347	6392
6348	6393
6349	6394
6350	6395
6351	6396
6352	6397
6353	6398
6354	6399
6355	6400
6356	6401
6357	6402
6358	6403
6359	6404
6360	6405
6361	6406
6362	6407
6363	6408
6364	6409
6365	6410
6366	6411
6367	6412
6368	6413
6369	6414
6370	6415
6371	6416
6372	6417
6373	6418
6374	6419
6375	6420
6376	6421
6377	6422
6378	6423
6379	6424
6380	6425
6381	6426
6382	6427
6383	6428
6384	6429
6385	6430
6386	6431
6387	6432
6388	6433
6389	6434
6390	6435
6391	6436
6392	6437
6393	6438
6394	6439
6395	6440
6396	6441
6397	6442
6398	6443
6399	6444
6400	6445
6401	6446
6402	6447
6403	6448
6404	6449
6405	6450
6406	6451
6407	6452
6408	6453
6409	6454
6410	6455
6411	6456
6412	6457
6413	6458
6414	6459
6415	6460
6416	6461
6417	6462
6418	6463
6419	6464
6420	6465
6421	6466
6422	6467
6423	6468
6424	6469
6425	6470
6426	6471
6427	6472
6428	6473
6429	6474
6430	6475
6431	6476
6432	6477
6433	6478
6434	6479
6435	6480
6436	6481
6437	6482
6438	6483
6439	6484
6440	6485
6441	6486
6442	6487
6443	6488
6444	6489
6445	6490
6446	6491
6447	6492
6448	6493
6449	6494
6450	6495
6451	6496
6452	6497
6453	6498
6454	6499
6455	6500
6456	6501
6457	6502
6458	6503
6459	6504
6460	6505
6461	6506
6462	6507
6463	6508
6464	6509
6465	6510
6466	6511
6467	6512
6468	6513
6469	6514
6470	6515
6471	6516
6472	6517
6473	6518
6474	6519
6475	6520
6476	6521
6477	6522
6478	6523
6479	6524
6480	6525
6481	6526
6482	6527
6483	6528
6484	6529
6485	6530
6486	6531
6487	6532
6488	6533
6489	6534
6490	6535
6491	6536
6492	6537
6493	6538
6494	6539
6495	6540
6496	6541
6497	6542
6498	6543
6499	6544
6500	6545
6501	6546
6502	6547
6503	6548
6504	6549
6505	6550
6506	6551
6507	6552
6508	6553
6509	6554
6510	6555
6511	6556
6512	6557
6513	6558
6514	6559
6515	6560
6516	6561
6517	6562
6518	6563
6519	6564
6520	6565
6521	6566
6522	6567
6523	6568
6524	6569
6525	6570
6526	6571
6527	6572
6528	6573
6529	6574
6530	6575
6531	6576
6532	6577
6533	6578
6534	6579
6535	6580
6536	6581
6537	6582
6538	6583
6539	6584
6540	6585
6541	6586
6542	6587
6543	6588
6544	6589
6545	6590
6546	6591
6547	6592
6548	6593
6549	6594
6550	6595
6551	6596
6552	6597
6553	6598
6554	6599
6555	6600
6556	6601
6557	6602
6558	6603
6559	6604
6560	6605
6561	6606
6562	6607
6563	6608
6564	6609
6565	6610
6566	6611
6567	6612
6568	6613
6569	6614
6570	6615
6571	6616
6572	6617
6573	6618
6574	6619
6575	6620
6576	6621
6577	6622
6578	6623
6579	6624
6580	6625
6581	6626
6582	6627
6583	6628
6584	6629
6585	6630
6586	6631
6587	6632
6588	6633
6589	6634
6590	6635
6591	6636
6592	6637
6593	6638
6594	6639
6595	6640
6596	6641
6597	6642
6598	6643
6599	6644
6600	6645
6601	6646
6602	6647
6603	6648
6604	6649
6605	6650
6606	6651
6607	6652
6608	6653
6609	6654
6610	6655
6611	6656
6612	6657
6613	6658
6614	6659
6615	6660
6616	6661
6617	6662
6618	6663
6619	6664
6620	6665
6621	6666
6622	6667
6623	6668
6624	6669
6625	6670
6626	6671
6627	6672
6628	6673
6629	6674
6630	6675
6631	6676
6632	6677
6633	6678
6634	6679
6635	6680
6636	6681
6637	6682
6638	6683
6639	6684
6640	6685
6641	6686
6642	6687
6643	6688
6644	6689
6645	6690
6646	6691
6647	6692
6648	6693
6649	6694
6650	6695
6651	6696
6652	6697
6653	6698
6654	6699
6655	6700
6656	6701
6657	6702
6658	6703
6659	6704
6660	6705
6661	6706
6662	6707
6663	6708
6664	6709
6665	6710
6666	6711
6667	6712
6668	6713
6669	6714
6670	6715
6671	6716
6672	6717
6673	6718
6674	6719
6675	6720
6676	6721
6677	6722
6678	6723
6679	6724
6680	6725
6681	6726
6682	6727
6683	6728
6684	6729
6685	6730
6686	6731
6687	6732
6688	6733
6689	6734
6690	6735
6691	6736
6692	6737
6693	6738
6694	6739
6695	6740
6696	6741
6697	6742
6698	6743
6699	6744
6700	6745
6701	6746
6702	6747
6703	6748
6704	6749
6705	6750
6706	6751
6707	6752
6708	6753
6709	6754
6710	6755
6711	6756
6712	6757
6713	6758
6714	6759
6715	6760
6716	6761
6717	6762
6718	6763
6719	6764
6720	6765
6721	6766
6722	6767
6723	6768
6724	6769
6725	6770
6726	6771
6727	6772
6728	6773
6729	6774
6730	6775
6731	6776
6732	6777
6733	6778
6734	6779
6735	6780
6736	6781
6737	6782
6738	6783
6739	6784
6740	6785
6741	6786
6742	6787
6743	6788
6744	6789
6745	6790
6746	6791
6747	6792
6748	6793
6749	6794
6750	6795
6751	6796
6752	6797
6753	6798
6754	6799
6755	6800
6756	6801
6757	6802
6758	6803
6759	6804
6760	6805
6761	6806
6762	6807
6763	6808
6764	6809
6765	6810
6766	6811
6767	6812
6768	6813
6769	6814
6770	6815
6771	6816
6772	6817
6773	6818
6774	6819
6775	6820
6776	6821
6777	6822
6778	6823
6779	6824
6780	6825
6781	6826
6782	6827
6783	6828
6784	6829
6785	6830
6786	6831
6787	6832
6788	6833
6789	6834
6790	6835
6791	6836
6792	6837
6793	6838
6794	6839
6795	6840
6796	6841
6797	6842
6798	6843
6799	6844
6800	6845
6801	6846
6802	6847
6803	6848
6804	6849
6805	6850
6806	6851
6807	6852
6808	6853
6809	6854
6810	6855
6811	6856
6812	6857
6813	6858
6814	6859
6815	6860
6816	6861
6817	6862
6818	6863
6819	6864
6820	6865
6821	6866
6822	6867
6823	6868
6824	6869
6825	6870
6826	6871
6827	6872
6828	6873
6829	6874
6830	6875
6831	6876
6832	6877
6833	6878
6834	6879
6835	6880
6836	6881
6837	6882
6838	6883
6839	6884
6840	6885
6841	6886
6842	6887
6843	6888
6844	6889
6845	6890
6846	6891
6847	6892
6848	6893
6849	6894
6850	6895
6851	6896
6852	6897
6853	6898
6854	6899
6855	6900
6856	6901
6857	6902
6858	6903
6859	6904
6860	6905
6861	6906
6862	6907
6863	6908
6864	6909
6865	6910
6866	6911
6867	6912
6868	6913
6869	6914
6870	6915
6871	6916
6872	6917
6873	6918
6874	6919
6875	6920
6876	6921
6877	6922
6878	6923
6879	6924
6880	6925
6881	6926
6882	6927
6883	6928
6884	6929
6885	6930
6886	6931
6887	6932
6888	6933
6889	6934
6890	6935
6891	6936
6892	6937
6893	6938
6894	6939
6895	6940
6896	6941
6897	6942
6898	6943
6899	6944
6900	6945
6901	6946
6902	6947
6903	6948
6904	6949
6905	6950
6906	6951
6907	6952
6908	6953
6909	6954
6910	6955
6911	6956
6912	6957
6913	6958
6914	6959
6915	6960
6916	6961
6917	6962
6918	6963
6919	6964
6920	6965
6921	6966
6922	6967
6923	6968
6924	6969
6925	6970
6926	6971
6927	6972
6928	6973
6929	6974
6930	6975
6931	6976
6932	6977
6933	6978
6934	6979
6935	6980
6936	6981
6937	6982
6938	6983
6939	6984
6940	6985
6941	6986
6942	6987
6943	6988
6944	6989
6945	6990
6946	6991
6947	6992
6948	6993
6949	6994
6950	6995
6951	6996
6952	6997
6953	6998
6954	6999
6955	7000
6956	7001
6957	7002
6958	7003
6959	7004
6960	7005
6961	7006
6962	7007
6963	7008
6964	7009
6965	7010
6966	7011
6967	7012
6968	7013
6969	7014
6970	7015
6971	7016
6972	7017
6973	7018
6974	7019
6975	7020
6976	7021
6977	7022
6978	7023
6979	7024
6980	7025
6981	7026
6982	7027
6983	7028
6984	7029
6985	7030
6986	7031
6987	7032
6988	7033
6989	7034
6990	7035
6991	7036
6992	7037
6993	7038
6994	7039
6995	7040
6996	7041
6997	7042
6998	7043
6999	7044
7000	7045
7001	7046
7002	7047
7003	7048
7004	7049
7005	7050
7006	7051
7007	7052
7008	7053
7009	7054
7010	7055
7011	7056
7012	7057
7013	7058
7014	7059
7015	7060
7016	7061
7017	7062
7018	7063
7019	7064
7020	7065
7021	7066
7022	7067
7023	7068
7024	7069
7025	7070
7026	7071
7027	7072
7028	7073
7029	7074
7030	7075
7031	7076
7032	7077
7033	7078
7034	7079
7035	7080
7036	7081
7037	7082
7038	7083
7039	7084
7040	7085
7041	7086
7042	7087
7043	7088
7044	7089
7045	7090
7046	7091
7047	7092
7048	7093
7049	7094
7050	7095
7051	7096
