1	13
2	14
3	15
4	16
5	17
6	18
7	19
8	20
9	21
10	22
11	23
12	24
13	25
14	26
15	27
16	28
17	29
18	30
19	31
20	32
21	33
22	34
23	35
24	36
25	37
26	38
27	39
28	40
29	41
30	42
31	43
32	44
33	45
34	46
35	47
36	48
37	49
38	50
39	51
40	52
41	53
42	54
43	55
44	56
45	57
46	58
47	59
48	60
49	61
50	62
51	63
52	64
53	65
54	66
55	67
56	68
57	69
58	70
59	71
60	72
61	73
62	74
63	75
64	76
65	77
66	78
67	79
68	80
69	81
70	82
71	83
72	84
73	85
74	86
75	87
76	88
77	89
78	90
79	91
80	92
81	93
82	94
83	95
84	96
85	97
86	98
87	99
88	100
89	101
90	102
91	103
92	104
93	105
94	106
95	107
96	108
97	109
98	110
99	111
100	112
101	113
102	114
103	115
104	116
105	117
106	118
107	119
108	120
109	121
110	122
111	123
112	124
113	125
114	126
115	127
116	128
117	129
118	130
119	131
120	132
121	133
122	134
123	135
124	136
125	137
126	138
127	139
128	140
129	141
130	142
131	143
132	144
133	145
134	146
135	147
136	148
137	149
138	150
139	151
140	152
141	153
142	154
143	155
144	156
145	157
146	158
147	159
148	160
149	161
150	162
151	163
152	164
153	165
154	166
155	167
156	168
157	169
158	170
159	171
160	172
161	173
162	174
163	175
164	176
165	177
166	178
167	179
168	180
169	181
170	182
171	183
172	184
173	185
174	186
175	187
176	188
177	189
178	190
179	191
180	192
181	193
182	194
183	195
184	196
185	197
186	198
187	199
188	200
189	201
190	202
191	203
192	204
193	205
194	206
195	207
196	208
197	209
198	210
199	211
200	212
201	213
202	214
203	215
204	216
205	217
206	218
207	219
208	220
209	221
210	222
211	223
212	224
213	225
214	226
215	227
216	228
217	229
218	230
219	231
220	232
221	233
222	234
223	235
224	236
225	237
226	238
227	239
228	240
229	241
230	242
231	243
232	244
233	245
234	246
235	247
236	248
237	249
238	250
239	251
240	252
241	253
242	254
243	255
244	256
245	257
246	258
247	259
248	260
249	261
250	262
251	263
252	264
253	265
254	266
255	267
256	268
257	269
258	270
259	271
260	272
261	273
262	274
263	275
264	276
265	277
266	278
267	279
268	280
269	281
270	282
271	283
272	284
273	285
274	286
275	287
276	288
277	289
278	290
279	291
280	292
281	293
282	294
283	295
284	296
285	297
286	298
287	299
288	300
289	301
290	302
291	303
292	304
293	305
294	306
295	307
296	308
297	309
298	310
299	311
300	312
301	313
302	314
303	315
304	316
305	317
306	318
307	319
308	320
309	321
310	322
311	323
312	324
313	325
314	326
315	327
316	328
317	329
318	330
319	331
320	332
321	333
322	334
323	335
324	336
325	337
326	338
327	339
328	340
329	341
330	342
331	343
332	344
333	345
334	346
335	347
336	348
337	349
338	350
339	351
340	352
341	353
342	354
343	355
344	356
345	357
346	358
347	359
348	360
349	361
350	362
351	363
352	364
353	365
354	366
355	367
356	368
357	369
358	370
359	371
360	372
361	373
362	374
363	375
364	376
365	377
366	378
367	379
368	380
369	381
370	382
371	383
372	384
373	385
374	386
375	387
376	388
377	389
378	390
379	391
380	392
381	393
382	394
383	395
384	396
385	397
386	398
387	399
388	400
389	401
390	402
391	403
392	404
393	405
394	406
395	407
396	408
397	409
398	410
399	411
400	412
401	413
402	414
403	415
404	416
405	417
406	418
407	419
408	420
409	421
410	422
411	423
412	424
413	425
414	426
415	427
416	428
417	429
418	430
419	431
420	432
421	433
422	434
423	435
424	436
425	437
426	438
427	439
428	440
429	441
430	442
431	443
432	444
433	445
434	446
435	447
436	448
437	449
438	450
439	451
440	452
441	453
442	454
443	455
444	456
445	457
446	458
447	459
448	460
449	461
450	462
451	463
452	464
453	465
454	466
455	467
456	468
457	469
458	470
459	471
460	472
461	473
462	474
463	475
464	476
465	477
466	478
467	479
468	480
469	481
470	482
471	483
472	484
473	485
474	486
475	487
476	488
477	489
478	490
479	491
480	492
481	493
482	494
483	495
484	496
485	497
486	498
487	499
488	500
489	501
490	502
491	503
492	504
493	505
494	506
495	507
496	508
497	509
498	510
499	511
500	512
501	513
502	514
503	515
504	516
505	517
506	518
507	519
508	520
509	521
510	522
511	523
512	524
513	525
514	526
515	527
516	528
517	529
518	530
519	531
520	532
521	533
522	534
523	535
524	536
525	537
526	538
527	539
528	540
529	541
530	542
531	543
532	544
533	545
534	546
535	547
536	548
537	549
538	550
539	551
540	552
541	553
542	554
543	555
544	556
545	557
546	558
547	559
548	560
549	561
550	562
551	563
552	564
553	565
554	566
555	567
556	568
557	569
558	570
559	571
560	572
561	573
562	574
563	575
564	576
565	577
566	578
567	579
568	580
569	581
570	582
571	583
572	584
573	585
574	586
575	587
576	588
577	589
578	590
579	591
580	592
581	593
582	594
583	595
584	596
585	597
586	598
587	599
588	600
589	601
590	602
591	603
592	604
593	605
594	606
595	607
596	608
597	609
598	610
599	611
600	612
601	613
602	614
603	615
604	616
605	617
606	618
607	619
608	620
609	621
610	622
611	623
612	624
613	625
614	626
615	627
616	628
617	629
618	630
619	631
620	632
621	633
622	634
623	635
624	636
625	637
626	638
627	639
628	640
629	641
630	642
631	643
632	644
633	645
634	646
635	647
636	648
637	649
638	650
639	651
640	652
641	653
642	654
643	655
644	656
645	657
646	658
647	659
648	660
649	661
650	662
651	663
652	664
653	665
654	666
655	667
656	668
657	669
658	670
659	671
660	672
661	673
662	674
663	675
664	676
665	677
666	678
667	679
668	680
669	681
670	682
671	683
672	684
673	685
674	686
675	687
676	688
677	689
678	690
679	691
680	692
681	693
682	694
683	695
684	696
685	697
686	698
687	699
688	700
689	701
690	702
691	703
692	704
693	705
694	706
695	707
696	708
697	709
698	710
699	711
700	712
701	713
702	714
703	715
704	716
705	717
706	718
707	719
708	720
709	721
710	722
711	723
712	724
713	725
714	726
715	727
716	728
717	729
718	730
719	731
720	732
721	733
722	734
723	735
724	736
725	737
726	738
727	739
728	740
729	741
730	742
731	743
732	744
733	745
734	746
735	747
736	748
737	749
738	750
739	751
740	752
741	753
742	754
743	755
744	756
745	757
746	758
747	759
748	760
749	761
750	762
751	763
752	764
753	765
754	766
755	767
756	768
757	769
758	770
759	771
760	772
761	773
762	774
763	775
764	776
765	777
766	778
767	779
768	780
769	781
770	782
771	783
772	784
773	785
774	786
775	787
776	788
777	789
778	790
779	791
780	792
781	793
782	794
783	795
784	796
785	797
786	798
787	799
788	800
789	801
790	802
791	803
792	804
793	805
794	806
795	807
796	808
797	809
798	810
799	811
800	812
801	813
802	814
803	815
804	816
805	817
806	818
807	819
808	820
809	821
810	822
811	823
812	824
813	825
814	826
815	827
816	828
817	829
818	830
819	831
820	832
821	833
822	834
823	835
824	836
825	837
826	838
827	839
828	840
829	841
830	842
831	843
832	844
833	845
834	846
835	847
836	848
837	849
838	850
839	851
840	852
841	853
842	854
843	855
844	856
845	857
846	858
847	859
848	860
849	861
850	862
851	863
852	864
853	865
854	866
855	867
856	868
857	869
858	870
859	871
860	872
861	873
862	874
863	875
864	876
865	877
866	878
867	879
868	880
869	881
870	882
871	883
872	884
873	885
874	886
875	887
876	888
877	889
878	890
879	891
880	892
881	893
882	894
883	895
884	896
885	897
886	898
887	899
888	900
889	901
890	902
891	903
892	904
893	905
894	906
895	907
896	908
897	909
898	910
899	911
900	912
901	913
902	914
903	915
904	916
905	917
906	918
907	919
908	920
909	921
910	922
911	923
912	924
913	925
914	926
915	927
916	928
917	929
918	930
919	931
920	932
921	933
922	934
923	935
924	936
925	937
926	938
927	939
928	940
929	941
930	942
931	943
932	944
933	945
934	946
935	947
936	948
937	949
938	950
939	951
940	952
941	953
942	954
943	955
944	956
945	957
946	958
947	959
948	960
949	961
950	962
951	963
952	964
953	965
954	966
955	967
956	968
957	969
958	970
959	971
960	972
961	973
962	974
963	975
964	976
965	977
966	978
967	979
968	980
969	981
970	982
971	983
972	984
973	985
974	986
975	987
976	988
977	989
978	990
979	991
980	992
981	993
982	994
983	995
984	996
985	997
986	998
987	999
988	1000
989	1001
990	1002
991	1003
992	1004
993	1005
994	1006
995	1007
996	1008
997	1009
998	1010
999	1011
1000	1012
1001	1013
1002	1014
1003	1015
1004	1016
1005	1017
1006	1018
1007	1019
1008	1020
1009	1021
1010	1022
1011	1023
1012	1024
1013	1025
1014	1026
1015	1027
1016	1028
1017	1029
1018	1030
1019	1031
1020	1032
1021	1033
1022	1034
1023	1035
1024	1036
1025	1037
1026	1038
1027	1039
1028	1040
1029	1041
1030	1042
1031	1043
1032	1044
1033	1045
1034	1046
1035	1047
1036	1048
1037	1049
1038	1050
1039	1051
1040	1052
1041	1053
1042	1054
1043	1055
1044	1056
1045	1057
1046	1058
1047	1059
1048	1060
1049	1061
1050	1062
1051	1063
1052	1064
1053	1065
1054	1066
1055	1067
1056	1068
1057	1069
1058	1070
1059	1071
1060	1072
1061	1073
1062	1074
1063	1075
1064	1076
1065	1077
1066	1078
1067	1079
1068	1080
1069	1081
1070	1082
1071	1083
1072	1084
1073	1085
1074	1086
1075	1087
1076	1088
1077	1089
1078	1090
1079	1091
1080	1092
1081	1093
1082	1094
1083	1095
1084	1096
1085	1097
1086	1098
1087	1099
1088	1100
1089	1101
1090	1102
1091	1103
1092	1104
1093	1105
1094	1106
1095	1107
1096	1108
1097	1109
1098	1110
1099	1111
1100	1112
1101	1113
1102	1114
1103	1115
1104	1116
1105	1117
1106	1118
1107	1119
1108	1120
1109	1121
1110	1122
1111	1123
1112	1124
1113	1125
1114	1126
1115	1127
1116	1128
1117	1129
1118	1130
1119	1131
1120	1132
1121	1133
1122	1134
1123	1135
1124	1136
1125	1137
1126	1138
1127	1139
1128	1140
1129	1141
1130	1142
1131	1143
1132	1144
1133	1145
1134	1146
1135	1147
1136	1148
1137	1149
1138	1150
1139	1151
1140	1152
1141	1153
1142	1154
1143	1155
1144	1156
1145	1157
1146	1158
1147	1159
1148	1160
1149	1161
1150	1162
1151	1163
1152	1164
1153	1165
1154	1166
1155	1167
1156	1168
1157	1169
1158	1170
1159	1171
1160	1172
1161	1173
1162	1174
1163	1175
1164	1176
1165	1177
1166	1178
1167	1179
1168	1180
1169	1181
1170	1182
1171	1183
1172	1184
1173	1185
1174	1186
1175	1187
1176	1188
1177	1189
1178	1190
1179	1191
1180	1192
1181	1193
1182	1194
1183	1195
1184	1196
1185	1197
1186	1198
1187	1199
1188	1200
1189	1201
1190	1202
1191	1203
1192	1204
1193	1205
1194	1206
1195	1207
1196	1208
1197	1209
1198	1210
1199	1211
1200	1212
1201	1213
1202	1214
1203	1215
1204	1216
1205	1217
1206	1218
1207	1219
1208	1220
1209	1221
1210	1222
1211	1223
1212	1224
1213	1225
1214	1226
1215	1227
1216	1228
1217	1229
1218	1230
1219	1231
1220	1232
1221	1233
1222	1234
1223	1235
1224	1236
1225	1237
1226	1238
1227	1239
1228	1240
1229	1241
1230	1242
1231	1243
1232	1244
1233	1245
1234	1246
1235	1247
1236	1248
1237	1249
1238	1250
1239	1251
1240	1252
1241	1253
1242	1254
1243	1255
1244	1256
1245	1257
1246	1258
1247	1259
1248	1260
1249	1261
1250	1262
1251	1263
1252	1264
1253	1265
1254	1266
1255	1267
1256	1268
1257	1269
1258	1270
1259	1271
1260	1272
1261	1273
1262	1274
1263	1275
1264	1276
1265	1277
1266	1278
1267	1279
1268	1280
1269	1281
1270	1282
1271	1283
1272	1284
1273	1285
1274	1286
1275	1287
1276	1288
1277	1289
1278	1290
1279	1291
1280	1292
1281	1293
1282	1294
1283	1295
1284	1296
1285	1297
1286	1298
1287	1299
1288	1300
1289	1301
1290	1302
1291	1303
1292	1304
1293	1305
1294	1306
1295	1307
1296	1308
1297	1309
1298	1310
1299	1311
1300	1312
1301	1313
1302	1314
1303	1315
1304	1316
1305	1317
1306	1318
1307	1319
1308	1320
1309	1321
1310	1322
1311	1323
1312	1324
1313	1325
1314	1326
1315	1327
1316	1328
1317	1329
1318	1330
1319	1331
1320	1332
1321	1333
1322	1334
1323	1335
1324	1336
1325	1337
1326	1338
1327	1339
1328	1340
1329	1341
1330	1342
1331	1343
1332	1344
1333	1345
1334	1346
1335	1347
1336	1348
1337	1349
1338	1350
1339	1351
1340	1352
1341	1353
1342	1354
1343	1355
1344	1356
1345	1357
1346	1358
1347	1359
1348	1360
1349	1361
1350	1362
1351	1363
1352	1364
1353	1365
1354	1366
1355	1367
1356	1368
1357	1369
1358	1370
1359	1371
1360	1372
1361	1373
1362	1374
1363	1375
1364	1376
1365	1377
1366	1378
1367	1379
1368	1380
1369	1381
1370	1382
1371	1383
1372	1384
1373	1385
1374	1386
1375	1387
1376	1388
1377	1389
1378	1390
1379	1391
1380	1392
1381	1393
1382	1394
1383	1395
1384	1396
1385	1397
1386	1398
1387	1399
1388	1400
1389	1401
1390	1402
1391	1403
1392	1404
1393	1405
1394	1406
1395	1407
1396	1408
1397	1409
1398	1410
1399	1411
1400	1412
1401	1413
1402	1414
1403	1415
1404	1416
1405	1417
1406	1418
1407	1419
1408	1420
1409	1421
1410	1422
1411	1423
1412	1424
1413	1425
1414	1426
1415	1427
1416	1428
1417	1429
1418	1430
1419	1431
1420	1432
1421	1433
1422	1434
1423	1435
1424	1436
1425	1437
1426	1438
1427	1439
1428	1440
1429	1441
1430	1442
1431	1443
1432	1444
1433	1445
1434	1446
1435	1447
1436	1448
1437	1449
1438	1450
1439	1451
1440	1452
1441	1453
1442	1454
1443	1455
1444	1456
1445	1457
1446	1458
1447	1459
1448	1460
1449	1461
1450	1462
1451	1463
1452	1464
1453	1465
1454	1466
1455	1467
1456	1468
1457	1469
1458	1470
1459	1471
1460	1472
1461	1473
1462	1474
1463	1475
1464	1476
1465	1477
1466	1478
1467	1479
1468	1480
1469	1481
1470	1482
1471	1483
1472	1484
1473	1485
1474	1486
1475	1487
1476	1488
1477	1489
1478	1490
1479	1491
1480	1492
1481	1493
1482	1494
1483	1495
1484	1496
1485	1497
1486	1498
1487	1499
1488	1500
1489	1501
1490	1502
1491	1503
1492	1504
1493	1505
1494	1506
1495	1507
1496	1508
1497	1509
1498	1510
1499	1511
1500	1512
1501	1513
1502	1514
1503	1515
1504	1516
1505	1517
1506	1518
1507	1519
1508	1520
1509	1521
1510	1522
1511	1523
1512	1524
1513	1525
1514	1526
1515	1527
1516	1528
1517	1529
1518	1530
1519	1531
1520	1532
1521	1533
1522	1534
1523	1535
1524	1536
1525	1537
1526	1538
1527	1539
1528	1540
1529	1541
1530	1542
1531	1543
1532	1544
1533	1545
1534	1546
1535	1547
1536	1548
1537	1549
1538	1550
1539	1551
1540	1552
1541	1553
1542	1554
1543	1555
1544	1556
1545	1557
1546	1558
1547	1559
1548	1560
1549	1561
1550	1562
1551	1563
1552	1564
1553	1565
1554	1566
1555	1567
1556	1568
1557	1569
1558	1570
1559	1571
1560	1572
1561	1573
1562	1574
1563	1575
1564	1576
1565	1577
1566	1578
1567	1579
1568	1580
1569	1581
1570	1582
1571	1583
1572	1584
1573	1585
1574	1586
1575	1587
1576	1588
1577	1589
1578	1590
1579	1591
1580	1592
1581	1593
1582	1594
1583	1595
1584	1596
1585	1597
1586	1598
1587	1599
1588	1600
1589	1601
1590	1602
1591	1603
1592	1604
1593	1605
1594	1606
1595	1607
1596	1608
1597	1609
1598	1610
1599	1611
1600	1612
1601	1613
1602	1614
1603	1615
1604	1616
1605	1617
1606	1618
1607	1619
1608	1620
1609	1621
1610	1622
1611	1623
1612	1624
1613	1625
1614	1626
1615	1627
1616	1628
1617	1629
1618	1630
1619	1631
1620	1632
1621	1633
1622	1634
1623	1635
1624	1636
1625	1637
1626	1638
1627	1639
1628	1640
1629	1641
1630	1642
1631	1643
1632	1644
1633	1645
1634	1646
1635	1647
1636	1648
1637	1649
1638	1650
1639	1651
1640	1652
1641	1653
1642	1654
1643	1655
1644	1656
1645	1657
1646	1658
1647	1659
1648	1660
1649	1661
1650	1662
1651	1663
1652	1664
1653	1665
1654	1666
1655	1667
1656	1668
1657	1669
1658	1670
1659	1671
1660	1672
1661	1673
1662	1674
1663	1675
1664	1676
1665	1677
1666	1678
1667	1679
1668	1680
1669	1681
1670	1682
1671	1683
1672	1684
1673	1685
1674	1686
1675	1687
1676	1688
1677	1689
1678	1690
1679	1691
1680	1692
1681	1693
1682	1694
1683	1695
1684	1696
1685	1697
1686	1698
1687	1699
1688	1700
1689	1701
1690	1702
1691	1703
1692	1704
1693	1705
1694	1706
1695	1707
1696	1708
1697	1709
1698	1710
1699	1711
1700	1712
1701	1713
1702	1714
1703	1715
1704	1716
1705	1717
1706	1718
1707	1719
1708	1720
1709	1721
1710	1722
1711	1723
1712	1724
1713	1725
1714	1726
1715	1727
1716	1728
1717	1729
1718	1730
1719	1731
1720	1732
1721	1733
1722	1734
1723	1735
1724	1736
1725	1737
1726	1738
1727	1739
1728	1740
1729	1741
1730	1742
1731	1743
1732	1744
1733	1745
1734	1746
1735	1747
1736	1748
1737	1749
1738	1750
1739	1751
1740	1752
1741	1753
1742	1754
1743	1755
1744	1756
1745	1757
1746	1758
1747	1759
1748	1760
1749	1761
1750	1762
1751	1763
1752	1764
1753	1765
1754	1766
1755	1767
1756	1768
1757	1769
1758	1770
1759	1771
1760	1772
1761	1773
1762	1774
1763	1775
1764	1776
1765	1777
1766	1778
1767	1779
1768	1780
1769	1781
1770	1782
1771	1783
1772	1784
1773	1785
1774	1786
1775	1787
1776	1788
1777	1789
1778	1790
1779	1791
1780	1792
1781	1793
1782	1794
1783	1795
1784	1796
1785	1797
1786	1798
1787	1799
1788	1800
1789	1801
1790	1802
1791	1803
1792	1804
1793	1805
1794	1806
1795	1807
1796	1808
1797	1809
1798	1810
1799	1811
1800	1812
1801	1813
1802	1814
1803	1815
1804	1816
1805	1817
1806	1818
1807	1819
1808	1820
1809	1821
1810	1822
1811	1823
1812	1824
1813	1825
1814	1826
1815	1827
1816	1828
1817	1829
1818	1830
1819	1831
1820	1832
1821	1833
1822	1834
1823	1835
1824	1836
1825	1837
1826	1838
1827	1839
1828	1840
1829	1841
1830	1842
1831	1843
1832	1844
1833	1845
1834	1846
1835	1847
1836	1848
1837	1849
1838	1850
1839	1851
1840	1852
1841	1853
1842	1854
1843	1855
1844	1856
1845	1857
1846	1858
1847	1859
1848	1860
1849	1861
1850	1862
1851	1863
1852	1864
1853	1865
1854	1866
1855	1867
1856	1868
1857	1869
1858	1870
1859	1871
1860	1872
1861	1873
1862	1874
1863	1875
1864	1876
1865	1877
1866	1878
1867	1879
1868	1880
1869	1881
1870	1882
1871	1883
1872	1884
1873	1885
1874	1886
1875	1887
1876	1888
1877	1889
1878	1890
1879	1891
1880	1892
1881	1893
1882	1894
1883	1895
1884	1896
1885	1897
1886	1898
1887	1899
1888	1900
1889	1901
1890	1902
1891	1903
1892	1904
1893	1905
1894	1906
1895	1907
1896	1908
1897	1909
1898	1910
1899	1911
1900	1912
1901	1913
1902	1914
1903	1915
1904	1916
1905	1917
1906	1918
1907	1919
1908	1920
1909	1921
1910	1922
1911	1923
1912	1924
1913	1925
1914	1926
1915	1927
1916	1928
1917	1929
1918	1930
1919	1931
1920	1932
1921	1933
1922	1934
1923	1935
1924	1936
1925	1937
1926	1938
1927	1939
1928	1940
1929	1941
1930	1942
1931	1943
1932	1944
1933	1945
1934	1946
1935	1947
1936	1948
1937	1949
1938	1950
1939	1951
1940	1952
1941	1953
1942	1954
1943	1955
1944	1956
1945	1957
1946	1958
1947	1959
1948	1960
1949	1961
1950	1962
1951	1963
1952	1964
1953	1965
1954	1966
1955	1967
1956	1968
1957	1969
1958	1970
1959	1971
1960	1972
1961	1973
1962	1974
1963	1975
1964	1976
1965	1977
1966	1978
1967	1979
1968	1980
1969	1981
1970	1982
1971	1983
1972	1984
1973	1985
1974	1986
1975	1987
1976	1988
1977	1989
1978	1990
1979	1991
1980	1992
1981	1993
1982	1994
1983	1995
1984	1996
1985	1997
1986	1998
1987	1999
1988	2000
1989	2001
1990	2002
1991	2003
1992	2004
1993	2005
1994	2006
1995	2007
1996	2008
1997	2009
1998	2010
1999	2011
2000	2012
2001	2013
2002	2014
2003	2015
2004	2016
2005	2017
2006	2018
2007	2019
2008	2020
2009	2021
2010	2022
2011	2023
2012	2024
2013	2025
2014	2026
2015	2027
2016	2028
2017	2029
2018	2030
2019	2031
2020	2032
2021	2033
2022	2034
2023	2035
2024	2036
2025	2037
2026	2038
2027	2039
2028	2040
2029	2041
2030	2042
2031	2043
2032	2044
2033	2045
2034	2046
2035	2047
2036	2048
2037	2049
2038	2050
2039	2051
2040	2052
2041	2053
2042	2054
2043	2055
2044	2056
2045	2057
2046	2058
2047	2059
2048	2060
2049	2061
2050	2062
2051	2063
2052	2064
2053	2065
2054	2066
2055	2067
2056	2068
2057	2069
2058	2070
2059	2071
2060	2072
2061	2073
2062	2074
2063	2075
2064	2076
2065	2077
2066	2078
2067	2079
2068	2080
2069	2081
2070	2082
2071	2083
2072	2084
2073	2085
2074	2086
2075	2087
2076	2088
2077	2089
2078	2090
2079	2091
2080	2092
2081	2093
2082	2094
2083	2095
2084	2096
2085	2097
2086	2098
2087	2099
2088	2100
2089	2101
2090	2102
2091	2103
2092	2104
2093	2105
2094	2106
2095	2107
2096	2108
2097	2109
2098	2110
2099	2111
2100	2112
2101	2113
2102	2114
2103	2115
2104	2116
2105	2117
2106	2118
2107	2119
2108	2120
2109	2121
2110	2122
2111	2123
2112	2124
2113	2125
2114	2126
2115	2127
2116	2128
2117	2129
2118	2130
2119	2131
2120	2132
2121	2133
2122	2134
2123	2135
2124	2136
2125	2137
2126	2138
2127	2139
2128	2140
2129	2141
2130	2142
2131	2143
2132	2144
2133	2145
2134	2146
2135	2147
2136	2148
2137	2149
2138	2150
2139	2151
2140	2152
2141	2153
2142	2154
2143	2155
2144	2156
2145	2157
2146	2158
2147	2159
2148	2160
2149	2161
2150	2162
2151	2163
2152	2164
2153	2165
2154	2166
2155	2167
2156	2168
2157	2169
2158	2170
2159	2171
2160	2172
2161	2173
2162	2174
2163	2175
2164	2176
2165	2177
2166	2178
2167	2179
2168	2180
2169	2181
2170	2182
2171	2183
2172	2184
2173	2185
2174	2186
2175	2187
2176	2188
2177	2189
2178	2190
2179	2191
2180	2192
2181	2193
2182	2194
2183	2195
2184	2196
2185	2197
2186	2198
2187	2199
2188	2200
2189	2201
2190	2202
2191	2203
2192	2204
2193	2205
2194	2206
2195	2207
2196	2208
2197	2209
2198	2210
2199	2211
2200	2212
2201	2213
2202	2214
2203	2215
2204	2216
2205	2217
2206	2218
2207	2219
2208	2220
2209	2221
2210	2222
2211	2223
2212	2224
2213	2225
2214	2226
2215	2227
2216	2228
2217	2229
2218	2230
2219	2231
2220	2232
2221	2233
2222	2234
2223	2235
2224	2236
2225	2237
2226	2238
2227	2239
2228	2240
2229	2241
2230	2242
2231	2243
2232	2244
2233	2245
2234	2246
2235	2247
2236	2248
2237	2249
2238	2250
2239	2251
2240	2252
2241	2253
2242	2254
2243	2255
2244	2256
2245	2257
2246	2258
2247	2259
2248	2260
2249	2261
2250	2262
2251	2263
2252	2264
2253	2265
2254	2266
2255	2267
2256	2268
2257	2269
2258	2270
2259	2271
2260	2272
2261	2273
2262	2274
2263	2275
2264	2276
2265	2277
2266	2278
2267	2279
2268	2280
2269	2281
2270	2282
2271	2283
2272	2284
2273	2285
2274	2286
2275	2287
2276	2288
2277	2289
2278	2290
2279	2291
2280	2292
2281	2293
2282	2294
2283	2295
2284	2296
2285	2297
2286	2298
2287	2299
2288	2300
2289	2301
2290	2302
2291	2303
2292	2304
2293	2305
2294	2306
2295	2307
2296	2308
2297	2309
2298	2310
2299	2311
2300	2312
2301	2313
2302	2314
2303	2315
2304	2316
2305	2317
2306	2318
2307	2319
2308	2320
2309	2321
2310	2322
2311	2323
2312	2324
2313	2325
2314	2326
2315	2327
2316	2328
2317	2329
2318	2330
2319	2331
2320	2332
2321	2333
2322	2334
2323	2335
2324	2336
2325	2337
2326	2338
2327	2339
2328	2340
2329	2341
2330	2342
2331	2343
2332	2344
2333	2345
2334	2346
2335	2347
2336	2348
2337	2349
2338	2350
2339	2351
2340	2352
2341	2353
2342	2354
2343	2355
2344	2356
2345	2357
2346	2358
2347	2359
2348	2360
2349	2361
2350	2362
2351	2363
2352	2364
2353	2365
2354	2366
2355	2367
2356	2368
2357	2369
2358	2370
2359	2371
2360	2372
2361	2373
2362	2374
2363	2375
2364	2376
2365	2377
2366	2378
2367	2379
2368	2380
2369	2381
2370	2382
2371	2383
2372	2384
2373	2385
2374	2386
2375	2387
2376	2388
2377	2389
2378	2390
2379	2391
2380	2392
2381	2393
2382	2394
2383	2395
2384	2396
2385	2397
2386	2398
2387	2399
2388	2400
2389	2401
2390	2402
2391	2403
2392	2404
2393	2405
2394	2406
2395	2407
2396	2408
2397	2409
2398	2410
2399	2411
2400	2412
2401	2413
2402	2414
2403	2415
2404	2416
2405	2417
2406	2418
2407	2419
2408	2420
2409	2421
2410	2422
2411	2423
2412	2424
2413	2425
2414	2426
2415	2427
2416	2428
2417	2429
2418	2430
2419	2431
2420	2432
2421	2433
2422	2434
2423	2435
2424	2436
2425	2437
2426	2438
2427	2439
2428	2440
2429	2441
2430	2442
2431	2443
2432	2444
2433	2445
2434	2446
2435	2447
2436	2448
2437	2449
2438	2450
2439	2451
2440	2452
2441	2453
2442	2454
2443	2455
2444	2456
2445	2457
2446	2458
2447	2459
2448	2460
2449	2461
2450	2462
2451	2463
2452	2464
2453	2465
2454	2466
2455	2467
2456	2468
2457	2469
2458	2470
2459	2471
2460	2472
2461	2473
2462	2474
2463	2475
2464	2476
2465	2477
2466	2478
2467	2479
2468	2480
2469	2481
2470	2482
2471	2483
2472	2484
2473	2485
2474	2486
2475	2487
2476	2488
2477	2489
2478	2490
2479	2491
2480	2492
2481	2493
2482	2494
2483	2495
2484	2496
2485	2497
2486	2498
2487	2499
2488	2500
2489	2501
2490	2502
2491	2503
2492	2504
2493	2505
2494	2506
2495	2507
2496	2508
2497	2509
2498	2510
2499	2511
2500	2512
2501	2513
2502	2514
2503	2515
2504	2516
2505	2517
2506	2518
2507	2519
2508	2520
2509	2521
2510	2522
2511	2523
2512	2524
2513	2525
2514	2526
2515	2527
2516	2528
2517	2529
2518	2530
2519	2531
2520	2532
2521	2533
2522	2534
2523	2535
2524	2536
2525	2537
2526	2538
2527	2539
2528	2540
2529	2541
2530	2542
2531	2543
2532	2544
2533	2545
2534	2546
2535	2547
2536	2548
2537	2549
2538	2550
2539	2551
2540	2552
2541	2553
2542	2554
2543	2555
2544	2556
2545	2557
2546	2558
2547	2559
2548	2560
2549	2561
2550	2562
2551	2563
2552	2564
2553	2565
2554	2566
2555	2567
2556	2568
2557	2569
2558	2570
2559	2571
2560	2572
2561	2573
2562	2574
2563	2575
2564	2576
2565	2577
2566	2578
2567	2579
2568	2580
2569	2581
2570	2582
2571	2583
2572	2584
2573	2585
2574	2586
2575	2587
2576	2588
2577	2589
2578	2590
2579	2591
2580	2592
2581	2593
2582	2594
2583	2595
2584	2596
2585	2597
2586	2598
2587	2599
2588	2600
2589	2601
2590	2602
2591	2603
2592	2604
2593	2605
2594	2606
2595	2607
2596	2608
2597	2609
2598	2610
2599	2611
2600	2612
2601	2613
2602	2614
2603	2615
2604	2616
2605	2617
2606	2618
2607	2619
2608	2620
2609	2621
2610	2622
2611	2623
2612	2624
2613	2625
2614	2626
2615	2627
2616	2628
2617	2629
2618	2630
2619	2631
2620	2632
2621	2633
2622	2634
2623	2635
2624	2636
2625	2637
2626	2638
2627	2639
2628	2640
2629	2641
2630	2642
2631	2643
2632	2644
2633	2645
2634	2646
2635	2647
2636	2648
2637	2649
2638	2650
2639	2651
2640	2652
2641	2653
2642	2654
2643	2655
2644	2656
2645	2657
2646	2658
2647	2659
2648	2660
2649	2661
2650	2662
2651	2663
2652	2664
2653	2665
2654	2666
2655	2667
2656	2668
2657	2669
2658	2670
2659	2671
2660	2672
2661	2673
2662	2674
2663	2675
2664	2676
2665	2677
2666	2678
2667	2679
2668	2680
2669	2681
2670	2682
2671	2683
2672	2684
2673	2685
2674	2686
2675	2687
2676	2688
2677	2689
2678	2690
2679	2691
2680	2692
2681	2693
2682	2694
2683	2695
2684	2696
2685	2697
2686	2698
2687	2699
2688	2700
2689	2701
2690	2702
2691	2703
2692	2704
2693	2705
2694	2706
2695	2707
2696	2708
2697	2709
2698	2710
2699	2711
2700	2712
2701	2713
2702	2714
2703	2715
2704	2716
2705	2717
2706	2718
2707	2719
2708	2720
2709	2721
2710	2722
2711	2723
2712	2724
2713	2725
2714	2726
2715	2727
2716	2728
2717	2729
2718	2730
2719	2731
2720	2732
2721	2733
2722	2734
2723	2735
2724	2736
2725	2737
2726	2738
2727	2739
2728	2740
2729	2741
2730	2742
2731	2743
2732	2744
2733	2745
2734	2746
2735	2747
2736	2748
2737	2749
2738	2750
2739	2751
2740	2752
2741	2753
2742	2754
2743	2755
2744	2756
2745	2757
2746	2758
2747	2759
2748	2760
2749	2761
2750	2762
2751	2763
2752	2764
2753	2765
2754	2766
2755	2767
2756	2768
2757	2769
2758	2770
2759	2771
2760	2772
2761	2773
2762	2774
2763	2775
2764	2776
2765	2777
2766	2778
2767	2779
2768	2780
2769	2781
2770	2782
2771	2783
2772	2784
2773	2785
2774	2786
2775	2787
2776	2788
2777	2789
2778	2790
2779	2791
2780	2792
2781	2793
2782	2794
2783	2795
2784	2796
2785	2797
2786	2798
2787	2799
2788	2800
2789	2801
2790	2802
2791	2803
2792	2804
2793	2805
2794	2806
2795	2807
2796	2808
2797	2809
2798	2810
2799	2811
2800	2812
2801	2813
2802	2814
2803	2815
2804	2816
2805	2817
2806	2818
2807	2819
2808	2820
2809	2821
2810	2822
2811	2823
2812	2824
2813	2825
2814	2826
2815	2827
2816	2828
2817	2829
2818	2830
2819	2831
2820	2832
2821	2833
2822	2834
2823	2835
2824	2836
2825	2837
2826	2838
2827	2839
2828	2840
2829	2841
2830	2842
2831	2843
2832	2844
2833	2845
2834	2846
2835	2847
2836	2848
2837	2849
2838	2850
2839	2851
2840	2852
2841	2853
2842	2854
2843	2855
2844	2856
2845	2857
2846	2858
2847	2859
2848	2860
2849	2861
2850	2862
2851	2863
2852	2864
2853	2865
2854	2866
2855	2867
2856	2868
2857	2869
2858	2870
2859	2871
2860	2872
2861	2873
2862	2874
2863	2875
2864	2876
2865	2877
2866	2878
2867	2879
2868	2880
2869	2881
2870	2882
2871	2883
2872	2884
2873	2885
2874	2886
2875	2887
2876	2888
2877	2889
2878	2890
2879	2891
2880	2892
2881	2893
2882	2894
2883	2895
2884	2896
2885	2897
2886	2898
2887	2899
2888	2900
2889	2901
2890	2902
2891	2903
2892	2904
2893	2905
2894	2906
2895	2907
2896	2908
2897	2909
2898	2910
2899	2911
2900	2912
2901	2913
2902	2914
2903	2915
2904	2916
2905	2917
2906	2918
2907	2919
2908	2920
2909	2921
2910	2922
2911	2923
2912	2924
2913	2925
2914	2926
2915	2927
2916	2928
2917	2929
2918	2930
2919	2931
2920	2932
2921	2933
2922	2934
2923	2935
2924	2936
2925	2937
2926	2938
2927	2939
2928	2940
2929	2941
2930	2942
2931	2943
2932	2944
2933	2945
2934	2946
2935	2947
2936	2948
2937	2949
2938	2950
2939	2951
2940	2952
2941	2953
2942	2954
2943	2955
2944	2956
2945	2957
2946	2958
2947	2959
2948	2960
2949	2961
2950	2962
2951	2963
2952	2964
2953	2965
2954	2966
2955	2967
2956	2968
2957	2969
2958	2970
2959	2971
2960	2972
2961	2973
2962	2974
2963	2975
2964	2976
2965	2977
2966	2978
2967	2979
2968	2980
2969	2981
2970	2982
2971	2983
2972	2984
2973	2985
2974	2986
2975	2987
2976	2988
2977	2989
2978	2990
2979	2991
2980	2992
2981	2993
2982	2994
2983	2995
2984	2996
2985	2997
2986	2998
2987	2999
2988	3000
2989	3001
2990	3002
2991	3003
2992	3004
2993	3005
2994	3006
2995	3007
2996	3008
2997	3009
2998	3010
2999	3011
3000	3012
3001	3013
3002	3014
3003	3015
3004	3016
3005	3017
3006	3018
3007	3019
3008	3020
3009	3021
3010	3022
3011	3023
3012	3024
3013	3025
3014	3026
3015	3027
3016	3028
3017	3029
3018	3030
3019	3031
3020	3032
3021	3033
3022	3034
3023	3035
3024	3036
3025	3037
3026	3038
3027	3039
3028	3040
3029	3041
3030	3042
3031	3043
3032	3044
3033	3045
3034	3046
3035	3047
3036	3048
3037	3049
3038	3050
3039	3051
3040	3052
3041	3053
3042	3054
3043	3055
3044	3056
3045	3057
3046	3058
3047	3059
3048	3060
3049	3061
3050	3062
3051	3063
3052	3064
3053	3065
3054	3066
3055	3067
3056	3068
3057	3069
3058	3070
3059	3071
3060	3072
3061	3073
3062	3074
3063	3075
3064	3076
3065	3077
3066	3078
3067	3079
3068	3080
3069	3081
3070	3082
3071	3083
3072	3084
3073	3085
3074	3086
3075	3087
3076	3088
3077	3089
3078	3090
3079	3091
3080	3092
3081	3093
3082	3094
3083	3095
3084	3096
3085	3097
3086	3098
3087	3099
3088	3100
3089	3101
3090	3102
3091	3103
3092	3104
3093	3105
3094	3106
3095	3107
3096	3108
3097	3109
3098	3110
3099	3111
3100	3112
3101	3113
3102	3114
3103	3115
3104	3116
3105	3117
3106	3118
3107	3119
3108	3120
3109	3121
3110	3122
3111	3123
3112	3124
3113	3125
3114	3126
3115	3127
3116	3128
3117	3129
3118	3130
3119	3131
3120	3132
3121	3133
3122	3134
3123	3135
3124	3136
3125	3137
3126	3138
3127	3139
3128	3140
3129	3141
3130	3142
3131	3143
3132	3144
3133	3145
3134	3146
3135	3147
3136	3148
3137	3149
3138	3150
3139	3151
3140	3152
3141	3153
3142	3154
3143	3155
3144	3156
3145	3157
3146	3158
3147	3159
3148	3160
3149	3161
3150	3162
3151	3163
3152	3164
3153	3165
3154	3166
3155	3167
3156	3168
3157	3169
3158	3170
3159	3171
3160	3172
3161	3173
3162	3174
3163	3175
3164	3176
3165	3177
3166	3178
3167	3179
3168	3180
3169	3181
3170	3182
3171	3183
3172	3184
3173	3185
3174	3186
3175	3187
3176	3188
3177	3189
3178	3190
3179	3191
3180	3192
3181	3193
3182	3194
3183	3195
3184	3196
3185	3197
3186	3198
3187	3199
3188	3200
3189	3201
3190	3202
3191	3203
3192	3204
3193	3205
3194	3206
3195	3207
3196	3208
3197	3209
3198	3210
3199	3211
3200	3212
3201	3213
3202	3214
3203	3215
3204	3216
3205	3217
3206	3218
3207	3219
3208	3220
3209	3221
3210	3222
3211	3223
3212	3224
3213	3225
3214	3226
3215	3227
3216	3228
3217	3229
3218	3230
3219	3231
3220	3232
3221	3233
3222	3234
3223	3235
3224	3236
3225	3237
3226	3238
3227	3239
3228	3240
3229	3241
3230	3242
3231	3243
3232	3244
3233	3245
3234	3246
3235	3247
3236	3248
3237	3249
3238	3250
3239	3251
3240	3252
3241	3253
3242	3254
3243	3255
3244	3256
3245	3257
3246	3258
3247	3259
3248	3260
3249	3261
3250	3262
3251	3263
3252	3264
3253	3265
3254	3266
3255	3267
3256	3268
3257	3269
3258	3270
3259	3271
3260	3272
3261	3273
3262	3274
3263	3275
3264	3276
3265	3277
3266	3278
3267	3279
3268	3280
3269	3281
3270	3282
3271	3283
3272	3284
3273	3285
3274	3286
3275	3287
3276	3288
3277	3289
3278	3290
3279	3291
3280	3292
3281	3293
3282	3294
3283	3295
3284	3296
3285	3297
3286	3298
3287	3299
3288	3300
3289	3301
3290	3302
3291	3303
3292	3304
3293	3305
3294	3306
3295	3307
3296	3308
3297	3309
3298	3310
3299	3311
3300	3312
3301	3313
3302	3314
3303	3315
3304	3316
3305	3317
3306	3318
3307	3319
3308	3320
3309	3321
3310	3322
3311	3323
3312	3324
3313	3325
3314	3326
3315	3327
3316	3328
3317	3329
3318	3330
3319	3331
3320	3332
3321	3333
3322	3334
3323	3335
3324	3336
3325	3337
3326	3338
3327	3339
3328	3340
3329	3341
3330	3342
3331	3343
3332	3344
3333	3345
3334	3346
3335	3347
3336	3348
3337	3349
3338	3350
3339	3351
3340	3352
3341	3353
3342	3354
3343	3355
3344	3356
3345	3357
3346	3358
3347	3359
3348	3360
3349	3361
3350	3362
3351	3363
3352	3364
3353	3365
3354	3366
3355	3367
3356	3368
3357	3369
3358	3370
3359	3371
3360	3372
3361	3373
3362	3374
3363	3375
3364	3376
3365	3377
3366	3378
3367	3379
3368	3380
3369	3381
3370	3382
3371	3383
3372	3384
3373	3385
3374	3386
3375	3387
3376	3388
3377	3389
3378	3390
3379	3391
3380	3392
3381	3393
3382	3394
3383	3395
3384	3396
3385	3397
3386	3398
3387	3399
3388	3400
3389	3401
3390	3402
3391	3403
3392	3404
3393	3405
3394	3406
3395	3407
3396	3408
3397	3409
3398	3410
3399	3411
3400	3412
3401	3413
3402	3414
3403	3415
3404	3416
3405	3417
3406	3418
3407	3419
3408	3420
3409	3421
3410	3422
3411	3423
3412	3424
3413	3425
3414	3426
3415	3427
3416	3428
3417	3429
3418	3430
3419	3431
3420	3432
3421	3433
3422	3434
3423	3435
3424	3436
3425	3437
3426	3438
3427	3439
3428	3440
3429	3441
3430	3442
3431	3443
3432	3444
3433	3445
3434	3446
3435	3447
3436	3448
3437	3449
3438	3450
3439	3451
3440	3452
3441	3453
3442	3454
3443	3455
3444	3456
3445	3457
3446	3458
3447	3459
3448	3460
3449	3461
3450	3462
3451	3463
3452	3464
3453	3465
3454	3466
3455	3467
3456	3468
3457	3469
3458	3470
3459	3471
3460	3472
3461	3473
3462	3474
3463	3475
3464	3476
3465	3477
3466	3478
3467	3479
3468	3480
3469	3481
3470	3482
3471	3483
3472	3484
3473	3485
3474	3486
3475	3487
3476	3488
3477	3489
3478	3490
3479	3491
3480	3492
3481	3493
3482	3494
3483	3495
3484	3496
3485	3497
3486	3498
3487	3499
3488	3500
3489	3501
3490	3502
3491	3503
3492	3504
3493	3505
3494	3506
3495	3507
3496	3508
3497	3509
3498	3510
3499	3511
3500	3512
3501	3513
3502	3514
3503	3515
3504	3516
3505	3517
3506	3518
3507	3519
3508	3520
3509	3521
3510	3522
3511	3523
3512	3524
3513	3525
3514	3526
3515	3527
3516	3528
3517	3529
3518	3530
3519	3531
3520	3532
3521	3533
3522	3534
3523	3535
3524	3536
3525	3537
3526	3538
3527	3539
3528	3540
3529	3541
3530	3542
3531	3543
3532	3544
3533	3545
3534	3546
3535	3547
3536	3548
3537	3549
3538	3550
3539	3551
3540	3552
3541	3553
3542	3554
3543	3555
3544	3556
3545	3557
3546	3558
3547	3559
3548	3560
3549	3561
3550	3562
3551	3563
3552	3564
3553	3565
3554	3566
3555	3567
3556	3568
3557	3569
3558	3570
3559	3571
3560	3572
3561	3573
3562	3574
3563	3575
3564	3576
3565	3577
3566	3578
3567	3579
3568	3580
3569	3581
3570	3582
3571	3583
3572	3584
3573	3585
3574	3586
3575	3587
3576	3588
3577	3589
3578	3590
3579	3591
3580	3592
3581	3593
3582	3594
3583	3595
3584	3596
3585	3597
3586	3598
3587	3599
3588	3600
3589	3601
3590	3602
3591	3603
3592	3604
3593	3605
3594	3606
3595	3607
3596	3608
3597	3609
3598	3610
3599	3611
3600	3612
3601	3613
3602	3614
3603	3615
3604	3616
3605	3617
3606	3618
3607	3619
3608	3620
3609	3621
3610	3622
3611	3623
3612	3624
3613	3625
3614	3626
3615	3627
3616	3628
3617	3629
3618	3630
3619	3631
3620	3632
3621	3633
3622	3634
3623	3635
3624	3636
3625	3637
3626	3638
3627	3639
3628	3640
3629	3641
3630	3642
3631	3643
3632	3644
3633	3645
3634	3646
3635	3647
3636	3648
3637	3649
3638	3650
3639	3651
3640	3652
3641	3653
3642	3654
3643	3655
3644	3656
3645	3657
3646	3658
3647	3659
3648	3660
3649	3661
3650	3662
3651	3663
3652	3664
3653	3665
3654	3666
3655	3667
3656	3668
3657	3669
3658	3670
3659	3671
3660	3672
3661	3673
3662	3674
3663	3675
3664	3676
3665	3677
3666	3678
3667	3679
3668	3680
3669	3681
3670	3682
3671	3683
3672	3684
3673	3685
3674	3686
3675	3687
3676	3688
3677	3689
3678	3690
3679	3691
3680	3692
3681	3693
3682	3694
3683	3695
3684	3696
3685	3697
3686	3698
3687	3699
3688	3700
3689	3701
3690	3702
3691	3703
3692	3704
3693	3705
3694	3706
3695	3707
3696	3708
3697	3709
3698	3710
3699	3711
3700	3712
3701	3713
3702	3714
3703	3715
3704	3716
3705	3717
3706	3718
3707	3719
3708	3720
3709	3721
3710	3722
3711	3723
3712	3724
3713	3725
3714	3726
3715	3727
3716	3728
3717	3729
3718	3730
3719	3731
3720	3732
3721	3733
3722	3734
3723	3735
3724	3736
3725	3737
3726	3738
3727	3739
3728	3740
3729	3741
3730	3742
3731	3743
3732	3744
3733	3745
3734	3746
3735	3747
3736	3748
3737	3749
3738	3750
3739	3751
3740	3752
3741	3753
3742	3754
3743	3755
3744	3756
3745	3757
3746	3758
3747	3759
3748	3760
3749	3761
3750	3762
3751	3763
3752	3764
3753	3765
3754	3766
3755	3767
3756	3768
3757	3769
3758	3770
3759	3771
3760	3772
3761	3773
3762	3774
3763	3775
3764	3776
3765	3777
3766	3778
3767	3779
3768	3780
3769	3781
3770	3782
3771	3783
3772	3784
3773	3785
3774	3786
3775	3787
3776	3788
3777	3789
3778	3790
3779	3791
3780	3792
3781	3793
3782	3794
3783	3795
3784	3796
3785	3797
3786	3798
3787	3799
3788	3800
3789	3801
3790	3802
3791	3803
3792	3804
3793	3805
3794	3806
3795	3807
3796	3808
3797	3809
3798	3810
3799	3811
3800	3812
3801	3813
3802	3814
3803	3815
3804	3816
3805	3817
3806	3818
3807	3819
3808	3820
3809	3821
3810	3822
3811	3823
3812	3824
3813	3825
3814	3826
3815	3827
3816	3828
3817	3829
3818	3830
3819	3831
3820	3832
3821	3833
3822	3834
3823	3835
3824	3836
3825	3837
3826	3838
3827	3839
3828	3840
3829	3841
3830	3842
3831	3843
3832	3844
3833	3845
3834	3846
3835	3847
3836	3848
3837	3849
3838	3850
3839	3851
3840	3852
3841	3853
3842	3854
3843	3855
3844	3856
3845	3857
3846	3858
3847	3859
3848	3860
3849	3861
3850	3862
3851	3863
3852	3864
3853	3865
3854	3866
3855	3867
3856	3868
3857	3869
3858	3870
3859	3871
3860	3872
3861	3873
3862	3874
3863	3875
3864	3876
3865	3877
3866	3878
3867	3879
3868	3880
3869	3881
3870	3882
3871	3883
3872	3884
3873	3885
3874	3886
3875	3887
3876	3888
3877	3889
3878	3890
3879	3891
3880	3892
3881	3893
3882	3894
3883	3895
3884	3896
3885	3897
3886	3898
3887	3899
3888	3900
3889	3901
3890	3902
3891	3903
3892	3904
3893	3905
3894	3906
3895	3907
3896	3908
3897	3909
3898	3910
3899	3911
3900	3912
3901	3913
3902	3914
3903	3915
3904	3916
3905	3917
3906	3918
3907	3919
3908	3920
3909	3921
3910	3922
3911	3923
3912	3924
3913	3925
3914	3926
3915	3927
3916	3928
3917	3929
3918	3930
3919	3931
3920	3932
3921	3933
3922	3934
3923	3935
3924	3936
3925	3937
3926	3938
3927	3939
3928	3940
3929	3941
3930	3942
3931	3943
3932	3944
3933	3945
3934	3946
3935	3947
3936	3948
3937	3949
3938	3950
3939	3951
3940	3952
3941	3953
3942	3954
3943	3955
3944	3956
3945	3957
3946	3958
3947	3959
3948	3960
3949	3961
3950	3962
3951	3963
3952	3964
3953	3965
3954	3966
3955	3967
3956	3968
3957	3969
3958	3970
3959	3971
3960	3972
3961	3973
3962	3974
3963	3975
3964	3976
3965	3977
3966	3978
3967	3979
3968	3980
3969	3981
3970	3982
3971	3983
3972	3984
3973	3985
3974	3986
3975	3987
3976	3988
3977	3989
3978	3990
3979	3991
3980	3992
3981	3993
3982	3994
3983	3995
3984	3996
3985	3997
3986	3998
3987	3999
3988	4000
3989	4001
3990	4002
3991	4003
3992	4004
3993	4005
3994	4006
3995	4007
3996	4008
3997	4009
3998	4010
3999	4011
4000	4012
4001	4013
4002	4014
4003	4015
4004	4016
4005	4017
4006	4018
4007	4019
4008	4020
4009	4021
4010	4022
4011	4023
4012	4024
4013	4025
4014	4026
4015	4027
4016	4028
4017	4029
4018	4030
4019	4031
4020	4032
4021	4033
4022	4034
4023	4035
4024	4036
4025	4037
4026	4038
4027	4039
4028	4040
4029	4041
4030	4042
4031	4043
4032	4044
4033	4045
4034	4046
4035	4047
4036	4048
4037	4049
4038	4050
4039	4051
4040	4052
4041	4053
4042	4054
4043	4055
4044	4056
4045	4057
4046	4058
4047	4059
4048	4060
4049	4061
4050	4062
4051	4063
4052	4064
4053	4065
4054	4066
4055	4067
4056	4068
4057	4069
4058	4070
4059	4071
4060	4072
4061	4073
4062	4074
4063	4075
4064	4076
4065	4077
4066	4078
4067	4079
4068	4080
4069	4081
4070	4082
4071	4083
4072	4084
4073	4085
4074	4086
4075	4087
4076	4088
4077	4089
4078	4090
4079	4091
4080	4092
4081	4093
4082	4094
4083	4095
4084	4096
4085	4097
4086	4098
4087	4099
4088	4100
4089	4101
4090	4102
4091	4103
4092	4104
4093	4105
4094	4106
4095	4107
4096	4108
4097	4109
4098	4110
4099	4111
4100	4112
4101	4113
4102	4114
4103	4115
4104	4116
4105	4117
4106	4118
4107	4119
4108	4120
4109	4121
4110	4122
4111	4123
4112	4124
4113	4125
4114	4126
4115	4127
4116	4128
4117	4129
4118	4130
4119	4131
4120	4132
4121	4133
4122	4134
4123	4135
4124	4136
4125	4137
4126	4138
4127	4139
4128	4140
4129	4141
4130	4142
4131	4143
4132	4144
4133	4145
4134	4146
4135	4147
4136	4148
4137	4149
4138	4150
4139	4151
4140	4152
4141	4153
4142	4154
4143	4155
4144	4156
4145	4157
4146	4158
4147	4159
4148	4160
4149	4161
4150	4162
4151	4163
4152	4164
4153	4165
4154	4166
4155	4167
4156	4168
4157	4169
4158	4170
4159	4171
4160	4172
4161	4173
4162	4174
4163	4175
4164	4176
4165	4177
4166	4178
4167	4179
4168	4180
4169	4181
4170	4182
4171	4183
4172	4184
4173	4185
4174	4186
4175	4187
4176	4188
4177	4189
4178	4190
4179	4191
4180	4192
4181	4193
4182	4194
4183	4195
4184	4196
4185	4197
4186	4198
4187	4199
4188	4200
4189	4201
4190	4202
4191	4203
4192	4204
4193	4205
4194	4206
4195	4207
4196	4208
4197	4209
4198	4210
4199	4211
4200	4212
4201	4213
4202	4214
4203	4215
4204	4216
4205	4217
4206	4218
4207	4219
4208	4220
4209	4221
4210	4222
4211	4223
4212	4224
4213	4225
4214	4226
4215	4227
4216	4228
4217	4229
4218	4230
4219	4231
4220	4232
4221	4233
4222	4234
4223	4235
4224	4236
4225	4237
4226	4238
4227	4239
4228	4240
4229	4241
4230	4242
4231	4243
4232	4244
4233	4245
4234	4246
4235	4247
4236	4248
4237	4249
4238	4250
4239	4251
4240	4252
4241	4253
4242	4254
4243	4255
4244	4256
4245	4257
4246	4258
4247	4259
4248	4260
4249	4261
4250	4262
4251	4263
4252	4264
4253	4265
4254	4266
4255	4267
4256	4268
4257	4269
4258	4270
4259	4271
4260	4272
4261	4273
4262	4274
4263	4275
4264	4276
4265	4277
4266	4278
4267	4279
4268	4280
4269	4281
4270	4282
4271	4283
4272	4284
4273	4285
4274	4286
4275	4287
4276	4288
4277	4289
4278	4290
4279	4291
4280	4292
4281	4293
4282	4294
4283	4295
4284	4296
4285	4297
4286	4298
4287	4299
4288	4300
4289	4301
4290	4302
4291	4303
4292	4304
4293	4305
4294	4306
4295	4307
4296	4308
4297	4309
4298	4310
4299	4311
4300	4312
4301	4313
4302	4314
4303	4315
4304	4316
4305	4317
4306	4318
4307	4319
4308	4320
4309	4321
4310	4322
4311	4323
4312	4324
4313	4325
4314	4326
4315	4327
4316	4328
4317	4329
4318	4330
4319	4331
4320	4332
4321	4333
4322	4334
4323	4335
4324	4336
4325	4337
4326	4338
4327	4339
4328	4340
4329	4341
4330	4342
4331	4343
4332	4344
4333	4345
4334	4346
4335	4347
4336	4348
4337	4349
4338	4350
4339	4351
4340	4352
4341	4353
4342	4354
4343	4355
4344	4356
4345	4357
4346	4358
4347	4359
4348	4360
4349	4361
4350	4362
4351	4363
4352	4364
4353	4365
4354	4366
4355	4367
4356	4368
4357	4369
4358	4370
4359	4371
4360	4372
4361	4373
4362	4374
4363	4375
4364	4376
4365	4377
4366	4378
4367	4379
4368	4380
4369	4381
4370	4382
4371	4383
4372	4384
4373	4385
4374	4386
4375	4387
4376	4388
4377	4389
4378	4390
4379	4391
4380	4392
4381	4393
4382	4394
4383	4395
4384	4396
4385	4397
4386	4398
4387	4399
4388	4400
4389	4401
4390	4402
4391	4403
4392	4404
4393	4405
4394	4406
4395	4407
4396	4408
4397	4409
4398	4410
4399	4411
4400	4412
4401	4413
4402	4414
4403	4415
4404	4416
4405	4417
4406	4418
4407	4419
4408	4420
4409	4421
4410	4422
4411	4423
4412	4424
4413	4425
4414	4426
4415	4427
4416	4428
4417	4429
4418	4430
4419	4431
4420	4432
4421	4433
4422	4434
4423	4435
4424	4436
4425	4437
4426	4438
4427	4439
4428	4440
4429	4441
4430	4442
4431	4443
4432	4444
4433	4445
4434	4446
4435	4447
4436	4448
4437	4449
4438	4450
4439	4451
4440	4452
4441	4453
4442	4454
4443	4455
4444	4456
4445	4457
4446	4458
4447	4459
4448	4460
4449	4461
4450	4462
4451	4463
4452	4464
4453	4465
4454	4466
4455	4467
4456	4468
4457	4469
4458	4470
4459	4471
4460	4472
4461	4473
4462	4474
4463	4475
4464	4476
4465	4477
4466	4478
4467	4479
4468	4480
4469	4481
4470	4482
4471	4483
4472	4484
4473	4485
4474	4486
4475	4487
4476	4488
4477	4489
4478	4490
4479	4491
4480	4492
4481	4493
4482	4494
4483	4495
4484	4496
4485	4497
4486	4498
4487	4499
4488	4500
4489	4501
4490	4502
4491	4503
4492	4504
4493	4505
4494	4506
4495	4507
4496	4508
4497	4509
4498	4510
4499	4511
4500	4512
4501	4513
4502	4514
4503	4515
4504	4516
4505	4517
4506	4518
4507	4519
4508	4520
4509	4521
4510	4522
4511	4523
4512	4524
4513	4525
4514	4526
4515	4527
4516	4528
4517	4529
4518	4530
4519	4531
4520	4532
4521	4533
4522	4534
4523	4535
4524	4536
4525	4537
4526	4538
4527	4539
4528	4540
4529	4541
4530	4542
4531	4543
4532	4544
4533	4545
4534	4546
4535	4547
4536	4548
4537	4549
4538	4550
4539	4551
4540	4552
4541	4553
4542	4554
4543	4555
4544	4556
4545	4557
4546	4558
4547	4559
4548	4560
4549	4561
4550	4562
4551	4563
4552	4564
4553	4565
4554	4566
4555	4567
4556	4568
4557	4569
4558	4570
4559	4571
4560	4572
4561	4573
4562	4574
4563	4575
4564	4576
4565	4577
4566	4578
4567	4579
4568	4580
4569	4581
4570	4582
4571	4583
4572	4584
4573	4585
4574	4586
4575	4587
4576	4588
4577	4589
4578	4590
4579	4591
4580	4592
4581	4593
4582	4594
4583	4595
4584	4596
4585	4597
4586	4598
4587	4599
4588	4600
4589	4601
4590	4602
4591	4603
4592	4604
4593	4605
4594	4606
4595	4607
4596	4608
4597	4609
4598	4610
4599	4611
4600	4612
4601	4613
4602	4614
4603	4615
4604	4616
4605	4617
4606	4618
4607	4619
4608	4620
4609	4621
4610	4622
4611	4623
4612	4624
4613	4625
4614	4626
4615	4627
4616	4628
4617	4629
4618	4630
4619	4631
4620	4632
4621	4633
4622	4634
4623	4635
4624	4636
4625	4637
4626	4638
4627	4639
4628	4640
4629	4641
4630	4642
4631	4643
4632	4644
4633	4645
4634	4646
4635	4647
4636	4648
4637	4649
4638	4650
4639	4651
4640	4652
4641	4653
4642	4654
4643	4655
4644	4656
4645	4657
4646	4658
4647	4659
4648	4660
4649	4661
4650	4662
4651	4663
4652	4664
4653	4665
4654	4666
4655	4667
4656	4668
4657	4669
4658	4670
4659	4671
4660	4672
4661	4673
4662	4674
4663	4675
4664	4676
4665	4677
4666	4678
4667	4679
4668	4680
4669	4681
4670	4682
4671	4683
4672	4684
4673	4685
4674	4686
4675	4687
4676	4688
4677	4689
4678	4690
4679	4691
4680	4692
4681	4693
4682	4694
4683	4695
4684	4696
4685	4697
4686	4698
4687	4699
4688	4700
4689	4701
4690	4702
4691	4703
4692	4704
4693	4705
4694	4706
4695	4707
4696	4708
4697	4709
4698	4710
4699	4711
4700	4712
4701	4713
4702	4714
4703	4715
4704	4716
4705	4717
4706	4718
4707	4719
4708	4720
4709	4721
4710	4722
4711	4723
4712	4724
4713	4725
4714	4726
4715	4727
4716	4728
4717	4729
4718	4730
4719	4731
4720	4732
4721	4733
4722	4734
4723	4735
4724	4736
4725	4737
4726	4738
4727	4739
4728	4740
4729	4741
4730	4742
4731	4743
4732	4744
4733	4745
4734	4746
4735	4747
4736	4748
4737	4749
4738	4750
4739	4751
4740	4752
4741	4753
4742	4754
4743	4755
4744	4756
4745	4757
4746	4758
4747	4759
4748	4760
4749	4761
4750	4762
4751	4763
4752	4764
4753	4765
4754	4766
4755	4767
4756	4768
4757	4769
4758	4770
4759	4771
4760	4772
4761	4773
4762	4774
4763	4775
4764	4776
4765	4777
4766	4778
4767	4779
4768	4780
4769	4781
4770	4782
4771	4783
4772	4784
4773	4785
4774	4786
4775	4787
4776	4788
4777	4789
4778	4790
4779	4791
4780	4792
4781	4793
4782	4794
4783	4795
4784	4796
4785	4797
4786	4798
4787	4799
4788	4800
4789	4801
4790	4802
4791	4803
4792	4804
4793	4805
4794	4806
4795	4807
4796	4808
4797	4809
4798	4810
4799	4811
4800	4812
4801	4813
4802	4814
4803	4815
4804	4816
4805	4817
4806	4818
4807	4819
4808	4820
4809	4821
4810	4822
4811	4823
4812	4824
4813	4825
4814	4826
4815	4827
4816	4828
4817	4829
4818	4830
4819	4831
4820	4832
4821	4833
4822	4834
4823	4835
4824	4836
4825	4837
4826	4838
4827	4839
4828	4840
4829	4841
4830	4842
4831	4843
4832	4844
4833	4845
4834	4846
4835	4847
4836	4848
4837	4849
4838	4850
4839	4851
4840	4852
4841	4853
4842	4854
4843	4855
4844	4856
4845	4857
4846	4858
4847	4859
4848	4860
4849	4861
4850	4862
4851	4863
4852	4864
4853	4865
4854	4866
4855	4867
4856	4868
4857	4869
4858	4870
4859	4871
4860	4872
4861	4873
4862	4874
4863	4875
4864	4876
4865	4877
4866	4878
4867	4879
4868	4880
4869	4881
4870	4882
4871	4883
4872	4884
4873	4885
4874	4886
4875	4887
4876	4888
4877	4889
4878	4890
4879	4891
4880	4892
4881	4893
4882	4894
4883	4895
4884	4896
4885	4897
4886	4898
4887	4899
4888	4900
4889	4901
4890	4902
4891	4903
4892	4904
4893	4905
4894	4906
4895	4907
4896	4908
4897	4909
4898	4910
4899	4911
4900	4912
4901	4913
4902	4914
4903	4915
4904	4916
4905	4917
4906	4918
4907	4919
4908	4920
4909	4921
4910	4922
4911	4923
4912	4924
4913	4925
4914	4926
4915	4927
4916	4928
4917	4929
4918	4930
4919	4931
4920	4932
4921	4933
4922	4934
4923	4935
4924	4936
4925	4937
4926	4938
4927	4939
4928	4940
4929	4941
4930	4942
4931	4943
4932	4944
4933	4945
4934	4946
4935	4947
4936	4948
4937	4949
4938	4950
4939	4951
4940	4952
4941	4953
4942	4954
4943	4955
4944	4956
4945	4957
4946	4958
4947	4959
4948	4960
4949	4961
4950	4962
4951	4963
4952	4964
4953	4965
4954	4966
4955	4967
4956	4968
4957	4969
4958	4970
4959	4971
4960	4972
4961	4973
4962	4974
4963	4975
4964	4976
4965	4977
4966	4978
4967	4979
4968	4980
4969	4981
4970	4982
4971	4983
4972	4984
4973	4985
4974	4986
4975	4987
4976	4988
4977	4989
4978	4990
4979	4991
4980	4992
4981	4993
4982	4994
4983	4995
4984	4996
4985	4997
4986	4998
4987	4999
4988	5000
4989	5001
4990	5002
4991	5003
4992	5004
4993	5005
4994	5006
4995	5007
4996	5008
4997	5009
4998	5010
4999	5011
5000	5012
5001	5013
5002	5014
5003	5015
5004	5016
5005	5017
5006	5018
5007	5019
5008	5020
5009	5021
5010	5022
5011	5023
5012	5024
5013	5025
5014	5026
5015	5027
5016	5028
5017	5029
5018	5030
5019	5031
5020	5032
5021	5033
5022	5034
5023	5035
5024	5036
5025	5037
5026	5038
5027	5039
5028	5040
5029	5041
5030	5042
5031	5043
5032	5044
5033	5045
5034	5046
5035	5047
5036	5048
5037	5049
5038	5050
5039	5051
5040	5052
5041	5053
5042	5054
5043	5055
5044	5056
5045	5057
5046	5058
5047	5059
5048	5060
5049	5061
5050	5062
5051	5063
5052	5064
5053	5065
5054	5066
5055	5067
5056	5068
5057	5069
5058	5070
5059	5071
5060	5072
5061	5073
5062	5074
5063	5075
5064	5076
5065	5077
5066	5078
5067	5079
5068	5080
5069	5081
5070	5082
5071	5083
5072	5084
5073	5085
5074	5086
5075	5087
5076	5088
5077	5089
5078	5090
5079	5091
5080	5092
5081	5093
5082	5094
5083	5095
5084	5096
5085	5097
5086	5098
5087	5099
5088	5100
5089	5101
5090	5102
5091	5103
5092	5104
5093	5105
5094	5106
5095	5107
5096	5108
5097	5109
5098	5110
5099	5111
5100	5112
5101	5113
5102	5114
5103	5115
5104	5116
5105	5117
5106	5118
5107	5119
5108	5120
5109	5121
5110	5122
5111	5123
5112	5124
5113	5125
5114	5126
5115	5127
5116	5128
5117	5129
5118	5130
5119	5131
5120	5132
5121	5133
5122	5134
5123	5135
5124	5136
5125	5137
5126	5138
5127	5139
5128	5140
5129	5141
5130	5142
5131	5143
5132	5144
5133	5145
5134	5146
5135	5147
5136	5148
5137	5149
5138	5150
5139	5151
5140	5152
5141	5153
5142	5154
5143	5155
5144	5156
5145	5157
5146	5158
5147	5159
5148	5160
5149	5161
5150	5162
5151	5163
5152	5164
5153	5165
5154	5166
5155	5167
5156	5168
5157	5169
5158	5170
5159	5171
5160	5172
5161	5173
5162	5174
5163	5175
5164	5176
5165	5177
5166	5178
5167	5179
5168	5180
5169	5181
5170	5182
5171	5183
5172	5184
5173	5185
5174	5186
5175	5187
5176	5188
5177	5189
5178	5190
5179	5191
5180	5192
5181	5193
5182	5194
5183	5195
5184	5196
5185	5197
5186	5198
5187	5199
5188	5200
5189	5201
5190	5202
5191	5203
5192	5204
5193	5205
5194	5206
5195	5207
5196	5208
5197	5209
5198	5210
5199	5211
5200	5212
5201	5213
5202	5214
5203	5215
5204	5216
5205	5217
5206	5218
5207	5219
5208	5220
5209	5221
5210	5222
5211	5223
5212	5224
5213	5225
5214	5226
5215	5227
5216	5228
5217	5229
5218	5230
5219	5231
5220	5232
5221	5233
5222	5234
5223	5235
5224	5236
5225	5237
5226	5238
5227	5239
5228	5240
5229	5241
5230	5242
5231	5243
5232	5244
5233	5245
5234	5246
5235	5247
5236	5248
5237	5249
5238	5250
5239	5251
5240	5252
5241	5253
5242	5254
5243	5255
5244	5256
5245	5257
5246	5258
5247	5259
5248	5260
5249	5261
5250	5262
5251	5263
5252	5264
5253	5265
5254	5266
5255	5267
5256	5268
5257	5269
5258	5270
5259	5271
5260	5272
5261	5273
5262	5274
5263	5275
5264	5276
5265	5277
5266	5278
5267	5279
5268	5280
5269	5281
5270	5282
5271	5283
5272	5284
5273	5285
5274	5286
5275	5287
5276	5288
5277	5289
5278	5290
5279	5291
5280	5292
5281	5293
5282	5294
5283	5295
5284	5296
5285	5297
5286	5298
5287	5299
5288	5300
5289	5301
5290	5302
5291	5303
5292	5304
5293	5305
5294	5306
5295	5307
5296	5308
5297	5309
5298	5310
5299	5311
5300	5312
5301	5313
5302	5314
5303	5315
5304	5316
5305	5317
5306	5318
5307	5319
5308	5320
5309	5321
5310	5322
5311	5323
5312	5324
5313	5325
5314	5326
5315	5327
5316	5328
5317	5329
5318	5330
5319	5331
5320	5332
5321	5333
5322	5334
5323	5335
5324	5336
5325	5337
5326	5338
5327	5339
5328	5340
5329	5341
5330	5342
5331	5343
5332	5344
5333	5345
5334	5346
5335	5347
5336	5348
5337	5349
5338	5350
5339	5351
5340	5352
5341	5353
5342	5354
5343	5355
5344	5356
5345	5357
5346	5358
5347	5359
5348	5360
5349	5361
5350	5362
5351	5363
5352	5364
5353	5365
5354	5366
5355	5367
5356	5368
5357	5369
5358	5370
5359	5371
5360	5372
5361	5373
5362	5374
5363	5375
5364	5376
5365	5377
5366	5378
5367	5379
5368	5380
5369	5381
5370	5382
5371	5383
5372	5384
5373	5385
5374	5386
5375	5387
5376	5388
5377	5389
5378	5390
5379	5391
5380	5392
5381	5393
5382	5394
5383	5395
5384	5396
5385	5397
5386	5398
5387	5399
5388	5400
5389	5401
5390	5402
5391	5403
5392	5404
5393	5405
5394	5406
5395	5407
5396	5408
5397	5409
5398	5410
5399	5411
5400	5412
5401	5413
5402	5414
5403	5415
5404	5416
5405	5417
5406	5418
5407	5419
5408	5420
5409	5421
5410	5422
5411	5423
5412	5424
5413	5425
5414	5426
5415	5427
5416	5428
5417	5429
5418	5430
5419	5431
5420	5432
5421	5433
5422	5434
5423	5435
5424	5436
5425	5437
5426	5438
5427	5439
5428	5440
5429	5441
5430	5442
5431	5443
5432	5444
5433	5445
5434	5446
5435	5447
5436	5448
5437	5449
5438	5450
5439	5451
5440	5452
5441	5453
5442	5454
5443	5455
5444	5456
5445	5457
5446	5458
5447	5459
5448	5460
5449	5461
5450	5462
5451	5463
5452	5464
5453	5465
5454	5466
5455	5467
5456	5468
5457	5469
5458	5470
5459	5471
5460	5472
5461	5473
5462	5474
5463	5475
5464	5476
5465	5477
5466	5478
5467	5479
5468	5480
5469	5481
5470	5482
5471	5483
5472	5484
5473	5485
5474	5486
5475	5487
5476	5488
5477	5489
5478	5490
5479	5491
5480	5492
5481	5493
5482	5494
5483	5495
5484	5496
5485	5497
5486	5498
5487	5499
5488	5500
5489	5501
5490	5502
5491	5503
5492	5504
5493	5505
5494	5506
5495	5507
5496	5508
5497	5509
5498	5510
5499	5511
5500	5512
5501	5513
5502	5514
5503	5515
5504	5516
5505	5517
5506	5518
5507	5519
5508	5520
5509	5521
5510	5522
5511	5523
5512	5524
5513	5525
5514	5526
5515	5527
5516	5528
5517	5529
5518	5530
5519	5531
5520	5532
5521	5533
5522	5534
5523	5535
5524	5536
5525	5537
5526	5538
5527	5539
5528	5540
5529	5541
5530	5542
5531	5543
5532	5544
5533	5545
5534	5546
5535	5547
5536	5548
5537	5549
5538	5550
5539	5551
5540	5552
5541	5553
5542	5554
5543	5555
5544	5556
5545	5557
5546	5558
5547	5559
5548	5560
5549	5561
5550	5562
5551	5563
5552	5564
5553	5565
5554	5566
5555	5567
5556	5568
5557	5569
5558	5570
5559	5571
5560	5572
5561	5573
5562	5574
5563	5575
5564	5576
5565	5577
5566	5578
5567	5579
5568	5580
5569	5581
5570	5582
5571	5583
5572	5584
5573	5585
5574	5586
5575	5587
5576	5588
5577	5589
5578	5590
5579	5591
5580	5592
5581	5593
5582	5594
5583	5595
5584	5596
5585	5597
5586	5598
5587	5599
5588	5600
5589	5601
5590	5602
5591	5603
5592	5604
5593	5605
5594	5606
5595	5607
5596	5608
5597	5609
5598	5610
5599	5611
5600	5612
5601	5613
5602	5614
5603	5615
5604	5616
5605	5617
5606	5618
5607	5619
5608	5620
5609	5621
5610	5622
5611	5623
5612	5624
5613	5625
5614	5626
5615	5627
5616	5628
5617	5629
5618	5630
5619	5631
5620	5632
5621	5633
5622	5634
5623	5635
5624	5636
5625	5637
5626	5638
5627	5639
5628	5640
5629	5641
5630	5642
5631	5643
5632	5644
5633	5645
5634	5646
5635	5647
5636	5648
5637	5649
5638	5650
5639	5651
5640	5652
5641	5653
5642	5654
5643	5655
5644	5656
5645	5657
5646	5658
5647	5659
5648	5660
5649	5661
5650	5662
5651	5663
5652	5664
5653	5665
5654	5666
5655	5667
5656	5668
5657	5669
5658	5670
5659	5671
5660	5672
5661	5673
5662	5674
5663	5675
5664	5676
5665	5677
5666	5678
5667	5679
5668	5680
5669	5681
5670	5682
5671	5683
5672	5684
5673	5685
5674	5686
5675	5687
5676	5688
5677	5689
5678	5690
5679	5691
5680	5692
5681	5693
5682	5694
5683	5695
5684	5696
5685	5697
5686	5698
5687	5699
5688	5700
5689	5701
5690	5702
5691	5703
5692	5704
5693	5705
5694	5706
5695	5707
5696	5708
5697	5709
5698	5710
5699	5711
5700	5712
5701	5713
5702	5714
5703	5715
5704	5716
5705	5717
5706	5718
5707	5719
5708	5720
5709	5721
5710	5722
5711	5723
5712	5724
5713	5725
5714	5726
5715	5727
5716	5728
5717	5729
5718	5730
5719	5731
5720	5732
5721	5733
5722	5734
5723	5735
5724	5736
5725	5737
5726	5738
5727	5739
5728	5740
5729	5741
5730	5742
5731	5743
5732	5744
5733	5745
5734	5746
5735	5747
5736	5748
5737	5749
5738	5750
5739	5751
5740	5752
5741	5753
5742	5754
5743	5755
5744	5756
5745	5757
5746	5758
5747	5759
5748	5760
5749	5761
5750	5762
5751	5763
5752	5764
5753	5765
5754	5766
5755	5767
5756	5768
5757	5769
5758	5770
5759	5771
5760	5772
5761	5773
5762	5774
5763	5775
5764	5776
5765	5777
5766	5778
5767	5779
5768	5780
5769	5781
5770	5782
5771	5783
5772	5784
5773	5785
5774	5786
5775	5787
5776	5788
5777	5789
5778	5790
5779	5791
5780	5792
5781	5793
5782	5794
5783	5795
5784	5796
5785	5797
5786	5798
5787	5799
5788	5800
5789	5801
5790	5802
5791	5803
5792	5804
5793	5805
5794	5806
5795	5807
5796	5808
5797	5809
5798	5810
5799	5811
5800	5812
5801	5813
5802	5814
5803	5815
5804	5816
5805	5817
5806	5818
5807	5819
5808	5820
5809	5821
5810	5822
5811	5823
5812	5824
5813	5825
5814	5826
5815	5827
5816	5828
5817	5829
5818	5830
5819	5831
5820	5832
5821	5833
5822	5834
5823	5835
5824	5836
5825	5837
5826	5838
5827	5839
5828	5840
5829	5841
5830	5842
5831	5843
5832	5844
5833	5845
5834	5846
5835	5847
5836	5848
5837	5849
5838	5850
5839	5851
5840	5852
5841	5853
5842	5854
5843	5855
5844	5856
5845	5857
5846	5858
5847	5859
5848	5860
5849	5861
5850	5862
5851	5863
5852	5864
5853	5865
5854	5866
5855	5867
5856	5868
5857	5869
5858	5870
5859	5871
5860	5872
5861	5873
5862	5874
5863	5875
5864	5876
5865	5877
5866	5878
5867	5879
5868	5880
5869	5881
5870	5882
5871	5883
5872	5884
5873	5885
5874	5886
5875	5887
5876	5888
5877	5889
5878	5890
5879	5891
5880	5892
5881	5893
5882	5894
5883	5895
5884	5896
5885	5897
5886	5898
5887	5899
5888	5900
5889	5901
5890	5902
5891	5903
5892	5904
5893	5905
5894	5906
5895	5907
5896	5908
5897	5909
5898	5910
5899	5911
5900	5912
5901	5913
5902	5914
5903	5915
5904	5916
5905	5917
5906	5918
5907	5919
5908	5920
5909	5921
5910	5922
5911	5923
5912	5924
5913	5925
5914	5926
5915	5927
5916	5928
5917	5929
5918	5930
5919	5931
5920	5932
5921	5933
5922	5934
5923	5935
5924	5936
5925	5937
5926	5938
5927	5939
5928	5940
5929	5941
5930	5942
5931	5943
5932	5944
5933	5945
5934	5946
5935	5947
5936	5948
5937	5949
5938	5950
5939	5951
5940	5952
5941	5953
5942	5954
5943	5955
5944	5956
5945	5957
5946	5958
5947	5959
5948	5960
5949	5961
5950	5962
5951	5963
5952	5964
5953	5965
5954	5966
5955	5967
5956	5968
5957	5969
5958	5970
5959	5971
5960	5972
5961	5973
5962	5974
5963	5975
5964	5976
5965	5977
5966	5978
5967	5979
5968	5980
5969	5981
5970	5982
5971	5983
5972	5984
5973	5985
5974	5986
5975	5987
5976	5988
5977	5989
5978	5990
5979	5991
5980	5992
5981	5993
5982	5994
5983	5995
5984	5996
5985	5997
5986	5998
5987	5999
5988	6000
5989	6001
5990	6002
5991	6003
5992	6004
5993	6005
5994	6006
5995	6007
5996	6008
5997	6009
5998	6010
5999	6011
6000	6012
6001	6013
6002	6014
6003	6015
6004	6016
6005	6017
6006	6018
6007	6019
6008	6020
6009	6021
6010	6022
6011	6023
6012	6024
6013	6025
6014	6026
6015	6027
6016	6028
6017	6029
6018	6030
6019	6031
6020	6032
6021	6033
6022	6034
6023	6035
6024	6036
6025	6037
6026	6038
6027	6039
6028	6040
6029	6041
6030	6042
6031	6043
6032	6044
6033	6045
6034	6046
6035	6047
6036	6048
6037	6049
6038	6050
6039	6051
6040	6052
6041	6053
6042	6054
6043	6055
6044	6056
6045	6057
6046	6058
6047	6059
6048	6060
6049	6061
6050	6062
6051	6063
6052	6064
6053	6065
6054	6066
6055	6067
6056	6068
6057	6069
6058	6070
6059	6071
6060	6072
6061	6073
6062	6074
6063	6075
6064	6076
6065	6077
6066	6078
6067	6079
6068	6080
6069	6081
6070	6082
6071	6083
6072	6084
6073	6085
6074	6086
6075	6087
6076	6088
6077	6089
6078	6090
6079	6091
6080	6092
6081	6093
6082	6094
6083	6095
6084	6096
6085	6097
6086	6098
6087	6099
6088	6100
6089	6101
6090	6102
6091	6103
6092	6104
6093	6105
6094	6106
6095	6107
6096	6108
6097	6109
6098	6110
6099	6111
6100	6112
6101	6113
6102	6114
6103	6115
6104	6116
6105	6117
6106	6118
6107	6119
6108	6120
6109	6121
6110	6122
6111	6123
6112	6124
6113	6125
6114	6126
6115	6127
6116	6128
6117	6129
6118	6130
6119	6131
6120	6132
6121	6133
6122	6134
6123	6135
6124	6136
6125	6137
6126	6138
6127	6139
6128	6140
6129	6141
6130	6142
6131	6143
6132	6144
6133	6145
6134	6146
6135	6147
6136	6148
6137	6149
6138	6150
6139	6151
6140	6152
6141	6153
6142	6154
6143	6155
6144	6156
6145	6157
6146	6158
6147	6159
6148	6160
6149	6161
6150	6162
6151	6163
6152	6164
6153	6165
6154	6166
6155	6167
6156	6168
6157	6169
6158	6170
6159	6171
6160	6172
6161	6173
6162	6174
6163	6175
6164	6176
6165	6177
6166	6178
6167	6179
6168	6180
6169	6181
6170	6182
6171	6183
6172	6184
6173	6185
6174	6186
6175	6187
6176	6188
6177	6189
6178	6190
6179	6191
6180	6192
6181	6193
6182	6194
6183	6195
6184	6196
6185	6197
6186	6198
6187	6199
6188	6200
6189	6201
6190	6202
6191	6203
6192	6204
6193	6205
6194	6206
6195	6207
6196	6208
6197	6209
6198	6210
6199	6211
6200	6212
6201	6213
6202	6214
6203	6215
6204	6216
6205	6217
6206	6218
6207	6219
6208	6220
6209	6221
6210	6222
6211	6223
6212	6224
6213	6225
6214	6226
6215	6227
6216	6228
6217	6229
6218	6230
6219	6231
6220	6232
6221	6233
6222	6234
6223	6235
6224	6236
6225	6237
6226	6238
6227	6239
6228	6240
6229	6241
6230	6242
6231	6243
6232	6244
6233	6245
6234	6246
6235	6247
6236	6248
6237	6249
6238	6250
6239	6251
6240	6252
6241	6253
6242	6254
6243	6255
6244	6256
6245	6257
6246	6258
6247	6259
6248	6260
6249	6261
6250	6262
6251	6263
6252	6264
6253	6265
6254	6266
6255	6267
6256	6268
6257	6269
6258	6270
6259	6271
6260	6272
6261	6273
6262	6274
6263	6275
6264	6276
6265	6277
6266	6278
6267	6279
6268	6280
6269	6281
6270	6282
6271	6283
6272	6284
6273	6285
6274	6286
6275	6287
6276	6288
6277	6289
6278	6290
6279	6291
6280	6292
6281	6293
6282	6294
6283	6295
6284	6296
6285	6297
6286	6298
6287	6299
6288	6300
6289	6301
6290	6302
6291	6303
6292	6304
6293	6305
6294	6306
6295	6307
6296	6308
6297	6309
6298	6310
6299	6311
6300	6312
6301	6313
6302	6314
6303	6315
6304	6316
6305	6317
6306	6318
6307	6319
6308	6320
6309	6321
6310	6322
6311	6323
6312	6324
6313	6325
6314	6326
6315	6327
6316	6328
6317	6329
6318	6330
6319	6331
6320	6332
6321	6333
6322	6334
6323	6335
6324	6336
6325	6337
6326	6338
6327	6339
6328	6340
6329	6341
6330	6342
6331	6343
6332	6344
6333	6345
6334	6346
6335	6347
6336	6348
6337	6349
6338	6350
6339	6351
6340	6352
6341	6353
6342	6354
6343	6355
6344	6356
6345	6357
6346	6358
6347	6359
6348	6360
6349	6361
6350	6362
6351	6363
6352	6364
6353	6365
6354	6366
6355	6367
6356	6368
6357	6369
6358	6370
6359	6371
6360	6372
6361	6373
6362	6374
6363	6375
6364	6376
6365	6377
6366	6378
6367	6379
6368	6380
6369	6381
6370	6382
6371	6383
6372	6384
6373	6385
6374	6386
6375	6387
6376	6388
6377	6389
6378	6390
6379	6391
6380	6392
6381	6393
6382	6394
6383	6395
6384	6396
6385	6397
6386	6398
6387	6399
6388	6400
6389	6401
6390	6402
6391	6403
6392	6404
6393	6405
6394	6406
6395	6407
6396	6408
6397	6409
6398	6410
6399	6411
6400	6412
6401	6413
6402	6414
6403	6415
6404	6416
6405	6417
6406	6418
6407	6419
6408	6420
6409	6421
6410	6422
6411	6423
6412	6424
6413	6425
6414	6426
6415	6427
6416	6428
6417	6429
6418	6430
6419	6431
6420	6432
6421	6433
6422	6434
6423	6435
6424	6436
6425	6437
6426	6438
6427	6439
6428	6440
6429	6441
6430	6442
6431	6443
6432	6444
6433	6445
6434	6446
6435	6447
6436	6448
6437	6449
6438	6450
6439	6451
6440	6452
6441	6453
6442	6454
6443	6455
6444	6456
6445	6457
6446	6458
6447	6459
6448	6460
6449	6461
6450	6462
6451	6463
6452	6464
6453	6465
6454	6466
6455	6467
6456	6468
6457	6469
6458	6470
6459	6471
6460	6472
6461	6473
6462	6474
6463	6475
6464	6476
6465	6477
6466	6478
6467	6479
6468	6480
6469	6481
6470	6482
6471	6483
6472	6484
6473	6485
6474	6486
6475	6487
6476	6488
6477	6489
6478	6490
6479	6491
6480	6492
6481	6493
6482	6494
6483	6495
6484	6496
6485	6497
6486	6498
6487	6499
6488	6500
6489	6501
6490	6502
6491	6503
6492	6504
6493	6505
6494	6506
6495	6507
6496	6508
6497	6509
6498	6510
6499	6511
6500	6512
6501	6513
6502	6514
6503	6515
6504	6516
6505	6517
6506	6518
6507	6519
6508	6520
6509	6521
6510	6522
6511	6523
6512	6524
6513	6525
6514	6526
6515	6527
6516	6528
6517	6529
6518	6530
6519	6531
6520	6532
6521	6533
6522	6534
6523	6535
6524	6536
6525	6537
6526	6538
6527	6539
6528	6540
6529	6541
6530	6542
6531	6543
6532	6544
6533	6545
6534	6546
6535	6547
6536	6548
6537	6549
6538	6550
6539	6551
6540	6552
6541	6553
6542	6554
6543	6555
6544	6556
6545	6557
6546	6558
6547	6559
6548	6560
6549	6561
6550	6562
6551	6563
6552	6564
6553	6565
6554	6566
6555	6567
6556	6568
6557	6569
6558	6570
6559	6571
6560	6572
6561	6573
6562	6574
6563	6575
6564	6576
6565	6577
6566	6578
6567	6579
6568	6580
6569	6581
6570	6582
6571	6583
6572	6584
6573	6585
6574	6586
6575	6587
6576	6588
6577	6589
6578	6590
6579	6591
6580	6592
6581	6593
6582	6594
6583	6595
6584	6596
6585	6597
6586	6598
6587	6599
6588	6600
6589	6601
6590	6602
6591	6603
6592	6604
6593	6605
6594	6606
6595	6607
6596	6608
6597	6609
6598	6610
6599	6611
6600	6612
6601	6613
6602	6614
6603	6615
6604	6616
6605	6617
6606	6618
6607	6619
6608	6620
6609	6621
6610	6622
6611	6623
6612	6624
6613	6625
6614	6626
6615	6627
6616	6628
6617	6629
6618	6630
6619	6631
6620	6632
6621	6633
6622	6634
6623	6635
6624	6636
6625	6637
6626	6638
6627	6639
6628	6640
6629	6641
6630	6642
6631	6643
6632	6644
6633	6645
6634	6646
6635	6647
6636	6648
6637	6649
6638	6650
6639	6651
6640	6652
6641	6653
6642	6654
6643	6655
6644	6656
6645	6657
6646	6658
6647	6659
6648	6660
6649	6661
6650	6662
6651	6663
6652	6664
6653	6665
6654	6666
6655	6667
6656	6668
6657	6669
6658	6670
6659	6671
6660	6672
6661	6673
6662	6674
6663	6675
6664	6676
6665	6677
6666	6678
6667	6679
6668	6680
6669	6681
6670	6682
6671	6683
6672	6684
6673	6685
6674	6686
6675	6687
6676	6688
6677	6689
6678	6690
6679	6691
6680	6692
6681	6693
6682	6694
6683	6695
6684	6696
6685	6697
6686	6698
6687	6699
6688	6700
6689	6701
6690	6702
6691	6703
6692	6704
6693	6705
6694	6706
6695	6707
6696	6708
6697	6709
6698	6710
6699	6711
6700	6712
6701	6713
6702	6714
6703	6715
6704	6716
6705	6717
6706	6718
6707	6719
6708	6720
6709	6721
6710	6722
6711	6723
6712	6724
6713	6725
6714	6726
6715	6727
6716	6728
6717	6729
6718	6730
6719	6731
6720	6732
6721	6733
6722	6734
6723	6735
6724	6736
6725	6737
6726	6738
6727	6739
6728	6740
6729	6741
6730	6742
6731	6743
6732	6744
6733	6745
6734	6746
6735	6747
6736	6748
6737	6749
6738	6750
6739	6751
6740	6752
6741	6753
6742	6754
6743	6755
6744	6756
6745	6757
6746	6758
6747	6759
6748	6760
6749	6761
6750	6762
6751	6763
6752	6764
6753	6765
6754	6766
6755	6767
6756	6768
6757	6769
6758	6770
6759	6771
6760	6772
6761	6773
6762	6774
6763	6775
6764	6776
6765	6777
6766	6778
6767	6779
6768	6780
6769	6781
6770	6782
6771	6783
6772	6784
6773	6785
6774	6786
6775	6787
6776	6788
6777	6789
6778	6790
6779	6791
6780	6792
6781	6793
6782	6794
6783	6795
6784	6796
6785	6797
6786	6798
6787	6799
6788	6800
6789	6801
6790	6802
6791	6803
6792	6804
6793	6805
6794	6806
6795	6807
6796	6808
6797	6809
6798	6810
6799	6811
6800	6812
6801	6813
6802	6814
6803	6815
6804	6816
6805	6817
6806	6818
6807	6819
6808	6820
6809	6821
6810	6822
6811	6823
6812	6824
6813	6825
6814	6826
6815	6827
6816	6828
6817	6829
6818	6830
6819	6831
6820	6832
6821	6833
6822	6834
6823	6835
6824	6836
6825	6837
6826	6838
6827	6839
6828	6840
6829	6841
6830	6842
6831	6843
6832	6844
6833	6845
6834	6846
6835	6847
6836	6848
6837	6849
6838	6850
6839	6851
6840	6852
6841	6853
6842	6854
6843	6855
6844	6856
6845	6857
6846	6858
6847	6859
6848	6860
6849	6861
6850	6862
6851	6863
6852	6864
6853	6865
6854	6866
6855	6867
6856	6868
6857	6869
6858	6870
6859	6871
6860	6872
6861	6873
6862	6874
6863	6875
6864	6876
6865	6877
6866	6878
6867	6879
6868	6880
6869	6881
6870	6882
6871	6883
6872	6884
6873	6885
6874	6886
6875	6887
6876	6888
6877	6889
6878	6890
6879	6891
6880	6892
6881	6893
6882	6894
6883	6895
6884	6896
6885	6897
6886	6898
6887	6899
6888	6900
6889	6901
6890	6902
6891	6903
6892	6904
6893	6905
6894	6906
6895	6907
6896	6908
6897	6909
6898	6910
6899	6911
6900	6912
6901	6913
6902	6914
6903	6915
6904	6916
6905	6917
6906	6918
6907	6919
6908	6920
6909	6921
6910	6922
6911	6923
6912	6924
6913	6925
6914	6926
6915	6927
6916	6928
6917	6929
6918	6930
6919	6931
6920	6932
6921	6933
6922	6934
6923	6935
6924	6936
6925	6937
6926	6938
6927	6939
6928	6940
6929	6941
6930	6942
6931	6943
6932	6944
6933	6945
6934	6946
6935	6947
6936	6948
6937	6949
6938	6950
6939	6951
6940	6952
6941	6953
6942	6954
6943	6955
6944	6956
6945	6957
6946	6958
6947	6959
6948	6960
6949	6961
6950	6962
6951	6963
6952	6964
6953	6965
6954	6966
6955	6967
6956	6968
6957	6969
6958	6970
6959	6971
6960	6972
6961	6973
6962	6974
6963	6975
6964	6976
6965	6977
6966	6978
6967	6979
6968	6980
6969	6981
6970	6982
6971	6983
6972	6984
6973	6985
6974	6986
6975	6987
6976	6988
6977	6989
6978	6990
6979	6991
6980	6992
6981	6993
6982	6994
6983	6995
6984	6996
6985	6997
6986	6998
6987	6999
6988	7000
6989	7001
6990	7002
6991	7003
6992	7004
6993	7005
6994	7006
6995	7007
6996	7008
6997	7009
6998	7010
6999	7011
7000	7012
7001	7013
7002	7014
7003	7015
7004	7016
7005	7017
7006	7018
7007	7019
7008	7020
7009	7021
7010	7022
7011	7023
7012	7024
7013	7025
7014	7026
7015	7027
7016	7028
7017	7029
7018	7030
7019	7031
7020	7032
7021	7033
7022	7034
7023	7035
7024	7036
7025	7037
7026	7038
7027	7039
7028	7040
7029	7041
7030	7042
7031	7043
7032	7044
7033	7045
7034	7046
7035	7047
7036	7048
7037	7049
7038	7050
7039	7051
7040	7052
7041	7053
7042	7054
7043	7055
7044	7056
7045	7057
7046	7058
7047	7059
7048	7060
7049	7061
7050	7062
7051	7063
7052	7064
7053	7065
7054	7066
7055	7067
7056	7068
7057	7069
7058	7070
7059	7071
7060	7072
7061	7073
7062	7074
7063	7075
7064	7076
7065	7077
7066	7078
7067	7079
7068	7080
7069	7081
7070	7082
7071	7083
7072	7084
7073	7085
7074	7086
7075	7087
7076	7088
7077	7089
7078	7090
7079	7091
7080	7092
7081	7093
7082	7094
7083	7095
7084	7096
