1	177
2	178
3	179
4	180
5	181
6	182
7	183
8	184
9	185
10	186
11	187
12	188
13	189
14	190
15	191
16	192
17	193
18	194
19	195
20	196
21	197
22	198
23	199
24	200
25	201
26	202
27	203
28	204
29	205
30	206
31	207
32	208
33	209
34	210
35	211
36	212
37	213
38	214
39	215
40	216
41	217
42	218
43	219
44	220
45	221
46	222
47	223
48	224
49	225
50	226
51	227
52	228
53	229
54	230
55	231
56	232
57	233
58	234
59	235
60	236
61	237
62	238
63	239
64	240
65	241
66	242
67	243
68	244
69	245
70	246
71	247
72	248
73	249
74	250
75	251
76	252
77	253
78	254
79	255
80	256
81	257
82	258
83	259
84	260
85	261
86	262
87	263
88	264
89	265
90	266
91	267
92	268
93	269
94	270
95	271
96	272
97	273
98	274
99	275
100	276
101	277
102	278
103	279
104	280
105	281
106	282
107	283
108	284
109	285
110	286
111	287
112	288
113	289
114	290
115	291
116	292
117	293
118	294
119	295
120	296
121	297
122	298
123	299
124	300
125	301
126	302
127	303
128	304
129	305
130	306
131	307
132	308
133	309
