1	1650
2	1651
3	1652
4	1653
5	1654
6	1655
7	1656
8	1657
9	1658
10	1659
11	1660
12	1661
13	1662
14	1663
15	1664
16	1665
17	1666
18	1667
19	1668
20	1669
21	1670
22	1671
23	1672
24	1673
25	1674
26	1675
27	1676
28	1677
29	1678
30	1679
31	1680
32	1681
33	1682
34	1683
35	1684
36	1685
37	1686
38	1687
39	1688
40	1689
41	1690
42	1691
43	1692
44	1693
45	1694
46	1695
47	1696
48	1697
49	1698
50	1699
51	1700
52	1701
53	1702
54	1703
55	1704
56	1705
57	1706
58	1707
59	1708
60	1709
61	1710
62	1711
63	1712
64	1713
65	1714
66	1715
67	1716
68	1717
69	1718
70	1719
71	1720
72	1721
73	1722
74	1723
75	1724
76	1725
77	1726
78	1727
79	1728
80	1729
81	1730
82	1731
83	1732
84	1733
85	1734
86	1735
87	1736
88	1737
89	1738
90	1739
91	1740
92	1741
93	1742
94	1743
95	1744
96	1745
97	1746
98	1747
99	1748
100	1749
101	1750
102	1751
103	1752
104	1753
105	1754
106	1755
107	1756
108	1757
109	1758
110	1759
111	1760
112	1761
113	1762
114	1763
115	1764
116	1765
117	1766
118	1767
119	1768
120	1769
121	1770
122	1771
123	1772
124	1773
125	1774
126	1775
127	1776
128	1777
129	1778
130	1779
131	1780
132	1781
133	1782
134	1783
135	1784
136	1785
137	1786
138	1787
139	1788
140	1789
141	1790
142	1791
143	1792
144	1793
145	1794
146	1795
147	1796
148	1797
149	1798
150	1799
151	1800
152	1801
153	1802
154	1803
155	1804
156	1805
157	1806
158	1807
159	1808
160	1809
161	1810
162	1811
163	1812
164	1813
165	1814
166	1815
167	1816
168	1817
169	1818
170	1819
171	1820
172	1821
173	1822
174	1823
175	1824
176	1825
177	1826
178	1827
179	1828
180	1829
181	1830
182	1831
183	1832
184	1833
185	1834
186	1835
187	1836
188	1837
189	1838
190	1839
191	1840
192	1841
193	1842
194	1843
195	1844
196	1845
197	1846
198	1847
199	1848
200	1849
201	1850
202	1851
203	1852
204	1853
205	1854
206	1855
207	1856
208	1857
209	1858
210	1859
211	1860
212	1861
213	1862
214	1863
215	1864
216	1865
217	1866
218	1867
219	1868
220	1869
221	1870
222	1871
223	1872
224	1873
225	1874
226	1875
227	1876
228	1877
229	1878
230	1879
231	1880
232	1881
233	1882
234	1883
235	1884
236	1885
237	1886
238	1887
239	1888
240	1889
241	1890
242	1891
243	1892
244	1893
245	1894
246	1895
247	1896
248	1897
249	1898
250	1899
251	1900
252	1901
253	1902
254	1903
255	1904
256	1905
