1	86
2	87
3	88
4	89
5	90
6	91
7	92
8	93
9	94
10	95
11	96
12	97
13	98
14	99
15	100
16	101
17	102
18	103
19	104
20	105
21	106
22	107
23	108
24	109
25	110
26	111
27	112
28	113
29	114
30	115
31	116
32	117
33	118
34	119
35	120
36	121
37	122
38	123
39	124
40	125
41	126
42	127
43	128
44	129
45	130
46	131
47	132
48	133
49	134
50	135
51	136
52	137
53	138
54	139
55	140
56	141
57	142
58	143
59	144
60	145
61	146
62	147
63	148
64	149
65	150
66	151
67	152
68	153
69	154
70	155
71	156
72	157
73	158
74	159
75	160
76	161
77	162
78	163
79	164
80	165
81	166
82	167
83	168
84	169
85	170
86	171
87	172
88	173
89	174
90	175
91	176
92	177
93	178
94	179
95	180
96	181
97	182
98	183
99	184
100	185
101	186
102	187
103	188
104	189
105	190
106	191
107	192
108	193
109	194
110	195
111	196
112	197
113	198
114	199
115	200
116	201
117	202
118	203
119	204
120	205
121	206
122	207
123	208
124	209
125	210
126	211
127	212
128	213
129	214
130	215
131	216
132	217
133	218
134	219
135	220
136	221
137	222
138	223
139	224
140	225
141	226
142	227
143	228
144	229
145	230
146	231
147	232
148	233
149	234
150	235
151	236
152	237
153	238
154	239
155	240
156	241
157	242
158	243
159	244
160	245
161	246
162	247
163	248
164	249
165	250
166	251
167	252
168	253
169	254
170	255
171	256
172	257
173	258
174	259
175	260
176	261
177	262
178	263
179	264
180	265
181	266
182	267
183	268
184	269
185	270
186	271
187	272
188	273
189	274
190	275
191	276
192	277
193	278
194	279
195	280
196	281
197	282
198	283
199	284
200	285
201	286
202	287
203	288
204	289
205	290
206	291
207	292
208	293
209	294
210	295
211	296
212	297
213	298
214	299
215	300
216	301
217	302
218	303
219	304
220	305
221	306
222	307
223	308
224	309
225	310
226	311
227	312
228	313
229	314
230	315
231	316
232	317
233	318
234	319
235	320
236	321
237	322
238	323
239	324
240	325
241	326
242	327
243	328
244	329
245	330
246	331
247	332
248	333
249	334
250	335
251	336
252	337
253	338
254	339
255	340
256	341
257	342
258	343
259	344
260	345
261	346
262	347
263	348
264	349
265	350
266	351
267	352
268	353
269	354
270	355
271	356
272	357
273	358
274	359
275	360
276	361
277	362
278	363
279	364
280	365
281	366
282	367
283	368
284	369
285	370
286	371
287	372
288	373
289	374
290	375
291	376
292	377
293	378
294	379
295	380
296	381
297	382
298	383
299	384
300	385
301	386
302	387
303	388
304	389
305	390
306	391
307	392
308	393
309	394
310	395
311	396
312	397
313	398
314	399
315	400
316	401
317	402
318	403
319	404
320	405
321	406
322	407
323	408
324	409
325	410
326	411
327	412
328	413
329	414
330	415
331	416
332	417
333	418
334	419
335	420
336	421
337	422
338	423
339	424
340	425
341	426
342	427
343	428
344	429
345	430
346	431
347	432
348	433
349	434
350	435
351	436
352	437
353	438
354	439
355	440
356	441
357	442
358	443
359	444
360	445
361	446
362	447
363	448
364	449
365	450
366	451
367	452
368	453
369	454
370	455
371	456
372	457
373	458
374	459
375	460
376	461
377	462
378	463
379	464
380	465
381	466
382	467
383	468
384	469
385	470
386	471
387	472
388	473
389	474
390	475
391	476
392	477
393	478
394	479
395	480
396	481
397	482
398	483
399	484
400	485
401	486
402	487
403	488
404	489
405	490
406	491
407	492
408	493
409	494
410	495
411	496
412	497
413	498
414	499
415	500
416	501
417	502
418	503
419	504
420	505
421	506
422	507
423	508
424	509
425	510
426	511
427	512
428	513
429	514
430	515
431	516
432	517
433	518
434	519
435	520
436	521
437	522
438	523
439	524
440	525
441	526
442	527
443	528
444	529
445	530
446	531
447	532
448	533
449	534
450	535
451	536
452	537
453	538
454	539
455	540
456	541
457	542
458	543
459	544
460	545
461	546
462	547
463	548
464	549
465	550
466	551
467	552
468	553
469	554
470	555
471	556
472	557
473	558
474	559
475	560
476	561
477	562
478	563
479	564
480	565
481	566
482	567
483	568
484	569
485	570
486	571
487	572
488	573
489	574
490	575
491	576
492	577
493	578
494	579
495	580
496	581
497	582
498	583
499	584
500	585
501	586
502	587
503	588
504	589
505	590
506	591
507	592
508	593
509	594
510	595
511	596
512	597
513	598
514	599
515	600
516	601
517	602
518	603
519	604
520	605
521	606
522	607
523	608
524	609
525	610
526	611
527	612
528	613
529	614
530	615
531	616
532	617
533	618
534	619
535	620
536	621
537	622
538	623
539	624
540	625
541	626
542	627
543	628
544	629
545	630
546	631
547	632
548	633
549	634
550	635
551	636
552	637
553	638
554	639
555	640
556	641
557	642
558	643
559	644
560	645
561	646
562	647
563	648
564	649
565	650
566	651
567	652
568	653
569	654
570	655
571	656
572	657
573	658
574	659
575	660
576	661
577	662
578	663
579	664
580	665
581	666
582	667
583	668
584	669
585	670
586	671
587	672
588	673
589	674
590	675
591	676
592	677
593	678
594	679
595	680
596	681
597	682
598	683
599	684
600	685
601	686
602	687
603	688
604	689
605	690
606	691
607	692
608	693
609	694
610	695
611	696
612	697
613	698
614	699
615	700
616	701
617	702
618	703
619	704
620	705
621	706
622	707
623	708
624	709
625	710
626	711
627	712
628	713
629	714
630	715
631	716
632	717
633	718
634	719
635	720
636	721
637	722
638	723
639	724
640	725
641	726
642	727
643	728
644	729
645	730
646	731
647	732
648	733
649	734
650	735
651	736
652	737
653	738
654	739
655	740
656	741
657	742
658	743
659	744
660	745
661	746
662	747
663	748
664	749
665	750
666	751
667	752
668	753
669	754
670	755
671	756
672	757
673	758
674	759
675	760
676	761
677	762
678	763
679	764
680	765
681	766
682	767
683	768
684	769
685	770
686	771
687	772
688	773
689	774
690	775
691	776
692	777
693	778
694	779
695	780
696	781
697	782
698	783
699	784
700	785
701	786
702	787
703	788
704	789
705	790
706	791
707	792
708	793
709	794
710	795
711	796
712	797
713	798
714	799
715	800
716	801
717	802
718	803
719	804
720	805
721	806
722	807
723	808
724	809
725	810
726	811
727	812
728	813
729	814
730	815
731	816
732	817
733	818
734	819
735	820
736	821
737	822
738	823
739	824
740	825
741	826
742	827
743	828
744	829
745	830
746	831
747	832
748	833
749	834
750	835
751	836
752	837
753	838
754	839
755	840
756	841
757	842
758	843
759	844
760	845
761	846
762	847
763	848
764	849
765	850
766	851
767	852
768	853
769	854
770	855
771	856
772	857
773	858
774	859
775	860
776	861
777	862
778	863
779	864
780	865
781	866
782	867
783	868
784	869
785	870
786	871
787	872
788	873
789	874
790	875
791	876
792	877
793	878
794	879
795	880
796	881
797	882
798	883
799	884
800	885
801	886
802	887
803	888
804	889
805	890
806	891
807	892
808	893
809	894
810	895
811	896
812	897
813	898
814	899
815	900
816	901
817	902
818	903
819	904
820	905
821	906
822	907
823	908
824	909
825	910
826	911
827	912
828	913
829	914
830	915
831	916
832	917
833	918
834	919
835	920
836	921
837	922
838	923
839	924
840	925
841	926
842	927
843	928
844	929
845	930
846	931
847	932
848	933
849	934
850	935
851	936
852	937
853	938
854	939
855	940
856	941
857	942
858	943
859	944
860	945
861	946
862	947
863	948
864	949
865	950
866	951
867	952
868	953
869	954
870	955
871	956
872	957
873	958
874	959
875	960
876	961
877	962
878	963
879	964
880	965
881	966
882	967
883	968
884	969
885	970
886	971
887	972
888	973
889	974
890	975
891	976
892	977
893	978
894	979
895	980
896	981
897	982
898	983
899	984
900	985
901	986
902	987
903	988
904	989
905	990
906	991
907	992
908	993
909	994
910	995
911	996
912	997
913	998
914	999
915	1000
916	1001
917	1002
918	1003
919	1004
920	1005
921	1006
922	1007
923	1008
924	1009
925	1010
926	1011
927	1012
928	1013
929	1014
930	1015
931	1016
932	1017
933	1018
934	1019
935	1020
936	1021
937	1022
938	1023
939	1024
940	1025
941	1026
942	1027
943	1028
944	1029
945	1030
946	1031
947	1032
948	1033
949	1034
950	1035
951	1036
952	1037
953	1038
954	1039
955	1040
956	1041
957	1042
958	1043
959	1044
960	1045
961	1046
962	1047
963	1048
964	1049
965	1050
966	1051
967	1052
968	1053
969	1054
970	1055
971	1056
972	1057
973	1058
974	1059
975	1060
976	1061
977	1062
978	1063
979	1064
980	1065
981	1066
982	1067
983	1068
984	1069
985	1070
986	1071
987	1072
988	1073
989	1074
990	1075
991	1076
992	1077
993	1078
994	1079
995	1080
996	1081
997	1082
998	1083
999	1084
1000	1085
1001	1086
1002	1087
1003	1088
1004	1089
1005	1090
1006	1091
1007	1092
1008	1093
1009	1094
1010	1095
1011	1096
1012	1097
1013	1098
1014	1099
1015	1100
1016	1101
1017	1102
1018	1103
1019	1104
1020	1105
1021	1106
1022	1107
1023	1108
1024	1109
1025	1110
1026	1111
1027	1112
1028	1113
1029	1114
1030	1115
1031	1116
1032	1117
1033	1118
1034	1119
1035	1120
1036	1121
1037	1122
1038	1123
1039	1124
1040	1125
1041	1126
1042	1127
1043	1128
1044	1129
1045	1130
1046	1131
1047	1132
1048	1133
1049	1134
1050	1135
1051	1136
1052	1137
1053	1138
1054	1139
1055	1140
1056	1141
1057	1142
1058	1143
1059	1144
1060	1145
1061	1146
1062	1147
1063	1148
1064	1149
1065	1150
1066	1151
1067	1152
1068	1153
1069	1154
1070	1155
1071	1156
1072	1157
1073	1158
1074	1159
1075	1160
1076	1161
1077	1162
1078	1163
1079	1164
1080	1165
1081	1166
1082	1167
1083	1168
1084	1169
1085	1170
1086	1171
1087	1172
1088	1173
1089	1174
1090	1175
1091	1176
1092	1177
1093	1178
1094	1179
1095	1180
1096	1181
1097	1182
1098	1183
1099	1184
1100	1185
1101	1186
1102	1187
1103	1188
1104	1189
1105	1190
1106	1191
1107	1192
1108	1193
1109	1194
1110	1195
1111	1196
1112	1197
1113	1198
1114	1199
1115	1200
1116	1201
1117	1202
1118	1203
1119	1204
1120	1205
1121	1206
1122	1207
1123	1208
1124	1209
1125	1210
1126	1211
1127	1212
1128	1213
1129	1214
1130	1215
1131	1216
1132	1217
1133	1218
1134	1219
1135	1220
1136	1221
1137	1222
1138	1223
1139	1224
1140	1225
1141	1226
1142	1227
1143	1228
1144	1229
1145	1230
1146	1231
1147	1232
1148	1233
1149	1234
1150	1235
1151	1236
1152	1237
1153	1238
1154	1239
1155	1240
1156	1241
1157	1242
1158	1243
1159	1244
1160	1245
1161	1246
1162	1247
1163	1248
1164	1249
1165	1250
1166	1251
1167	1252
1168	1253
1169	1254
1170	1255
1171	1256
1172	1257
1173	1258
1174	1259
1175	1260
1176	1261
1177	1262
1178	1263
1179	1264
1180	1265
1181	1266
1182	1267
1183	1268
1184	1269
1185	1270
1186	1271
1187	1272
1188	1273
1189	1274
1190	1275
1191	1276
1192	1277
1193	1278
1194	1279
1195	1280
1196	1281
1197	1282
1198	1283
1199	1284
1200	1285
1201	1286
1202	1287
1203	1288
1204	1289
1205	1290
1206	1291
1207	1292
1208	1293
1209	1294
1210	1295
1211	1296
1212	1297
1213	1298
1214	1299
1215	1300
1216	1301
1217	1302
1218	1303
1219	1304
1220	1305
1221	1306
1222	1307
1223	1308
1224	1309
1225	1310
1226	1311
1227	1312
1228	1313
1229	1314
1230	1315
1231	1316
1232	1317
1233	1318
1234	1319
1235	1320
1236	1321
1237	1322
1238	1323
1239	1324
1240	1325
1241	1326
1242	1327
1243	1328
1244	1329
1245	1330
1246	1331
1247	1332
1248	1333
1249	1334
1250	1335
1251	1336
1252	1337
1253	1338
1254	1339
1255	1340
1256	1341
1257	1342
1258	1343
1259	1344
1260	1345
1261	1346
1262	1347
1263	1348
1264	1349
1265	1350
1266	1351
1267	1352
1268	1353
1269	1354
1270	1355
1271	1356
1272	1357
1273	1358
1274	1359
1275	1360
1276	1361
1277	1362
1278	1363
1279	1364
1280	1365
1281	1366
1282	1367
1283	1368
1284	1369
1285	1370
1286	1371
1287	1372
1288	1373
1289	1374
1290	1375
1291	1376
1292	1377
1293	1378
1294	1379
1295	1380
1296	1381
1297	1382
1298	1383
1299	1384
1300	1385
1301	1386
1302	1387
1303	1388
1304	1389
1305	1390
1306	1391
1307	1392
1308	1393
1309	1394
1310	1395
1311	1396
1312	1397
1313	1398
1314	1399
1315	1400
1316	1401
1317	1402
1318	1403
1319	1404
1320	1405
1321	1406
1322	1407
1323	1408
1324	1409
1325	1410
1326	1411
1327	1412
1328	1413
1329	1414
1330	1415
1331	1416
1332	1417
1333	1418
1334	1419
1335	1420
1336	1421
1337	1422
1338	1423
1339	1424
1340	1425
1341	1426
1342	1427
1343	1428
1344	1429
1345	1430
1346	1431
1347	1432
1348	1433
1349	1434
1350	1435
1351	1436
1352	1437
1353	1438
1354	1439
1355	1440
1356	1441
1357	1442
1358	1443
1359	1444
1360	1445
1361	1446
1362	1447
1363	1448
1364	1449
1365	1450
1366	1451
1367	1452
1368	1453
1369	1454
1370	1455
1371	1456
1372	1457
1373	1458
1374	1459
1375	1460
1376	1461
1377	1462
1378	1463
1379	1464
1380	1465
1381	1466
1382	1467
1383	1468
1384	1469
1385	1470
1386	1471
1387	1472
1388	1473
1389	1474
1390	1475
1391	1476
1392	1477
1393	1478
1394	1479
1395	1480
1396	1481
1397	1482
1398	1483
1399	1484
1400	1485
1401	1486
1402	1487
1403	1488
1404	1489
1405	1490
1406	1491
1407	1492
1408	1493
1409	1494
1410	1495
1411	1496
1412	1497
1413	1498
1414	1499
1415	1500
1416	1501
1417	1502
1418	1503
1419	1504
1420	1505
1421	1506
1422	1507
1423	1508
1424	1509
1425	1510
1426	1511
1427	1512
1428	1513
1429	1514
1430	1515
1431	1516
1432	1517
1433	1518
1434	1519
1435	1520
1436	1521
1437	1522
1438	1523
1439	1524
1440	1525
1441	1526
1442	1527
1443	1528
1444	1529
1445	1530
1446	1531
1447	1532
1448	1533
1449	1534
1450	1535
1451	1536
1452	1537
1453	1538
1454	1539
1455	1540
1456	1541
1457	1542
1458	1543
1459	1544
1460	1545
1461	1546
1462	1547
1463	1548
1464	1549
1465	1550
1466	1551
1467	1552
1468	1553
1469	1554
1470	1555
1471	1556
1472	1557
1473	1558
1474	1559
1475	1560
1476	1561
1477	1562
1478	1563
1479	1564
1480	1565
1481	1566
1482	1567
1483	1568
1484	1569
1485	1570
1486	1571
1487	1572
1488	1573
1489	1574
1490	1575
1491	1576
1492	1577
1493	1578
1494	1579
1495	1580
1496	1581
1497	1582
1498	1583
1499	1584
1500	1585
1501	1586
1502	1587
1503	1588
1504	1589
1505	1590
1506	1591
1507	1592
1508	1593
1509	1594
1510	1595
1511	1596
1512	1597
1513	1598
1514	1599
1515	1600
1516	1601
1517	1602
1518	1603
1519	1604
1520	1605
1521	1606
1522	1607
1523	1608
1524	1609
1525	1610
1526	1611
1527	1612
1528	1613
1529	1614
1530	1615
1531	1616
1532	1617
1533	1618
1534	1619
1535	1620
1536	1621
1537	1622
1538	1623
1539	1624
1540	1625
1541	1626
1542	1627
1543	1628
1544	1629
1545	1630
1546	1631
1547	1632
1548	1633
1549	1634
1550	1635
1551	1636
1552	1637
1553	1638
1554	1639
1555	1640
1556	1641
1557	1642
1558	1643
1559	1644
1560	1645
1561	1646
1562	1647
1563	1648
1564	1649
1565	1650
1566	1651
1567	1652
1568	1653
1569	1654
1570	1655
1571	1656
1572	1657
1573	1658
1574	1659
1575	1660
1576	1661
1577	1662
1578	1663
1579	1664
1580	1665
1581	1666
1582	1667
1583	1668
1584	1669
1585	1670
1586	1671
1587	1672
1588	1673
1589	1674
1590	1675
1591	1676
1592	1677
1593	1678
1594	1679
1595	1680
1596	1681
1597	1682
1598	1683
1599	1684
1600	1685
1601	1686
1602	1687
1603	1688
1604	1689
1605	1690
1606	1691
1607	1692
1608	1693
1609	1694
1610	1695
1611	1696
1612	1697
1613	1698
1614	1699
1615	1700
1616	1701
1617	1702
1618	1703
1619	1704
1620	1705
1621	1706
1622	1707
1623	1708
1624	1709
1625	1710
1626	1711
1627	1712
1628	1713
1629	1714
1630	1715
1631	1716
1632	1717
1633	1718
1634	1719
1635	1720
1636	1721
1637	1722
1638	1723
1639	1724
1640	1725
1641	1726
1642	1727
1643	1728
1644	1729
1645	1730
1646	1731
1647	1732
1648	1733
1649	1734
1650	1735
1651	1736
1652	1737
1653	1738
1654	1739
1655	1740
1656	1741
1657	1742
1658	1743
1659	1744
1660	1745
1661	1746
1662	1747
1663	1748
1664	1749
1665	1750
1666	1751
1667	1752
1668	1753
1669	1754
1670	1755
1671	1756
1672	1757
1673	1758
1674	1759
1675	1760
1676	1761
1677	1762
1678	1763
1679	1764
1680	1765
1681	1766
1682	1767
1683	1768
1684	1769
1685	1770
1686	1771
1687	1772
1688	1773
1689	1774
1690	1775
1691	1776
1692	1777
1693	1778
1694	1779
1695	1780
1696	1781
1697	1782
1698	1783
1699	1784
1700	1785
1701	1786
1702	1787
1703	1788
1704	1789
1705	1790
1706	1791
1707	1792
1708	1793
1709	1794
1710	1795
1711	1796
1712	1797
1713	1798
1714	1799
1715	1800
1716	1801
1717	1802
1718	1803
1719	1804
1720	1805
1721	1806
1722	1807
1723	1808
1724	1809
1725	1810
1726	1811
1727	1812
1728	1813
1729	1814
1730	1815
1731	1816
1732	1817
1733	1818
1734	1819
1735	1820
1736	1821
1737	1822
1738	1823
1739	1824
1740	1825
1741	1826
1742	1827
1743	1828
1744	1829
1745	1830
1746	1831
1747	1832
1748	1833
1749	1834
1750	1835
1751	1836
1752	1837
1753	1838
1754	1839
1755	1840
1756	1841
1757	1842
1758	1843
1759	1844
1760	1845
1761	1846
1762	1847
1763	1848
1764	1849
1765	1850
1766	1851
1767	1852
1768	1853
1769	1854
1770	1855
1771	1856
1772	1857
1773	1858
1774	1859
1775	1860
1776	1861
1777	1862
1778	1863
1779	1864
1780	1865
1781	1866
1782	1867
1783	1868
1784	1869
1785	1870
1786	1871
1787	1872
1788	1873
1789	1874
1790	1875
1791	1876
1792	1877
1793	1878
1794	1879
1795	1880
1796	1881
1797	1882
1798	1883
1799	1884
1800	1885
1801	1886
1802	1887
1803	1888
1804	1889
1805	1890
1806	1891
1807	1892
1808	1893
1809	1894
1810	1895
1811	1896
1812	1897
1813	1898
1814	1899
1815	1900
1816	1901
1817	1902
1818	1903
1819	1904
1820	1905
1821	1906
1822	1907
1823	1908
1824	1909
1825	1910
1826	1911
1827	1912
1828	1913
1829	1914
1830	1915
1831	1916
1832	1917
1833	1918
1834	1919
1835	1920
1836	1921
1837	1922
1838	1923
1839	1924
1840	1925
1841	1926
1842	1927
1843	1928
1844	1929
1845	1930
1846	1931
1847	1932
1848	1933
1849	1934
1850	1935
1851	1936
1852	1937
1853	1938
1854	1939
1855	1940
1856	1941
1857	1942
1858	1943
1859	1944
1860	1945
1861	1946
1862	1947
1863	1948
1864	1949
1865	1950
1866	1951
1867	1952
1868	1953
1869	1954
1870	1955
1871	1956
1872	1957
1873	1958
1874	1959
1875	1960
1876	1961
1877	1962
1878	1963
1879	1964
1880	1965
1881	1966
1882	1967
1883	1968
1884	1969
1885	1970
1886	1971
1887	1972
1888	1973
1889	1974
1890	1975
1891	1976
1892	1977
1893	1978
1894	1979
1895	1980
1896	1981
1897	1982
1898	1983
1899	1984
1900	1985
1901	1986
1902	1987
1903	1988
1904	1989
1905	1990
1906	1991
1907	1992
1908	1993
1909	1994
1910	1995
1911	1996
1912	1997
1913	1998
1914	1999
1915	2000
1916	2001
1917	2002
1918	2003
1919	2004
1920	2005
1921	2006
1922	2007
1923	2008
1924	2009
1925	2010
1926	2011
1927	2012
1928	2013
1929	2014
1930	2015
1931	2016
1932	2017
1933	2018
1934	2019
1935	2020
1936	2021
1937	2022
1938	2023
1939	2024
1940	2025
1941	2026
1942	2027
1943	2028
1944	2029
1945	2030
1946	2031
1947	2032
1948	2033
1949	2034
1950	2035
1951	2036
1952	2037
1953	2038
1954	2039
1955	2040
1956	2041
1957	2042
1958	2043
1959	2044
1960	2045
1961	2046
1962	2047
1963	2048
1964	2049
1965	2050
1966	2051
1967	2052
1968	2053
1969	2054
1970	2055
1971	2056
1972	2057
1973	2058
1974	2059
1975	2060
1976	2061
1977	2062
1978	2063
1979	2064
1980	2065
1981	2066
1982	2067
1983	2068
1984	2069
1985	2070
1986	2071
1987	2072
1988	2073
1989	2074
1990	2075
1991	2076
1992	2077
1993	2078
1994	2079
1995	2080
1996	2081
1997	2082
1998	2083
1999	2084
2000	2085
2001	2086
2002	2087
2003	2088
2004	2089
2005	2090
2006	2091
2007	2092
2008	2093
2009	2094
2010	2095
2011	2096
2012	2097
2013	2098
2014	2099
2015	2100
2016	2101
2017	2102
2018	2103
2019	2104
2020	2105
2021	2106
2022	2107
2023	2108
2024	2109
2025	2110
2026	2111
2027	2112
2028	2113
2029	2114
2030	2115
2031	2116
2032	2117
2033	2118
2034	2119
2035	2120
2036	2121
2037	2122
2038	2123
2039	2124
2040	2125
2041	2126
2042	2127
2043	2128
2044	2129
2045	2130
2046	2131
2047	2132
2048	2133
2049	2134
2050	2135
2051	2136
2052	2137
2053	2138
2054	2139
2055	2140
2056	2141
2057	2142
2058	2143
2059	2144
2060	2145
2061	2146
2062	2147
2063	2148
2064	2149
2065	2150
2066	2151
2067	2152
2068	2153
2069	2154
2070	2155
2071	2156
2072	2157
2073	2158
2074	2159
2075	2160
2076	2161
2077	2162
2078	2163
2079	2164
2080	2165
2081	2166
2082	2167
2083	2168
2084	2169
2085	2170
2086	2171
2087	2172
2088	2173
2089	2174
2090	2175
2091	2176
2092	2177
2093	2178
2094	2179
2095	2180
2096	2181
2097	2182
2098	2183
2099	2184
2100	2185
2101	2186
2102	2187
2103	2188
2104	2189
2105	2190
2106	2191
2107	2192
2108	2193
2109	2194
2110	2195
2111	2196
2112	2197
2113	2198
2114	2199
2115	2200
2116	2201
2117	2202
2118	2203
2119	2204
2120	2205
2121	2206
2122	2207
2123	2208
2124	2209
2125	2210
2126	2211
2127	2212
2128	2213
2129	2214
2130	2215
2131	2216
2132	2217
2133	2218
2134	2219
2135	2220
2136	2221
2137	2222
2138	2223
2139	2224
2140	2225
2141	2226
2142	2227
2143	2228
2144	2229
2145	2230
2146	2231
2147	2232
2148	2233
2149	2234
2150	2235
2151	2236
2152	2237
2153	2238
2154	2239
2155	2240
2156	2241
2157	2242
2158	2243
2159	2244
2160	2245
2161	2246
2162	2247
2163	2248
2164	2249
2165	2250
2166	2251
2167	2252
2168	2253
2169	2254
2170	2255
2171	2256
2172	2257
2173	2258
2174	2259
2175	2260
2176	2261
2177	2262
2178	2263
2179	2264
2180	2265
2181	2266
2182	2267
2183	2268
2184	2269
2185	2270
2186	2271
2187	2272
2188	2273
2189	2274
2190	2275
2191	2276
2192	2277
2193	2278
2194	2279
2195	2280
2196	2281
2197	2282
2198	2283
2199	2284
2200	2285
2201	2286
2202	2287
2203	2288
2204	2289
2205	2290
2206	2291
2207	2292
2208	2293
2209	2294
2210	2295
2211	2296
2212	2297
2213	2298
2214	2299
2215	2300
2216	2301
2217	2302
2218	2303
2219	2304
2220	2305
2221	2306
2222	2307
2223	2308
2224	2309
2225	2310
2226	2311
2227	2312
2228	2313
2229	2314
2230	2315
2231	2316
2232	2317
2233	2318
2234	2319
2235	2320
2236	2321
2237	2322
2238	2323
2239	2324
2240	2325
2241	2326
2242	2327
2243	2328
2244	2329
2245	2330
2246	2331
2247	2332
2248	2333
2249	2334
2250	2335
2251	2336
2252	2337
2253	2338
2254	2339
2255	2340
2256	2341
2257	2342
2258	2343
2259	2344
2260	2345
2261	2346
2262	2347
2263	2348
2264	2349
2265	2350
2266	2351
2267	2352
2268	2353
2269	2354
2270	2355
2271	2356
2272	2357
2273	2358
2274	2359
2275	2360
2276	2361
2277	2362
2278	2363
2279	2364
2280	2365
2281	2366
2282	2367
2283	2368
2284	2369
2285	2370
2286	2371
2287	2372
2288	2373
2289	2374
2290	2375
2291	2376
2292	2377
2293	2378
2294	2379
2295	2380
2296	2381
2297	2382
2298	2383
2299	2384
2300	2385
2301	2386
2302	2387
2303	2388
2304	2389
2305	2390
2306	2391
2307	2392
2308	2393
2309	2394
2310	2395
2311	2396
2312	2397
2313	2398
2314	2399
2315	2400
2316	2401
2317	2402
2318	2403
2319	2404
2320	2405
2321	2406
2322	2407
2323	2408
2324	2409
2325	2410
2326	2411
2327	2412
2328	2413
2329	2414
2330	2415
2331	2416
2332	2417
2333	2418
2334	2419
2335	2420
2336	2421
2337	2422
2338	2423
2339	2424
2340	2425
2341	2426
2342	2427
2343	2428
2344	2429
2345	2430
2346	2431
2347	2432
2348	2433
2349	2434
2350	2435
2351	2436
2352	2437
2353	2438
2354	2439
2355	2440
2356	2441
2357	2442
2358	2443
2359	2444
2360	2445
2361	2446
2362	2447
2363	2448
2364	2449
2365	2450
2366	2451
2367	2452
2368	2453
2369	2454
2370	2455
2371	2456
2372	2457
2373	2458
2374	2459
2375	2460
2376	2461
2377	2462
2378	2463
2379	2464
2380	2465
2381	2466
2382	2467
2383	2468
2384	2469
2385	2470
2386	2471
2387	2472
2388	2473
2389	2474
2390	2475
2391	2476
2392	2477
2393	2478
2394	2479
2395	2480
2396	2481
2397	2482
2398	2483
2399	2484
2400	2485
2401	2486
2402	2487
2403	2488
2404	2489
2405	2490
2406	2491
2407	2492
2408	2493
2409	2494
2410	2495
2411	2496
2412	2497
2413	2498
2414	2499
2415	2500
2416	2501
2417	2502
2418	2503
2419	2504
2420	2505
2421	2506
2422	2507
2423	2508
2424	2509
2425	2510
2426	2511
2427	2512
2428	2513
2429	2514
2430	2515
2431	2516
2432	2517
2433	2518
2434	2519
2435	2520
2436	2521
2437	2522
2438	2523
2439	2524
2440	2525
2441	2526
2442	2527
2443	2528
2444	2529
2445	2530
2446	2531
2447	2532
2448	2533
2449	2534
2450	2535
2451	2536
2452	2537
2453	2538
2454	2539
2455	2540
2456	2541
2457	2542
2458	2543
2459	2544
2460	2545
2461	2546
2462	2547
2463	2548
2464	2549
2465	2550
2466	2551
2467	2552
2468	2553
2469	2554
2470	2555
2471	2556
2472	2557
2473	2558
2474	2559
2475	2560
2476	2561
2477	2562
2478	2563
2479	2564
2480	2565
2481	2566
2482	2567
2483	2568
2484	2569
2485	2570
2486	2571
2487	2572
2488	2573
2489	2574
2490	2575
2491	2576
2492	2577
2493	2578
2494	2579
2495	2580
2496	2581
2497	2582
2498	2583
2499	2584
2500	2585
2501	2586
2502	2587
2503	2588
2504	2589
2505	2590
2506	2591
2507	2592
2508	2593
2509	2594
2510	2595
2511	2596
2512	2597
2513	2598
2514	2599
2515	2600
2516	2601
2517	2602
2518	2603
2519	2604
2520	2605
2521	2606
2522	2607
2523	2608
2524	2609
2525	2610
2526	2611
2527	2612
2528	2613
2529	2614
2530	2615
2531	2616
2532	2617
2533	2618
2534	2619
2535	2620
2536	2621
2537	2622
2538	2623
2539	2624
2540	2625
2541	2626
2542	2627
2543	2628
2544	2629
2545	2630
2546	2631
2547	2632
2548	2633
2549	2634
2550	2635
2551	2636
2552	2637
2553	2638
2554	2639
2555	2640
2556	2641
2557	2642
2558	2643
2559	2644
2560	2645
2561	2646
2562	2647
2563	2648
2564	2649
2565	2650
2566	2651
2567	2652
2568	2653
2569	2654
2570	2655
2571	2656
2572	2657
2573	2658
2574	2659
2575	2660
2576	2661
2577	2662
2578	2663
2579	2664
2580	2665
2581	2666
2582	2667
2583	2668
2584	2669
2585	2670
2586	2671
2587	2672
2588	2673
2589	2674
2590	2675
2591	2676
2592	2677
2593	2678
2594	2679
2595	2680
2596	2681
2597	2682
2598	2683
2599	2684
2600	2685
2601	2686
2602	2687
2603	2688
2604	2689
2605	2690
2606	2691
2607	2692
2608	2693
2609	2694
2610	2695
2611	2696
2612	2697
2613	2698
2614	2699
2615	2700
2616	2701
2617	2702
2618	2703
2619	2704
2620	2705
2621	2706
2622	2707
2623	2708
2624	2709
2625	2710
2626	2711
2627	2712
2628	2713
2629	2714
2630	2715
2631	2716
2632	2717
2633	2718
2634	2719
2635	2720
2636	2721
2637	2722
2638	2723
2639	2724
2640	2725
2641	2726
2642	2727
2643	2728
2644	2729
2645	2730
2646	2731
2647	2732
2648	2733
2649	2734
2650	2735
2651	2736
2652	2737
2653	2738
2654	2739
2655	2740
2656	2741
2657	2742
2658	2743
2659	2744
2660	2745
2661	2746
2662	2747
2663	2748
2664	2749
2665	2750
2666	2751
2667	2752
2668	2753
2669	2754
2670	2755
2671	2756
2672	2757
2673	2758
2674	2759
2675	2760
2676	2761
2677	2762
2678	2763
2679	2764
2680	2765
2681	2766
2682	2767
2683	2768
2684	2769
2685	2770
2686	2771
2687	2772
2688	2773
2689	2774
2690	2775
2691	2776
2692	2777
2693	2778
2694	2779
2695	2780
2696	2781
2697	2782
2698	2783
2699	2784
2700	2785
2701	2786
2702	2787
2703	2788
2704	2789
2705	2790
2706	2791
2707	2792
2708	2793
2709	2794
2710	2795
2711	2796
2712	2797
2713	2798
2714	2799
2715	2800
2716	2801
2717	2802
2718	2803
2719	2804
2720	2805
2721	2806
2722	2807
2723	2808
2724	2809
2725	2810
2726	2811
2727	2812
2728	2813
2729	2814
2730	2815
2731	2816
2732	2817
2733	2818
2734	2819
2735	2820
2736	2821
2737	2822
2738	2823
2739	2824
2740	2825
2741	2826
2742	2827
2743	2828
2744	2829
2745	2830
2746	2831
2747	2832
2748	2833
2749	2834
2750	2835
2751	2836
2752	2837
2753	2838
2754	2839
2755	2840
2756	2841
2757	2842
2758	2843
2759	2844
2760	2845
2761	2846
2762	2847
2763	2848
2764	2849
2765	2850
2766	2851
2767	2852
2768	2853
2769	2854
2770	2855
2771	2856
2772	2857
2773	2858
2774	2859
2775	2860
2776	2861
2777	2862
2778	2863
2779	2864
2780	2865
2781	2866
2782	2867
2783	2868
2784	2869
2785	2870
2786	2871
2787	2872
2788	2873
2789	2874
2790	2875
2791	2876
2792	2877
2793	2878
2794	2879
2795	2880
2796	2881
2797	2882
2798	2883
2799	2884
2800	2885
2801	2886
2802	2887
2803	2888
2804	2889
2805	2890
2806	2891
2807	2892
2808	2893
2809	2894
2810	2895
2811	2896
2812	2897
2813	2898
2814	2899
2815	2900
2816	2901
2817	2902
2818	2903
2819	2904
2820	2905
2821	2906
2822	2907
2823	2908
2824	2909
2825	2910
2826	2911
2827	2912
2828	2913
2829	2914
2830	2915
2831	2916
2832	2917
2833	2918
2834	2919
2835	2920
2836	2921
2837	2922
2838	2923
2839	2924
2840	2925
2841	2926
2842	2927
2843	2928
2844	2929
2845	2930
2846	2931
2847	2932
2848	2933
2849	2934
2850	2935
2851	2936
2852	2937
2853	2938
2854	2939
2855	2940
2856	2941
2857	2942
2858	2943
2859	2944
2860	2945
2861	2946
2862	2947
2863	2948
2864	2949
2865	2950
2866	2951
2867	2952
2868	2953
2869	2954
2870	2955
2871	2956
2872	2957
2873	2958
2874	2959
2875	2960
2876	2961
2877	2962
2878	2963
2879	2964
2880	2965
2881	2966
2882	2967
2883	2968
2884	2969
2885	2970
2886	2971
2887	2972
2888	2973
2889	2974
2890	2975
2891	2976
2892	2977
2893	2978
2894	2979
2895	2980
2896	2981
2897	2982
2898	2983
2899	2984
2900	2985
2901	2986
2902	2987
2903	2988
2904	2989
2905	2990
2906	2991
2907	2992
2908	2993
2909	2994
2910	2995
2911	2996
2912	2997
2913	2998
2914	2999
2915	3000
2916	3001
2917	3002
2918	3003
2919	3004
2920	3005
2921	3006
2922	3007
2923	3008
2924	3009
2925	3010
2926	3011
2927	3012
2928	3013
2929	3014
2930	3015
2931	3016
2932	3017
2933	3018
2934	3019
2935	3020
2936	3021
2937	3022
2938	3023
2939	3024
2940	3025
2941	3026
2942	3027
2943	3028
2944	3029
2945	3030
2946	3031
2947	3032
2948	3033
2949	3034
2950	3035
2951	3036
2952	3037
2953	3038
2954	3039
2955	3040
2956	3041
2957	3042
2958	3043
2959	3044
2960	3045
2961	3046
2962	3047
2963	3048
2964	3049
2965	3050
2966	3051
2967	3052
2968	3053
2969	3054
2970	3055
2971	3056
2972	3057
2973	3058
2974	3059
2975	3060
2976	3061
2977	3062
2978	3063
2979	3064
2980	3065
2981	3066
2982	3067
2983	3068
2984	3069
2985	3070
2986	3071
2987	3072
2988	3073
2989	3074
2990	3075
2991	3076
2992	3077
2993	3078
2994	3079
2995	3080
2996	3081
2997	3082
2998	3083
2999	3084
3000	3085
3001	3086
3002	3087
3003	3088
3004	3089
3005	3090
3006	3091
3007	3092
3008	3093
3009	3094
3010	3095
3011	3096
3012	3097
3013	3098
3014	3099
3015	3100
3016	3101
3017	3102
3018	3103
3019	3104
3020	3105
3021	3106
3022	3107
3023	3108
3024	3109
3025	3110
3026	3111
3027	3112
3028	3113
3029	3114
3030	3115
3031	3116
3032	3117
3033	3118
3034	3119
3035	3120
3036	3121
3037	3122
3038	3123
3039	3124
3040	3125
3041	3126
3042	3127
3043	3128
3044	3129
3045	3130
3046	3131
3047	3132
3048	3133
3049	3134
3050	3135
3051	3136
3052	3137
3053	3138
3054	3139
3055	3140
3056	3141
3057	3142
3058	3143
3059	3144
3060	3145
3061	3146
3062	3147
3063	3148
3064	3149
3065	3150
3066	3151
3067	3152
3068	3153
3069	3154
3070	3155
3071	3156
3072	3157
3073	3158
3074	3159
3075	3160
3076	3161
3077	3162
3078	3163
3079	3164
3080	3165
3081	3166
3082	3167
3083	3168
3084	3169
3085	3170
3086	3171
3087	3172
3088	3173
3089	3174
3090	3175
3091	3176
3092	3177
3093	3178
3094	3179
3095	3180
3096	3181
3097	3182
3098	3183
3099	3184
3100	3185
3101	3186
3102	3187
3103	3188
3104	3189
3105	3190
3106	3191
3107	3192
3108	3193
3109	3194
3110	3195
3111	3196
3112	3197
3113	3198
3114	3199
3115	3200
3116	3201
3117	3202
3118	3203
3119	3204
3120	3205
3121	3206
3122	3207
3123	3208
3124	3209
3125	3210
3126	3211
3127	3212
3128	3213
3129	3214
3130	3215
3131	3216
3132	3217
3133	3218
3134	3219
3135	3220
3136	3221
3137	3222
3138	3223
3139	3224
3140	3225
3141	3226
3142	3227
3143	3228
3144	3229
3145	3230
3146	3231
3147	3232
3148	3233
3149	3234
3150	3235
3151	3236
3152	3237
3153	3238
3154	3239
3155	3240
3156	3241
3157	3242
3158	3243
3159	3244
3160	3245
3161	3246
3162	3247
3163	3248
3164	3249
3165	3250
3166	3251
3167	3252
3168	3253
3169	3254
3170	3255
3171	3256
3172	3257
3173	3258
3174	3259
3175	3260
3176	3261
3177	3262
3178	3263
3179	3264
3180	3265
3181	3266
3182	3267
3183	3268
3184	3269
3185	3270
3186	3271
3187	3272
3188	3273
3189	3274
3190	3275
3191	3276
3192	3277
3193	3278
3194	3279
3195	3280
3196	3281
3197	3282
3198	3283
3199	3284
3200	3285
3201	3286
3202	3287
3203	3288
3204	3289
3205	3290
3206	3291
3207	3292
3208	3293
3209	3294
3210	3295
3211	3296
3212	3297
3213	3298
3214	3299
3215	3300
3216	3301
3217	3302
3218	3303
3219	3304
3220	3305
3221	3306
3222	3307
3223	3308
3224	3309
3225	3310
3226	3311
3227	3312
3228	3313
3229	3314
3230	3315
3231	3316
3232	3317
3233	3318
3234	3319
3235	3320
3236	3321
3237	3322
3238	3323
3239	3324
3240	3325
3241	3326
3242	3327
3243	3328
3244	3329
3245	3330
3246	3331
3247	3332
3248	3333
3249	3334
3250	3335
3251	3336
3252	3337
3253	3338
3254	3339
3255	3340
3256	3341
3257	3342
3258	3343
3259	3344
3260	3345
3261	3346
3262	3347
3263	3348
3264	3349
3265	3350
3266	3351
3267	3352
3268	3353
3269	3354
3270	3355
3271	3356
3272	3357
3273	3358
3274	3359
3275	3360
3276	3361
3277	3362
3278	3363
3279	3364
3280	3365
3281	3366
3282	3367
3283	3368
3284	3369
3285	3370
3286	3371
3287	3372
3288	3373
3289	3374
3290	3375
3291	3376
3292	3377
3293	3378
3294	3379
3295	3380
3296	3381
3297	3382
3298	3383
3299	3384
3300	3385
3301	3386
3302	3387
3303	3388
3304	3389
3305	3390
3306	3391
3307	3392
3308	3393
3309	3394
3310	3395
3311	3396
3312	3397
3313	3398
3314	3399
3315	3400
3316	3401
3317	3402
3318	3403
3319	3404
3320	3405
3321	3406
3322	3407
3323	3408
3324	3409
3325	3410
3326	3411
3327	3412
3328	3413
3329	3414
3330	3415
3331	3416
3332	3417
3333	3418
3334	3419
3335	3420
3336	3421
3337	3422
3338	3423
3339	3424
3340	3425
3341	3426
3342	3427
3343	3428
3344	3429
3345	3430
3346	3431
3347	3432
3348	3433
3349	3434
3350	3435
3351	3436
3352	3437
3353	3438
3354	3439
3355	3440
3356	3441
3357	3442
3358	3443
3359	3444
3360	3445
3361	3446
3362	3447
3363	3448
3364	3449
3365	3450
3366	3451
3367	3452
3368	3453
3369	3454
3370	3455
3371	3456
3372	3457
3373	3458
3374	3459
3375	3460
3376	3461
3377	3462
3378	3463
3379	3464
3380	3465
3381	3466
3382	3467
3383	3468
3384	3469
3385	3470
3386	3471
3387	3472
3388	3473
3389	3474
3390	3475
3391	3476
3392	3477
3393	3478
3394	3479
3395	3480
3396	3481
3397	3482
3398	3483
3399	3484
3400	3485
3401	3486
3402	3487
3403	3488
3404	3489
3405	3490
3406	3491
3407	3492
3408	3493
3409	3494
3410	3495
3411	3496
3412	3497
3413	3498
3414	3499
3415	3500
3416	3501
3417	3502
3418	3503
3419	3504
3420	3505
3421	3506
3422	3507
3423	3508
3424	3509
3425	3510
3426	3511
3427	3512
3428	3513
3429	3514
3430	3515
3431	3516
3432	3517
3433	3518
3434	3519
3435	3520
3436	3521
3437	3522
3438	3523
3439	3524
3440	3525
3441	3526
3442	3527
3443	3528
3444	3529
3445	3530
3446	3531
3447	3532
3448	3533
3449	3534
3450	3535
3451	3536
3452	3537
3453	3538
3454	3539
3455	3540
3456	3541
3457	3542
3458	3543
3459	3544
3460	3545
3461	3546
3462	3547
3463	3548
3464	3549
3465	3550
3466	3551
3467	3552
3468	3553
3469	3554
3470	3555
3471	3556
3472	3557
3473	3558
3474	3559
3475	3560
3476	3561
3477	3562
3478	3563
3479	3564
3480	3565
3481	3566
3482	3567
3483	3568
3484	3569
3485	3570
3486	3571
3487	3572
3488	3573
3489	3574
3490	3575
3491	3576
3492	3577
3493	3578
3494	3579
3495	3580
3496	3581
3497	3582
3498	3583
3499	3584
3500	3585
3501	3586
3502	3587
3503	3588
3504	3589
3505	3590
3506	3591
3507	3592
3508	3593
3509	3594
3510	3595
3511	3596
3512	3597
3513	3598
3514	3599
3515	3600
3516	3601
3517	3602
3518	3603
3519	3604
3520	3605
3521	3606
3522	3607
3523	3608
3524	3609
3525	3610
3526	3611
3527	3612
3528	3613
3529	3614
3530	3615
3531	3616
3532	3617
3533	3618
3534	3619
3535	3620
3536	3621
3537	3622
3538	3623
3539	3624
3540	3625
3541	3626
3542	3627
3543	3628
3544	3629
3545	3630
3546	3631
3547	3632
3548	3633
3549	3634
3550	3635
3551	3636
3552	3637
3553	3638
3554	3639
3555	3640
3556	3641
3557	3642
3558	3643
3559	3644
3560	3645
3561	3646
3562	3647
3563	3648
3564	3649
3565	3650
3566	3651
3567	3652
3568	3653
3569	3654
3570	3655
3571	3656
3572	3657
3573	3658
3574	3659
3575	3660
3576	3661
3577	3662
3578	3663
3579	3664
3580	3665
3581	3666
3582	3667
3583	3668
3584	3669
3585	3670
3586	3671
3587	3672
3588	3673
3589	3674
3590	3675
3591	3676
3592	3677
3593	3678
3594	3679
3595	3680
3596	3681
3597	3682
3598	3683
3599	3684
3600	3685
3601	3686
3602	3687
3603	3688
3604	3689
3605	3690
3606	3691
3607	3692
3608	3693
3609	3694
3610	3695
3611	3696
3612	3697
3613	3698
3614	3699
3615	3700
3616	3701
3617	3702
3618	3703
3619	3704
3620	3705
3621	3706
3622	3707
3623	3708
3624	3709
3625	3710
3626	3711
3627	3712
3628	3713
3629	3714
3630	3715
3631	3716
3632	3717
3633	3718
3634	3719
3635	3720
3636	3721
3637	3722
3638	3723
3639	3724
3640	3725
3641	3726
3642	3727
3643	3728
3644	3729
3645	3730
3646	3731
3647	3732
3648	3733
3649	3734
3650	3735
3651	3736
3652	3737
3653	3738
3654	3739
3655	3740
3656	3741
3657	3742
3658	3743
3659	3744
3660	3745
3661	3746
3662	3747
3663	3748
3664	3749
3665	3750
3666	3751
3667	3752
3668	3753
3669	3754
3670	3755
3671	3756
3672	3757
3673	3758
3674	3759
3675	3760
3676	3761
3677	3762
3678	3763
3679	3764
3680	3765
3681	3766
3682	3767
3683	3768
3684	3769
3685	3770
3686	3771
3687	3772
3688	3773
3689	3774
3690	3775
3691	3776
3692	3777
3693	3778
3694	3779
3695	3780
3696	3781
3697	3782
3698	3783
3699	3784
3700	3785
3701	3786
3702	3787
3703	3788
3704	3789
3705	3790
3706	3791
3707	3792
3708	3793
3709	3794
3710	3795
3711	3796
3712	3797
3713	3798
3714	3799
3715	3800
3716	3801
3717	3802
3718	3803
3719	3804
3720	3805
3721	3806
3722	3807
3723	3808
3724	3809
3725	3810
3726	3811
3727	3812
3728	3813
3729	3814
3730	3815
3731	3816
3732	3817
3733	3818
3734	3819
3735	3820
3736	3821
3737	3822
3738	3823
3739	3824
3740	3825
3741	3826
3742	3827
3743	3828
3744	3829
3745	3830
3746	3831
3747	3832
3748	3833
3749	3834
3750	3835
3751	3836
3752	3837
3753	3838
3754	3839
3755	3840
3756	3841
3757	3842
3758	3843
3759	3844
3760	3845
3761	3846
3762	3847
3763	3848
3764	3849
3765	3850
3766	3851
3767	3852
3768	3853
3769	3854
3770	3855
3771	3856
3772	3857
3773	3858
3774	3859
3775	3860
3776	3861
3777	3862
3778	3863
3779	3864
3780	3865
3781	3866
3782	3867
3783	3868
3784	3869
3785	3870
3786	3871
3787	3872
3788	3873
3789	3874
3790	3875
3791	3876
3792	3877
3793	3878
3794	3879
3795	3880
3796	3881
3797	3882
3798	3883
3799	3884
3800	3885
3801	3886
3802	3887
3803	3888
3804	3889
3805	3890
3806	3891
3807	3892
3808	3893
3809	3894
3810	3895
3811	3896
3812	3897
3813	3898
3814	3899
3815	3900
3816	3901
3817	3902
3818	3903
3819	3904
3820	3905
3821	3906
3822	3907
3823	3908
3824	3909
3825	3910
3826	3911
3827	3912
3828	3913
3829	3914
3830	3915
3831	3916
3832	3917
3833	3918
3834	3919
3835	3920
3836	3921
3837	3922
3838	3923
3839	3924
3840	3925
3841	3926
3842	3927
3843	3928
3844	3929
3845	3930
3846	3931
3847	3932
3848	3933
3849	3934
3850	3935
3851	3936
3852	3937
3853	3938
3854	3939
3855	3940
3856	3941
3857	3942
3858	3943
3859	3944
3860	3945
3861	3946
3862	3947
3863	3948
3864	3949
3865	3950
3866	3951
3867	3952
3868	3953
3869	3954
3870	3955
3871	3956
3872	3957
3873	3958
3874	3959
3875	3960
3876	3961
3877	3962
3878	3963
3879	3964
3880	3965
3881	3966
3882	3967
3883	3968
3884	3969
3885	3970
3886	3971
3887	3972
3888	3973
3889	3974
3890	3975
3891	3976
3892	3977
3893	3978
3894	3979
3895	3980
3896	3981
3897	3982
3898	3983
3899	3984
3900	3985
3901	3986
3902	3987
3903	3988
3904	3989
3905	3990
3906	3991
3907	3992
3908	3993
3909	3994
3910	3995
3911	3996
3912	3997
3913	3998
3914	3999
3915	4000
3916	4001
3917	4002
3918	4003
3919	4004
3920	4005
3921	4006
3922	4007
3923	4008
3924	4009
3925	4010
3926	4011
3927	4012
3928	4013
3929	4014
3930	4015
3931	4016
3932	4017
3933	4018
3934	4019
3935	4020
3936	4021
3937	4022
3938	4023
3939	4024
3940	4025
3941	4026
3942	4027
3943	4028
3944	4029
3945	4030
3946	4031
3947	4032
3948	4033
3949	4034
3950	4035
3951	4036
3952	4037
3953	4038
3954	4039
3955	4040
3956	4041
3957	4042
3958	4043
3959	4044
3960	4045
3961	4046
3962	4047
3963	4048
3964	4049
3965	4050
3966	4051
3967	4052
3968	4053
3969	4054
3970	4055
3971	4056
3972	4057
3973	4058
3974	4059
3975	4060
3976	4061
3977	4062
3978	4063
3979	4064
3980	4065
3981	4066
3982	4067
3983	4068
3984	4069
3985	4070
3986	4071
3987	4072
3988	4073
3989	4074
3990	4075
3991	4076
3992	4077
3993	4078
3994	4079
3995	4080
3996	4081
3997	4082
3998	4083
3999	4084
4000	4085
4001	4086
4002	4087
4003	4088
4004	4089
4005	4090
4006	4091
4007	4092
4008	4093
4009	4094
4010	4095
4011	4096
4012	4097
4013	4098
4014	4099
4015	4100
4016	4101
4017	4102
4018	4103
4019	4104
4020	4105
4021	4106
4022	4107
4023	4108
4024	4109
4025	4110
4026	4111
4027	4112
4028	4113
4029	4114
4030	4115
4031	4116
4032	4117
4033	4118
4034	4119
4035	4120
4036	4121
4037	4122
4038	4123
4039	4124
4040	4125
4041	4126
4042	4127
4043	4128
4044	4129
4045	4130
4046	4131
4047	4132
4048	4133
4049	4134
4050	4135
4051	4136
4052	4137
4053	4138
4054	4139
4055	4140
4056	4141
4057	4142
4058	4143
4059	4144
4060	4145
4061	4146
4062	4147
4063	4148
4064	4149
4065	4150
4066	4151
4067	4152
4068	4153
4069	4154
4070	4155
4071	4156
4072	4157
4073	4158
4074	4159
4075	4160
4076	4161
4077	4162
4078	4163
4079	4164
4080	4165
4081	4166
4082	4167
4083	4168
4084	4169
4085	4170
4086	4171
4087	4172
4088	4173
4089	4174
4090	4175
4091	4176
4092	4177
4093	4178
4094	4179
4095	4180
4096	4181
4097	4182
4098	4183
4099	4184
4100	4185
4101	4186
4102	4187
4103	4188
4104	4189
4105	4190
4106	4191
4107	4192
4108	4193
4109	4194
4110	4195
4111	4196
4112	4197
4113	4198
4114	4199
4115	4200
4116	4201
4117	4202
4118	4203
4119	4204
4120	4205
4121	4206
4122	4207
4123	4208
4124	4209
4125	4210
4126	4211
4127	4212
4128	4213
4129	4214
4130	4215
4131	4216
4132	4217
4133	4218
4134	4219
4135	4220
4136	4221
4137	4222
4138	4223
4139	4224
4140	4225
4141	4226
4142	4227
4143	4228
4144	4229
4145	4230
4146	4231
4147	4232
4148	4233
4149	4234
4150	4235
4151	4236
4152	4237
4153	4238
4154	4239
4155	4240
4156	4241
4157	4242
4158	4243
4159	4244
4160	4245
4161	4246
4162	4247
4163	4248
4164	4249
4165	4250
4166	4251
4167	4252
4168	4253
4169	4254
4170	4255
4171	4256
4172	4257
4173	4258
4174	4259
4175	4260
4176	4261
4177	4262
4178	4263
4179	4264
4180	4265
4181	4266
4182	4267
4183	4268
4184	4269
4185	4270
4186	4271
4187	4272
4188	4273
4189	4274
4190	4275
4191	4276
4192	4277
4193	4278
4194	4279
4195	4280
4196	4281
4197	4282
4198	4283
4199	4284
4200	4285
4201	4286
4202	4287
4203	4288
4204	4289
4205	4290
4206	4291
4207	4292
4208	4293
4209	4294
4210	4295
4211	4296
4212	4297
4213	4298
4214	4299
4215	4300
4216	4301
4217	4302
4218	4303
4219	4304
4220	4305
4221	4306
4222	4307
4223	4308
4224	4309
4225	4310
4226	4311
4227	4312
4228	4313
4229	4314
4230	4315
4231	4316
4232	4317
4233	4318
4234	4319
4235	4320
4236	4321
4237	4322
4238	4323
4239	4324
4240	4325
4241	4326
4242	4327
4243	4328
4244	4329
4245	4330
4246	4331
4247	4332
4248	4333
4249	4334
4250	4335
4251	4336
4252	4337
4253	4338
4254	4339
4255	4340
4256	4341
4257	4342
4258	4343
4259	4344
4260	4345
4261	4346
4262	4347
4263	4348
4264	4349
4265	4350
4266	4351
4267	4352
4268	4353
4269	4354
4270	4355
4271	4356
4272	4357
4273	4358
4274	4359
4275	4360
4276	4361
4277	4362
4278	4363
4279	4364
4280	4365
4281	4366
4282	4367
4283	4368
4284	4369
4285	4370
4286	4371
4287	4372
4288	4373
4289	4374
4290	4375
4291	4376
4292	4377
4293	4378
4294	4379
4295	4380
4296	4381
4297	4382
4298	4383
4299	4384
4300	4385
4301	4386
4302	4387
4303	4388
4304	4389
4305	4390
4306	4391
4307	4392
4308	4393
4309	4394
4310	4395
4311	4396
4312	4397
4313	4398
4314	4399
4315	4400
4316	4401
4317	4402
4318	4403
4319	4404
4320	4405
4321	4406
4322	4407
4323	4408
4324	4409
4325	4410
4326	4411
4327	4412
4328	4413
4329	4414
4330	4415
4331	4416
4332	4417
4333	4418
4334	4419
4335	4420
4336	4421
4337	4422
4338	4423
4339	4424
4340	4425
4341	4426
4342	4427
4343	4428
4344	4429
4345	4430
4346	4431
4347	4432
4348	4433
4349	4434
4350	4435
4351	4436
4352	4437
4353	4438
4354	4439
4355	4440
4356	4441
4357	4442
4358	4443
4359	4444
4360	4445
4361	4446
4362	4447
4363	4448
4364	4449
4365	4450
4366	4451
4367	4452
4368	4453
4369	4454
4370	4455
4371	4456
4372	4457
4373	4458
4374	4459
4375	4460
4376	4461
4377	4462
4378	4463
4379	4464
4380	4465
4381	4466
4382	4467
4383	4468
4384	4469
4385	4470
4386	4471
4387	4472
4388	4473
4389	4474
4390	4475
4391	4476
4392	4477
4393	4478
4394	4479
4395	4480
4396	4481
4397	4482
4398	4483
4399	4484
4400	4485
4401	4486
4402	4487
4403	4488
4404	4489
4405	4490
4406	4491
4407	4492
4408	4493
4409	4494
4410	4495
4411	4496
4412	4497
4413	4498
4414	4499
4415	4500
4416	4501
4417	4502
4418	4503
4419	4504
4420	4505
4421	4506
4422	4507
4423	4508
4424	4509
4425	4510
4426	4511
4427	4512
4428	4513
4429	4514
4430	4515
4431	4516
4432	4517
4433	4518
4434	4519
4435	4520
4436	4521
4437	4522
4438	4523
4439	4524
4440	4525
4441	4526
4442	4527
4443	4528
4444	4529
4445	4530
4446	4531
4447	4532
4448	4533
4449	4534
4450	4535
4451	4536
4452	4537
4453	4538
4454	4539
4455	4540
4456	4541
4457	4542
4458	4543
4459	4544
4460	4545
4461	4546
4462	4547
4463	4548
4464	4549
4465	4550
4466	4551
4467	4552
4468	4553
4469	4554
4470	4555
4471	4556
4472	4557
4473	4558
4474	4559
4475	4560
4476	4561
4477	4562
4478	4563
4479	4564
4480	4565
4481	4566
4482	4567
4483	4568
4484	4569
4485	4570
4486	4571
4487	4572
4488	4573
4489	4574
4490	4575
4491	4576
4492	4577
4493	4578
4494	4579
4495	4580
4496	4581
4497	4582
4498	4583
4499	4584
4500	4585
4501	4586
4502	4587
4503	4588
4504	4589
4505	4590
4506	4591
4507	4592
4508	4593
4509	4594
4510	4595
4511	4596
4512	4597
4513	4598
4514	4599
4515	4600
4516	4601
4517	4602
4518	4603
4519	4604
4520	4605
4521	4606
4522	4607
4523	4608
4524	4609
4525	4610
4526	4611
4527	4612
4528	4613
4529	4614
4530	4615
4531	4616
4532	4617
4533	4618
4534	4619
4535	4620
4536	4621
4537	4622
4538	4623
4539	4624
4540	4625
4541	4626
4542	4627
4543	4628
4544	4629
4545	4630
4546	4631
4547	4632
4548	4633
4549	4634
4550	4635
4551	4636
4552	4637
4553	4638
4554	4639
4555	4640
4556	4641
4557	4642
4558	4643
4559	4644
4560	4645
4561	4646
4562	4647
4563	4648
4564	4649
4565	4650
4566	4651
4567	4652
4568	4653
4569	4654
4570	4655
4571	4656
4572	4657
4573	4658
4574	4659
4575	4660
4576	4661
4577	4662
4578	4663
4579	4664
4580	4665
4581	4666
4582	4667
4583	4668
4584	4669
4585	4670
4586	4671
4587	4672
4588	4673
4589	4674
4590	4675
4591	4676
4592	4677
4593	4678
4594	4679
4595	4680
4596	4681
4597	4682
4598	4683
4599	4684
4600	4685
4601	4686
4602	4687
4603	4688
4604	4689
4605	4690
4606	4691
4607	4692
4608	4693
4609	4694
4610	4695
4611	4696
4612	4697
4613	4698
4614	4699
4615	4700
4616	4701
4617	4702
4618	4703
4619	4704
4620	4705
4621	4706
4622	4707
4623	4708
4624	4709
4625	4710
4626	4711
4627	4712
4628	4713
4629	4714
4630	4715
4631	4716
4632	4717
4633	4718
4634	4719
4635	4720
4636	4721
4637	4722
4638	4723
4639	4724
4640	4725
4641	4726
4642	4727
4643	4728
4644	4729
4645	4730
4646	4731
4647	4732
4648	4733
4649	4734
4650	4735
4651	4736
4652	4737
4653	4738
4654	4739
4655	4740
4656	4741
4657	4742
4658	4743
4659	4744
4660	4745
4661	4746
4662	4747
4663	4748
4664	4749
4665	4750
4666	4751
4667	4752
4668	4753
4669	4754
4670	4755
4671	4756
4672	4757
4673	4758
4674	4759
4675	4760
4676	4761
4677	4762
4678	4763
4679	4764
4680	4765
4681	4766
4682	4767
4683	4768
4684	4769
4685	4770
4686	4771
4687	4772
4688	4773
4689	4774
4690	4775
4691	4776
4692	4777
4693	4778
4694	4779
4695	4780
4696	4781
4697	4782
4698	4783
4699	4784
4700	4785
4701	4786
4702	4787
4703	4788
4704	4789
4705	4790
4706	4791
4707	4792
4708	4793
4709	4794
4710	4795
4711	4796
4712	4797
4713	4798
4714	4799
4715	4800
4716	4801
4717	4802
4718	4803
4719	4804
4720	4805
4721	4806
4722	4807
4723	4808
4724	4809
4725	4810
4726	4811
4727	4812
4728	4813
4729	4814
4730	4815
4731	4816
4732	4817
4733	4818
4734	4819
4735	4820
4736	4821
4737	4822
4738	4823
4739	4824
4740	4825
4741	4826
4742	4827
4743	4828
4744	4829
4745	4830
4746	4831
4747	4832
4748	4833
4749	4834
4750	4835
4751	4836
4752	4837
4753	4838
4754	4839
4755	4840
4756	4841
4757	4842
4758	4843
4759	4844
4760	4845
4761	4846
4762	4847
4763	4848
4764	4849
4765	4850
4766	4851
4767	4852
4768	4853
4769	4854
4770	4855
4771	4856
4772	4857
4773	4858
4774	4859
4775	4860
4776	4861
4777	4862
4778	4863
4779	4864
4780	4865
4781	4866
4782	4867
4783	4868
4784	4869
4785	4870
4786	4871
4787	4872
4788	4873
4789	4874
4790	4875
4791	4876
4792	4877
4793	4878
4794	4879
4795	4880
4796	4881
4797	4882
4798	4883
4799	4884
4800	4885
4801	4886
4802	4887
4803	4888
4804	4889
4805	4890
4806	4891
4807	4892
4808	4893
4809	4894
4810	4895
4811	4896
4812	4897
4813	4898
4814	4899
4815	4900
4816	4901
4817	4902
4818	4903
4819	4904
4820	4905
4821	4906
4822	4907
4823	4908
4824	4909
4825	4910
4826	4911
4827	4912
4828	4913
4829	4914
4830	4915
4831	4916
4832	4917
4833	4918
4834	4919
4835	4920
4836	4921
4837	4922
4838	4923
4839	4924
4840	4925
4841	4926
4842	4927
4843	4928
4844	4929
4845	4930
4846	4931
4847	4932
4848	4933
4849	4934
4850	4935
4851	4936
4852	4937
4853	4938
4854	4939
4855	4940
4856	4941
4857	4942
4858	4943
4859	4944
4860	4945
4861	4946
4862	4947
4863	4948
4864	4949
4865	4950
4866	4951
4867	4952
4868	4953
4869	4954
4870	4955
4871	4956
4872	4957
4873	4958
4874	4959
4875	4960
4876	4961
4877	4962
4878	4963
4879	4964
4880	4965
4881	4966
4882	4967
4883	4968
4884	4969
4885	4970
4886	4971
4887	4972
4888	4973
4889	4974
4890	4975
4891	4976
4892	4977
4893	4978
4894	4979
4895	4980
4896	4981
4897	4982
4898	4983
4899	4984
4900	4985
4901	4986
4902	4987
4903	4988
4904	4989
4905	4990
4906	4991
4907	4992
4908	4993
4909	4994
4910	4995
4911	4996
4912	4997
4913	4998
4914	4999
4915	5000
4916	5001
4917	5002
4918	5003
4919	5004
4920	5005
4921	5006
4922	5007
4923	5008
4924	5009
4925	5010
4926	5011
4927	5012
4928	5013
4929	5014
4930	5015
4931	5016
4932	5017
4933	5018
4934	5019
4935	5020
4936	5021
4937	5022
4938	5023
4939	5024
4940	5025
4941	5026
4942	5027
4943	5028
4944	5029
4945	5030
4946	5031
4947	5032
4948	5033
4949	5034
4950	5035
4951	5036
4952	5037
4953	5038
4954	5039
4955	5040
4956	5041
4957	5042
4958	5043
4959	5044
4960	5045
4961	5046
4962	5047
4963	5048
4964	5049
4965	5050
4966	5051
4967	5052
4968	5053
4969	5054
4970	5055
4971	5056
4972	5057
4973	5058
4974	5059
4975	5060
4976	5061
4977	5062
4978	5063
4979	5064
4980	5065
4981	5066
4982	5067
4983	5068
4984	5069
4985	5070
4986	5071
4987	5072
4988	5073
4989	5074
4990	5075
4991	5076
4992	5077
4993	5078
4994	5079
4995	5080
4996	5081
4997	5082
4998	5083
4999	5084
5000	5085
5001	5086
5002	5087
5003	5088
5004	5089
5005	5090
5006	5091
5007	5092
5008	5093
5009	5094
5010	5095
5011	5096
5012	5097
5013	5098
5014	5099
5015	5100
5016	5101
5017	5102
5018	5103
5019	5104
5020	5105
5021	5106
5022	5107
5023	5108
5024	5109
5025	5110
5026	5111
5027	5112
5028	5113
5029	5114
5030	5115
5031	5116
5032	5117
5033	5118
5034	5119
5035	5120
5036	5121
5037	5122
5038	5123
5039	5124
5040	5125
5041	5126
5042	5127
5043	5128
5044	5129
5045	5130
5046	5131
5047	5132
5048	5133
5049	5134
5050	5135
5051	5136
5052	5137
5053	5138
5054	5139
5055	5140
5056	5141
5057	5142
5058	5143
5059	5144
5060	5145
5061	5146
5062	5147
5063	5148
5064	5149
5065	5150
5066	5151
5067	5152
5068	5153
5069	5154
5070	5155
5071	5156
5072	5157
5073	5158
5074	5159
5075	5160
5076	5161
5077	5162
5078	5163
5079	5164
5080	5165
5081	5166
5082	5167
5083	5168
5084	5169
5085	5170
5086	5171
5087	5172
5088	5173
5089	5174
5090	5175
5091	5176
5092	5177
5093	5178
5094	5179
5095	5180
5096	5181
5097	5182
5098	5183
5099	5184
5100	5185
5101	5186
5102	5187
5103	5188
5104	5189
5105	5190
5106	5191
5107	5192
5108	5193
5109	5194
5110	5195
5111	5196
5112	5197
5113	5198
5114	5199
5115	5200
5116	5201
5117	5202
5118	5203
5119	5204
5120	5205
5121	5206
5122	5207
5123	5208
5124	5209
5125	5210
5126	5211
5127	5212
5128	5213
5129	5214
5130	5215
5131	5216
5132	5217
5133	5218
5134	5219
5135	5220
5136	5221
5137	5222
5138	5223
5139	5224
5140	5225
5141	5226
5142	5227
5143	5228
5144	5229
5145	5230
5146	5231
5147	5232
5148	5233
5149	5234
5150	5235
5151	5236
5152	5237
5153	5238
5154	5239
5155	5240
5156	5241
5157	5242
5158	5243
5159	5244
5160	5245
5161	5246
5162	5247
5163	5248
5164	5249
5165	5250
5166	5251
5167	5252
5168	5253
5169	5254
5170	5255
5171	5256
5172	5257
5173	5258
5174	5259
5175	5260
5176	5261
5177	5262
5178	5263
5179	5264
5180	5265
5181	5266
5182	5267
5183	5268
5184	5269
5185	5270
5186	5271
5187	5272
5188	5273
5189	5274
5190	5275
5191	5276
5192	5277
5193	5278
5194	5279
5195	5280
5196	5281
5197	5282
5198	5283
5199	5284
5200	5285
5201	5286
5202	5287
5203	5288
5204	5289
5205	5290
5206	5291
5207	5292
5208	5293
5209	5294
5210	5295
5211	5296
5212	5297
5213	5298
5214	5299
5215	5300
5216	5301
5217	5302
5218	5303
5219	5304
5220	5305
5221	5306
5222	5307
5223	5308
5224	5309
5225	5310
5226	5311
5227	5312
5228	5313
5229	5314
5230	5315
5231	5316
5232	5317
5233	5318
5234	5319
5235	5320
5236	5321
5237	5322
5238	5323
5239	5324
5240	5325
5241	5326
5242	5327
5243	5328
5244	5329
5245	5330
5246	5331
5247	5332
5248	5333
5249	5334
5250	5335
5251	5336
5252	5337
5253	5338
5254	5339
5255	5340
5256	5341
5257	5342
5258	5343
5259	5344
5260	5345
5261	5346
5262	5347
5263	5348
5264	5349
5265	5350
5266	5351
5267	5352
5268	5353
5269	5354
5270	5355
5271	5356
5272	5357
5273	5358
5274	5359
5275	5360
5276	5361
5277	5362
5278	5363
5279	5364
5280	5365
5281	5366
5282	5367
5283	5368
5284	5369
5285	5370
5286	5371
5287	5372
5288	5373
5289	5374
5290	5375
5291	5376
5292	5377
5293	5378
5294	5379
5295	5380
5296	5381
5297	5382
5298	5383
5299	5384
5300	5385
5301	5386
5302	5387
5303	5388
5304	5389
5305	5390
5306	5391
5307	5392
5308	5393
5309	5394
5310	5395
5311	5396
5312	5397
5313	5398
5314	5399
5315	5400
5316	5401
5317	5402
5318	5403
5319	5404
5320	5405
5321	5406
5322	5407
5323	5408
5324	5409
5325	5410
5326	5411
5327	5412
5328	5413
5329	5414
5330	5415
5331	5416
5332	5417
5333	5418
5334	5419
5335	5420
5336	5421
5337	5422
5338	5423
5339	5424
5340	5425
5341	5426
5342	5427
5343	5428
5344	5429
5345	5430
5346	5431
5347	5432
5348	5433
5349	5434
5350	5435
5351	5436
5352	5437
5353	5438
5354	5439
5355	5440
5356	5441
5357	5442
5358	5443
5359	5444
5360	5445
5361	5446
5362	5447
5363	5448
5364	5449
5365	5450
5366	5451
5367	5452
5368	5453
5369	5454
5370	5455
5371	5456
5372	5457
5373	5458
5374	5459
5375	5460
5376	5461
5377	5462
5378	5463
5379	5464
5380	5465
5381	5466
5382	5467
5383	5468
5384	5469
5385	5470
5386	5471
5387	5472
5388	5473
5389	5474
5390	5475
5391	5476
5392	5477
5393	5478
5394	5479
5395	5480
5396	5481
5397	5482
5398	5483
5399	5484
5400	5485
5401	5486
5402	5487
5403	5488
5404	5489
5405	5490
5406	5491
5407	5492
5408	5493
5409	5494
5410	5495
5411	5496
5412	5497
5413	5498
5414	5499
5415	5500
5416	5501
5417	5502
5418	5503
5419	5504
5420	5505
5421	5506
5422	5507
5423	5508
5424	5509
5425	5510
5426	5511
5427	5512
5428	5513
5429	5514
5430	5515
5431	5516
5432	5517
5433	5518
5434	5519
5435	5520
5436	5521
5437	5522
5438	5523
5439	5524
5440	5525
5441	5526
5442	5527
5443	5528
5444	5529
5445	5530
5446	5531
5447	5532
5448	5533
5449	5534
5450	5535
5451	5536
5452	5537
5453	5538
5454	5539
5455	5540
5456	5541
5457	5542
5458	5543
5459	5544
5460	5545
5461	5546
5462	5547
5463	5548
5464	5549
5465	5550
5466	5551
5467	5552
5468	5553
5469	5554
5470	5555
5471	5556
5472	5557
5473	5558
5474	5559
5475	5560
5476	5561
5477	5562
5478	5563
5479	5564
5480	5565
5481	5566
5482	5567
5483	5568
5484	5569
5485	5570
5486	5571
5487	5572
5488	5573
5489	5574
5490	5575
5491	5576
5492	5577
5493	5578
5494	5579
5495	5580
5496	5581
5497	5582
5498	5583
5499	5584
5500	5585
5501	5586
5502	5587
5503	5588
5504	5589
5505	5590
5506	5591
5507	5592
5508	5593
5509	5594
5510	5595
5511	5596
5512	5597
5513	5598
5514	5599
5515	5600
5516	5601
5517	5602
5518	5603
5519	5604
5520	5605
5521	5606
5522	5607
5523	5608
5524	5609
5525	5610
5526	5611
5527	5612
5528	5613
5529	5614
5530	5615
5531	5616
5532	5617
5533	5618
5534	5619
5535	5620
5536	5621
5537	5622
5538	5623
5539	5624
5540	5625
5541	5626
5542	5627
5543	5628
5544	5629
5545	5630
5546	5631
5547	5632
5548	5633
5549	5634
5550	5635
5551	5636
5552	5637
5553	5638
5554	5639
5555	5640
5556	5641
5557	5642
5558	5643
5559	5644
5560	5645
5561	5646
5562	5647
5563	5648
5564	5649
5565	5650
5566	5651
5567	5652
5568	5653
5569	5654
5570	5655
5571	5656
5572	5657
5573	5658
5574	5659
5575	5660
5576	5661
5577	5662
5578	5663
5579	5664
5580	5665
5581	5666
5582	5667
5583	5668
5584	5669
5585	5670
5586	5671
5587	5672
5588	5673
5589	5674
5590	5675
5591	5676
5592	5677
5593	5678
5594	5679
5595	5680
5596	5681
5597	5682
5598	5683
5599	5684
5600	5685
5601	5686
5602	5687
5603	5688
5604	5689
5605	5690
5606	5691
5607	5692
5608	5693
5609	5694
5610	5695
5611	5696
5612	5697
5613	5698
5614	5699
5615	5700
5616	5701
5617	5702
5618	5703
5619	5704
5620	5705
5621	5706
5622	5707
5623	5708
5624	5709
5625	5710
5626	5711
5627	5712
5628	5713
5629	5714
5630	5715
5631	5716
5632	5717
5633	5718
5634	5719
5635	5720
5636	5721
5637	5722
5638	5723
5639	5724
5640	5725
5641	5726
5642	5727
5643	5728
5644	5729
5645	5730
5646	5731
5647	5732
5648	5733
5649	5734
5650	5735
5651	5736
5652	5737
5653	5738
5654	5739
5655	5740
5656	5741
5657	5742
5658	5743
5659	5744
5660	5745
5661	5746
5662	5747
5663	5748
5664	5749
5665	5750
5666	5751
5667	5752
5668	5753
5669	5754
5670	5755
5671	5756
5672	5757
5673	5758
5674	5759
5675	5760
5676	5761
5677	5762
5678	5763
5679	5764
5680	5765
5681	5766
5682	5767
5683	5768
5684	5769
5685	5770
5686	5771
5687	5772
5688	5773
5689	5774
5690	5775
5691	5776
5692	5777
5693	5778
5694	5779
5695	5780
5696	5781
5697	5782
5698	5783
5699	5784
5700	5785
5701	5786
5702	5787
5703	5788
5704	5789
5705	5790
5706	5791
5707	5792
5708	5793
5709	5794
5710	5795
5711	5796
5712	5797
5713	5798
5714	5799
5715	5800
5716	5801
5717	5802
5718	5803
5719	5804
5720	5805
5721	5806
5722	5807
5723	5808
5724	5809
5725	5810
5726	5811
5727	5812
5728	5813
5729	5814
5730	5815
5731	5816
5732	5817
5733	5818
5734	5819
5735	5820
5736	5821
5737	5822
5738	5823
5739	5824
5740	5825
5741	5826
5742	5827
5743	5828
5744	5829
5745	5830
5746	5831
5747	5832
5748	5833
5749	5834
5750	5835
5751	5836
5752	5837
5753	5838
5754	5839
5755	5840
5756	5841
5757	5842
5758	5843
5759	5844
5760	5845
5761	5846
5762	5847
5763	5848
5764	5849
5765	5850
5766	5851
5767	5852
5768	5853
5769	5854
5770	5855
5771	5856
5772	5857
5773	5858
5774	5859
5775	5860
5776	5861
5777	5862
5778	5863
5779	5864
5780	5865
5781	5866
5782	5867
5783	5868
5784	5869
5785	5870
5786	5871
5787	5872
5788	5873
5789	5874
5790	5875
5791	5876
5792	5877
5793	5878
5794	5879
5795	5880
5796	5881
5797	5882
5798	5883
5799	5884
5800	5885
5801	5886
5802	5887
5803	5888
5804	5889
5805	5890
5806	5891
5807	5892
5808	5893
5809	5894
5810	5895
5811	5896
5812	5897
5813	5898
5814	5899
5815	5900
5816	5901
5817	5902
5818	5903
5819	5904
5820	5905
5821	5906
5822	5907
5823	5908
5824	5909
5825	5910
5826	5911
5827	5912
5828	5913
5829	5914
5830	5915
5831	5916
5832	5917
5833	5918
5834	5919
5835	5920
5836	5921
5837	5922
5838	5923
5839	5924
5840	5925
5841	5926
5842	5927
5843	5928
5844	5929
5845	5930
5846	5931
5847	5932
5848	5933
5849	5934
5850	5935
5851	5936
5852	5937
5853	5938
5854	5939
5855	5940
5856	5941
5857	5942
5858	5943
5859	5944
5860	5945
5861	5946
5862	5947
5863	5948
5864	5949
5865	5950
5866	5951
5867	5952
5868	5953
5869	5954
5870	5955
5871	5956
5872	5957
5873	5958
5874	5959
5875	5960
5876	5961
5877	5962
5878	5963
5879	5964
5880	5965
5881	5966
5882	5967
5883	5968
5884	5969
5885	5970
5886	5971
5887	5972
5888	5973
5889	5974
5890	5975
5891	5976
5892	5977
5893	5978
5894	5979
5895	5980
5896	5981
5897	5982
5898	5983
5899	5984
5900	5985
5901	5986
5902	5987
5903	5988
5904	5989
5905	5990
5906	5991
5907	5992
5908	5993
5909	5994
5910	5995
5911	5996
5912	5997
5913	5998
5914	5999
5915	6000
5916	6001
5917	6002
5918	6003
5919	6004
5920	6005
5921	6006
5922	6007
5923	6008
5924	6009
5925	6010
5926	6011
5927	6012
5928	6013
5929	6014
5930	6015
5931	6016
5932	6017
5933	6018
5934	6019
5935	6020
5936	6021
5937	6022
5938	6023
5939	6024
5940	6025
5941	6026
5942	6027
5943	6028
5944	6029
5945	6030
5946	6031
5947	6032
5948	6033
5949	6034
5950	6035
5951	6036
5952	6037
5953	6038
5954	6039
5955	6040
5956	6041
5957	6042
5958	6043
5959	6044
5960	6045
5961	6046
5962	6047
5963	6048
5964	6049
5965	6050
5966	6051
5967	6052
5968	6053
5969	6054
5970	6055
5971	6056
5972	6057
5973	6058
5974	6059
5975	6060
5976	6061
5977	6062
5978	6063
5979	6064
5980	6065
5981	6066
5982	6067
5983	6068
5984	6069
5985	6070
5986	6071
5987	6072
5988	6073
5989	6074
5990	6075
5991	6076
5992	6077
5993	6078
5994	6079
5995	6080
5996	6081
5997	6082
5998	6083
5999	6084
6000	6085
6001	6086
6002	6087
6003	6088
6004	6089
6005	6090
6006	6091
6007	6092
6008	6093
6009	6094
6010	6095
6011	6096
6012	6097
6013	6098
6014	6099
6015	6100
6016	6101
6017	6102
6018	6103
6019	6104
6020	6105
6021	6106
6022	6107
6023	6108
6024	6109
6025	6110
6026	6111
6027	6112
6028	6113
6029	6114
6030	6115
6031	6116
6032	6117
6033	6118
6034	6119
6035	6120
6036	6121
6037	6122
6038	6123
6039	6124
6040	6125
6041	6126
6042	6127
6043	6128
6044	6129
6045	6130
6046	6131
6047	6132
6048	6133
6049	6134
6050	6135
6051	6136
6052	6137
6053	6138
6054	6139
6055	6140
6056	6141
6057	6142
6058	6143
6059	6144
6060	6145
6061	6146
6062	6147
6063	6148
6064	6149
6065	6150
6066	6151
6067	6152
6068	6153
6069	6154
6070	6155
6071	6156
6072	6157
6073	6158
6074	6159
6075	6160
6076	6161
6077	6162
6078	6163
6079	6164
6080	6165
6081	6166
6082	6167
6083	6168
6084	6169
6085	6170
6086	6171
6087	6172
6088	6173
6089	6174
6090	6175
6091	6176
6092	6177
6093	6178
6094	6179
6095	6180
6096	6181
6097	6182
6098	6183
6099	6184
6100	6185
6101	6186
6102	6187
6103	6188
6104	6189
6105	6190
6106	6191
6107	6192
6108	6193
6109	6194
6110	6195
6111	6196
6112	6197
6113	6198
6114	6199
6115	6200
6116	6201
6117	6202
6118	6203
6119	6204
6120	6205
6121	6206
6122	6207
6123	6208
6124	6209
6125	6210
6126	6211
6127	6212
6128	6213
6129	6214
6130	6215
6131	6216
6132	6217
6133	6218
6134	6219
6135	6220
6136	6221
6137	6222
6138	6223
6139	6224
6140	6225
6141	6226
6142	6227
6143	6228
6144	6229
6145	6230
6146	6231
6147	6232
6148	6233
6149	6234
6150	6235
6151	6236
6152	6237
6153	6238
6154	6239
6155	6240
6156	6241
6157	6242
6158	6243
6159	6244
6160	6245
6161	6246
6162	6247
6163	6248
6164	6249
6165	6250
6166	6251
6167	6252
6168	6253
6169	6254
6170	6255
6171	6256
6172	6257
6173	6258
6174	6259
6175	6260
6176	6261
6177	6262
6178	6263
6179	6264
6180	6265
6181	6266
6182	6267
6183	6268
6184	6269
6185	6270
6186	6271
6187	6272
6188	6273
6189	6274
6190	6275
6191	6276
6192	6277
6193	6278
6194	6279
6195	6280
6196	6281
6197	6282
6198	6283
6199	6284
6200	6285
6201	6286
6202	6287
6203	6288
6204	6289
6205	6290
6206	6291
6207	6292
6208	6293
6209	6294
6210	6295
6211	6296
6212	6297
6213	6298
6214	6299
6215	6300
6216	6301
6217	6302
6218	6303
6219	6304
6220	6305
6221	6306
6222	6307
6223	6308
6224	6309
6225	6310
6226	6311
6227	6312
6228	6313
6229	6314
6230	6315
6231	6316
6232	6317
6233	6318
6234	6319
6235	6320
6236	6321
6237	6322
6238	6323
6239	6324
6240	6325
6241	6326
6242	6327
6243	6328
6244	6329
6245	6330
6246	6331
6247	6332
6248	6333
6249	6334
6250	6335
6251	6336
6252	6337
6253	6338
6254	6339
6255	6340
6256	6341
6257	6342
6258	6343
6259	6344
6260	6345
6261	6346
6262	6347
6263	6348
6264	6349
6265	6350
6266	6351
6267	6352
6268	6353
6269	6354
6270	6355
6271	6356
6272	6357
6273	6358
6274	6359
6275	6360
6276	6361
6277	6362
6278	6363
6279	6364
6280	6365
6281	6366
6282	6367
6283	6368
6284	6369
6285	6370
6286	6371
6287	6372
6288	6373
6289	6374
6290	6375
6291	6376
6292	6377
6293	6378
6294	6379
6295	6380
6296	6381
6297	6382
6298	6383
6299	6384
6300	6385
6301	6386
6302	6387
6303	6388
6304	6389
6305	6390
6306	6391
6307	6392
6308	6393
6309	6394
6310	6395
6311	6396
6312	6397
6313	6398
6314	6399
6315	6400
6316	6401
6317	6402
6318	6403
6319	6404
6320	6405
6321	6406
6322	6407
6323	6408
6324	6409
6325	6410
6326	6411
6327	6412
6328	6413
6329	6414
6330	6415
6331	6416
6332	6417
6333	6418
6334	6419
6335	6420
6336	6421
6337	6422
6338	6423
6339	6424
6340	6425
6341	6426
6342	6427
6343	6428
6344	6429
6345	6430
6346	6431
6347	6432
6348	6433
6349	6434
6350	6435
6351	6436
6352	6437
6353	6438
6354	6439
6355	6440
6356	6441
6357	6442
6358	6443
6359	6444
6360	6445
6361	6446
6362	6447
6363	6448
6364	6449
6365	6450
6366	6451
6367	6452
6368	6453
6369	6454
6370	6455
6371	6456
6372	6457
6373	6458
6374	6459
6375	6460
6376	6461
6377	6462
6378	6463
6379	6464
6380	6465
6381	6466
6382	6467
6383	6468
6384	6469
6385	6470
6386	6471
6387	6472
6388	6473
6389	6474
6390	6475
6391	6476
6392	6477
6393	6478
6394	6479
6395	6480
6396	6481
6397	6482
6398	6483
6399	6484
6400	6485
6401	6486
6402	6487
6403	6488
6404	6489
6405	6490
6406	6491
6407	6492
6408	6493
6409	6494
6410	6495
6411	6496
6412	6497
6413	6498
6414	6499
6415	6500
6416	6501
6417	6502
6418	6503
6419	6504
6420	6505
6421	6506
6422	6507
6423	6508
6424	6509
6425	6510
6426	6511
6427	6512
6428	6513
6429	6514
6430	6515
6431	6516
6432	6517
6433	6518
6434	6519
6435	6520
6436	6521
6437	6522
6438	6523
6439	6524
6440	6525
6441	6526
6442	6527
6443	6528
6444	6529
6445	6530
6446	6531
6447	6532
6448	6533
6449	6534
6450	6535
6451	6536
6452	6537
6453	6538
6454	6539
6455	6540
6456	6541
6457	6542
6458	6543
6459	6544
6460	6545
6461	6546
6462	6547
6463	6548
6464	6549
6465	6550
6466	6551
6467	6552
6468	6553
6469	6554
6470	6555
6471	6556
6472	6557
6473	6558
6474	6559
6475	6560
6476	6561
6477	6562
6478	6563
6479	6564
6480	6565
6481	6566
6482	6567
6483	6568
6484	6569
6485	6570
6486	6571
6487	6572
6488	6573
6489	6574
6490	6575
6491	6576
6492	6577
6493	6578
6494	6579
6495	6580
6496	6581
6497	6582
6498	6583
6499	6584
6500	6585
6501	6586
6502	6587
6503	6588
6504	6589
6505	6590
6506	6591
6507	6592
6508	6593
6509	6594
6510	6595
6511	6596
6512	6597
6513	6598
6514	6599
6515	6600
6516	6601
6517	6602
6518	6603
6519	6604
6520	6605
6521	6606
6522	6607
6523	6608
6524	6609
6525	6610
6526	6611
6527	6612
6528	6613
6529	6614
6530	6615
6531	6616
6532	6617
6533	6618
6534	6619
6535	6620
6536	6621
6537	6622
6538	6623
6539	6624
6540	6625
6541	6626
6542	6627
6543	6628
6544	6629
6545	6630
6546	6631
6547	6632
6548	6633
6549	6634
6550	6635
6551	6636
6552	6637
6553	6638
6554	6639
6555	6640
6556	6641
6557	6642
6558	6643
6559	6644
6560	6645
6561	6646
6562	6647
6563	6648
6564	6649
6565	6650
6566	6651
6567	6652
6568	6653
6569	6654
6570	6655
6571	6656
6572	6657
6573	6658
6574	6659
6575	6660
6576	6661
6577	6662
6578	6663
6579	6664
6580	6665
6581	6666
6582	6667
6583	6668
6584	6669
6585	6670
6586	6671
6587	6672
6588	6673
6589	6674
6590	6675
6591	6676
6592	6677
6593	6678
6594	6679
6595	6680
6596	6681
6597	6682
6598	6683
6599	6684
6600	6685
6601	6686
6602	6687
6603	6688
6604	6689
6605	6690
6606	6691
6607	6692
6608	6693
6609	6694
6610	6695
6611	6696
6612	6697
6613	6698
6614	6699
6615	6700
6616	6701
6617	6702
6618	6703
6619	6704
6620	6705
6621	6706
6622	6707
6623	6708
6624	6709
6625	6710
6626	6711
6627	6712
6628	6713
6629	6714
6630	6715
6631	6716
6632	6717
6633	6718
6634	6719
6635	6720
6636	6721
6637	6722
6638	6723
6639	6724
6640	6725
6641	6726
6642	6727
6643	6728
6644	6729
6645	6730
6646	6731
6647	6732
6648	6733
6649	6734
6650	6735
6651	6736
6652	6737
6653	6738
6654	6739
6655	6740
6656	6741
6657	6742
6658	6743
6659	6744
6660	6745
6661	6746
6662	6747
6663	6748
6664	6749
6665	6750
6666	6751
6667	6752
6668	6753
6669	6754
6670	6755
6671	6756
6672	6757
6673	6758
6674	6759
6675	6760
6676	6761
6677	6762
6678	6763
6679	6764
6680	6765
6681	6766
6682	6767
6683	6768
6684	6769
6685	6770
6686	6771
6687	6772
6688	6773
6689	6774
6690	6775
6691	6776
6692	6777
6693	6778
6694	6779
6695	6780
6696	6781
6697	6782
6698	6783
6699	6784
6700	6785
6701	6786
6702	6787
6703	6788
6704	6789
6705	6790
6706	6791
6707	6792
6708	6793
6709	6794
6710	6795
6711	6796
6712	6797
6713	6798
6714	6799
6715	6800
6716	6801
6717	6802
6718	6803
6719	6804
6720	6805
6721	6806
6722	6807
6723	6808
6724	6809
6725	6810
6726	6811
6727	6812
6728	6813
6729	6814
6730	6815
6731	6816
6732	6817
6733	6818
6734	6819
6735	6820
6736	6821
6737	6822
6738	6823
6739	6824
6740	6825
6741	6826
6742	6827
6743	6828
6744	6829
6745	6830
6746	6831
6747	6832
6748	6833
6749	6834
6750	6835
6751	6836
6752	6837
6753	6838
6754	6839
6755	6840
6756	6841
6757	6842
6758	6843
6759	6844
6760	6845
6761	6846
6762	6847
6763	6848
6764	6849
6765	6850
6766	6851
6767	6852
6768	6853
6769	6854
6770	6855
6771	6856
6772	6857
6773	6858
6774	6859
6775	6860
6776	6861
6777	6862
6778	6863
6779	6864
6780	6865
6781	6866
6782	6867
6783	6868
6784	6869
6785	6870
6786	6871
6787	6872
6788	6873
6789	6874
6790	6875
6791	6876
6792	6877
6793	6878
6794	6879
6795	6880
6796	6881
6797	6882
6798	6883
6799	6884
6800	6885
6801	6886
6802	6887
6803	6888
6804	6889
6805	6890
6806	6891
6807	6892
6808	6893
6809	6894
6810	6895
6811	6896
6812	6897
6813	6898
6814	6899
6815	6900
6816	6901
6817	6902
6818	6903
6819	6904
6820	6905
6821	6906
6822	6907
6823	6908
6824	6909
6825	6910
6826	6911
6827	6912
6828	6913
6829	6914
6830	6915
6831	6916
6832	6917
6833	6918
6834	6919
6835	6920
6836	6921
6837	6922
6838	6923
6839	6924
6840	6925
6841	6926
6842	6927
6843	6928
6844	6929
6845	6930
6846	6931
6847	6932
6848	6933
6849	6934
6850	6935
6851	6936
6852	6937
6853	6938
6854	6939
6855	6940
6856	6941
6857	6942
6858	6943
6859	6944
6860	6945
6861	6946
6862	6947
6863	6948
6864	6949
6865	6950
6866	6951
6867	6952
6868	6953
6869	6954
6870	6955
6871	6956
6872	6957
6873	6958
6874	6959
6875	6960
6876	6961
6877	6962
6878	6963
6879	6964
6880	6965
6881	6966
6882	6967
6883	6968
6884	6969
6885	6970
6886	6971
6887	6972
6888	6973
6889	6974
6890	6975
6891	6976
6892	6977
6893	6978
6894	6979
6895	6980
6896	6981
6897	6982
6898	6983
6899	6984
6900	6985
6901	6986
6902	6987
6903	6988
6904	6989
6905	6990
6906	6991
6907	6992
6908	6993
6909	6994
6910	6995
6911	6996
6912	6997
6913	6998
6914	6999
6915	7000
6916	7001
6917	7002
6918	7003
6919	7004
6920	7005
6921	7006
6922	7007
6923	7008
6924	7009
6925	7010
6926	7011
6927	7012
6928	7013
6929	7014
6930	7015
6931	7016
6932	7017
6933	7018
6934	7019
6935	7020
6936	7021
6937	7022
6938	7023
6939	7024
6940	7025
6941	7026
6942	7027
6943	7028
6944	7029
6945	7030
6946	7031
6947	7032
6948	7033
6949	7034
6950	7035
6951	7036
6952	7037
6953	7038
6954	7039
6955	7040
6956	7041
6957	7042
6958	7043
6959	7044
6960	7045
6961	7046
6962	7047
6963	7048
6964	7049
6965	7050
6966	7051
6967	7052
6968	7053
6969	7054
6970	7055
6971	7056
6972	7057
6973	7058
6974	7059
6975	7060
6976	7061
6977	7062
6978	7063
6979	7064
6980	7065
6981	7066
6982	7067
6983	7068
6984	7069
6985	7070
6986	7071
6987	7072
6988	7073
6989	7074
6990	7075
6991	7076
6992	7077
6993	7078
6994	7079
6995	7080
6996	7081
6997	7082
6998	7083
6999	7084
7000	7085
7001	7086
7002	7087
7003	7088
7004	7089
7005	7090
7006	7091
7007	7092
7008	7093
7009	7094
7010	7095
7011	7096
